/*--------------------------------*- C++ -*----------------------------------*\
  =========                 |
  \\      /  F ield         | OpenFOAM: The Open Source CFD Toolbox
   \\    /   O peration     | Website:  https://openfoam.org
    \\  /    A nd           | Version:  14
     \\/     M anipulation  |
\*---------------------------------------------------------------------------*/
FoamFile
{
    format      ascii;
    class       volScalarField;
    location    "3500";
    object      p;
}
// * * * * * * * * * * * * * * * * * * * * * * * * * * * * * * * * * * * * * //

dimensions      [0 2 -2 0 0 0 0];

internalField   nonuniform List<scalar> 
5388
(
-0.00031498854
-0.00031473404
-0.00031439289
-0.00031400668
-0.00031354983
-0.00031300251
-0.00031234758
-0.00031156505
-0.00031063087
-0.00030951659
-0.00030818897
-0.00030660923
-0.00030473247
-0.00030250707
-0.00029987428
-0.00029676798
-0.00029311497
-0.00028883571
-0.00028384604
-0.00027805993
-0.00027139364
-0.00026377149
-0.00025513312
-0.0002454421
-0.00023469496
-0.00022292957
-0.00021023122
-0.00019673483
-0.00018262191
-0.00016811216
-0.00015344825
-0.00013888601
-0.00012465037
-0.00011100006
-9.7979818e-05
-8.6092238e-05
-7.4431185e-05
-6.5418442e-05
-5.3956727e-05
-0.00031490657
-0.00031465177
-0.00031431034
-0.00031392368
-0.00031346627
-0.00031291826
-0.00031226248
-0.0003114789
-0.00031054341
-0.00030942751
-0.00030809788
-0.00030651565
-0.00030463585
-0.00030240674
-0.00029976947
-0.00029665785
-0.00029299863
-0.00028871227
-0.00028371468
-0.00027792002
-0.00027124483
-0.00026361382
-0.00025496712
-0.00024526884
-0.00023451606
-0.0002227472
-0.00021004796
-0.00019655355
-0.00018244555
-0.00016794351
-0.00015328981
-0.00013873978
-0.00012451788
-0.00011088127
-9.7876761e-05
-8.6002308e-05
-7.4351669e-05
-6.5381721e-05
-5.3815809e-05
-0.00031477889
-0.00031452284
-0.00031417987
-0.0003137912
-0.00031333138
-0.00031278051
-0.00031212133
-0.0003113337
-0.0003103934
-0.00030927182
-0.00030793548
-0.00030634539
-0.0003044564
-0.00030221667
-0.00029956721
-0.00029644178
-0.00029276711
-0.00028846377
-0.00028344792
-0.00027763409
-0.00027093938
-0.00026328927
-0.00025462481
-0.00024491116
-0.00023414655
-0.00022237041
-0.00020966934
-0.00019617907
-0.00018208134
-0.00016759536
-0.00015296289
-0.00013843836
-0.00012424488
-0.00011063714
-9.7664473e-05
-8.5819199e-05
-7.4186563e-05
-6.5311408e-05
-5.352586e-05
-0.00031457805
-0.00031431979
-0.00031397412
-0.00031358198
-0.00031311803
-0.00031256228
-0.00031189733
-0.0003111029
-0.0003101546
-0.00030902365
-0.00030767638
-0.00030607361
-0.00030416998
-0.00030191348
-0.00029924496
-0.00029609808
-0.00029239956
-0.00028807012
-0.00028302621
-0.00027718296
-0.00027045835
-0.000262779
-0.00025408742
-0.00024435044
-0.00023356799
-0.00022178113
-0.00020907779
-0.00019559454
-0.00018151334
-0.00016705286
-0.00015245385
-0.00013796953
-0.00012382046
-0.00011025833
-9.7334652e-05
-8.5536477e-05
-7.3929622e-05
-6.5204142e-05
-5.3075782e-05
-0.00031428533
-0.000314024
-0.00031367456
-0.00031327755
-0.00031280782
-0.00031224524
-0.0003115722
-0.00031076822
-0.00030980868
-0.00030866455
-0.00030730188
-0.00030568123
-0.00030375697
-0.00030147683
-0.00029878149
-0.00029560452
-0.00029187269
-0.00028750696
-0.00028242431
-0.00027654069
-0.00026977528
-0.0002620563
-0.00025332823
-0.00024356011
-0.00023275423
-0.00022095385
-0.0002082487
-0.00019477646
-0.00018071937
-0.0001662953
-0.00015174361
-0.00013731609
-0.00012322912
-0.00010973115
-9.6875347e-05
-8.5143571e-05
-7.3572669e-05
-6.505067e-05
-5.2459669e-05
-0.00031386426
-0.00031359898
-0.0003132447
-0.00031284144
-0.00031236428
-0.00031179292
-0.0003111095
-0.00031029326
-0.0003093193
-0.00030815826
-0.00030677588
-0.00030513233
-0.00030318168
-0.00030087136
-0.00029814181
-0.0002949265
-0.00029115227
-0.00028674045
-0.00028160868
-0.000275674
-0.00026885718
-0.00026108853
-0.00025231504
-0.00024250865
-0.0002316746
-0.00021985898
-0.00020715378
-0.00019369807
-0.00017967439
-0.00016529948
-0.00015081091
-0.00013645897
-0.00012245371
-0.00010904048
-9.627334e-05
-8.4628516e-05
-7.3106916e-05
-6.4839089e-05
-5.1674591e-05
-0.0003132693
-0.00031299924
-0.00031263912
-0.00031222828
-0.0003117421
-0.00031116009
-0.00031046407
-0.00030963297
-0.00030864151
-0.00030745997
-0.00030605366
-0.00030438236
-0.00030239972
-0.00030005282
-0.00029728184
-0.00029402015
-0.00029019474
-0.00028572736
-0.00028053656
-0.00027454075
-0.00026766269
-0.00025983523
-0.00025100853
-0.00024115802
-0.0002302926
-0.00021846175
-0.0002057602
-0.00019232864
-0.00017834991
-0.00016403915
-0.00014963177
-0.00013537683
-0.00012147512
-0.00010816943
-9.5513926e-05
-8.3977835e-05
-7.2522645e-05
-6.4554816e-05
-5.0719388e-05
-0.00031243872
-0.00031216311
-0.00031179624
-0.00031137658
-0.00031087991
-0.0003102855
-0.00030957483
-0.00030872644
-0.00030771464
-0.00030650926
-0.00030507516
-0.00030337163
-0.00030135187
-0.00029896256
-0.00029614361
-0.00029282829
-0.00028894378
-0.00028441242
-0.00027915383
-0.00027308812
-0.00026614042
-0.0002582467
-0.00024936082
-0.00023946242
-0.00022856469
-0.00021672111
-0.00020402956
-0.00019063257
-0.00017671324
-0.00016248432
-0.00014817882
-0.00013404567
-0.00012027193
-0.00010709899
-9.4580435e-05
-8.3176119e-05
-7.1808697e-05
-6.4180211e-05
-4.9593901e-05
-0.00031129431
-0.00031101249
-0.00031063809
-0.00031020852
-0.00030970005
-0.00030909172
-0.00030836459
-0.00030749678
-0.00030646215
-0.00030523003
-0.00030376477
-0.00030202513
-0.00029996382
-0.00029752709
-0.00029465457
-0.00029127948
-0.00028732925
-0.00028272696
-0.00027739352
-0.00027125108
-0.00026422755
-0.00025626253
-0.00024731422
-0.00023736708
-0.00022643927
-0.00021458881
-0.00020191712
-0.00018856872
-0.00017472686
-0.00016060079
-0.00014642137
-0.00013243972
-0.00011882023
-0.0001058076
-9.3453855e-05
-8.2205713e-05
-7.0952035e-05
-6.369455e-05
-4.8299097e-05
-0.00030973795
-0.0003094494
-0.00030906691
-0.00030862656
-0.00030810525
-0.00030748177
-0.00030673675
-0.00030584783
-0.0003047884
-0.00030352727
-0.00030202821
-0.00030024945
-0.00029814318
-0.00029565521
-0.00029272493
-0.00028928554
-0.00028526486
-0.00028058683
-0.00027517394
-0.00026895068
-0.00026184819
-0.00025381022
-0.00024479989
-0.00023480712
-0.00022385564
-0.0002120085
-0.000199371
-0.00018608972
-0.00017234796
-0.00015835001
-0.00014432641
-0.00013053176
-0.00011709042
-0.00010427012
-9.2112425e-05
-8.1046395e-05
-6.9937237e-05
-6.3074414e-05
-4.6843056e-05
-0.00030764927
-0.00030735367
-0.00030696277
-0.00030651107
-0.00030597622
-0.00030533681
-0.00030457296
-0.00030366186
-0.00030257638
-0.00030128478
-0.00029975029
-0.00029793058
-0.00029577732
-0.00029323593
-0.00029024559
-0.00028673957
-0.00028264621
-0.00027789055
-0.00027239687
-0.00026609234
-0.00025891182
-0.00025080366
-0.0002417365
-0.00023170631
-0.00022074289
-0.00020891478
-0.00019633134
-0.00018314115
-0.00016952735
-0.0001556865
-0.00014185257
-0.00012827521
-0.00011504009
-0.00010245641
-9.0531125e-05
-7.967497e-05
-6.8745619e-05
-6.2293261e-05
-4.5250326e-05
-0.00030488381
-0.00030458106
-0.00030418176
-0.00030371853
-0.00030316993
-0.00030251432
-0.00030173138
-0.00030079779
-0.00029968592
-0.00029836352
-0.00029679326
-0.00029493227
-0.00029273177
-0.00029013685
-0.00028708654
-0.00028351435
-0.00027934929
-0.0002745177
-0.00026894599
-0.00026256439
-0.00025531184
-0.00024714185
-0.00023802905
-0.00022797597
-0.00021701894
-0.0002052323
-0.00019272953
-0.00017966106
-0.00016620895
-0.00015255026
-0.00013891843
-0.00012554748
-0.0001126429
-0.00010033681
-8.8681346e-05
-7.8064758e-05
-6.7353971e-05
-6.1315716e-05
-4.3498241e-05
-0.00030127029
-0.00030096035
-0.00030055237
-0.00030007789
-0.00029951594
-0.00029884459
-0.00029804309
-0.00029708768
-0.00029595027
-0.00029459809
-0.00029299334
-0.00029109269
-0.00028884696
-0.00028620103
-0.00028309396
-0.00027945962
-0.00027522793
-0.00027032681
-0.00026468508
-0.0002582364
-0.00025092421
-0.00024270761
-0.00023356771
-0.00022351401
-0.00021258974
-0.00020087525
-0.00018848836
-0.00017558209
-0.00016233853
-0.00014888792
-0.00013541551
-0.00012247366
-0.00011008102
-9.7899364e-05
-8.653143e-05
-7.6185183e-05
-6.5734775e-05
-6.010311e-05
-4.1561353e-05
-0.00029661127
-0.00029629441
-0.00029587741
-0.00029539254
-0.00029481837
-0.00029413259
-0.00029331409
-0.00029233872
-0.000291178
-0.00028979874
-0.00028816273
-0.00028622629
-0.00028394001
-0.00028124868
-0.00027809158
-0.00027440319
-0.0002701146
-0.00026515562
-0.00025945787
-0.0002529588
-0.0002456068
-0.00023736693
-0.00022822714
-0.00021820421
-0.00020734849
-0.00019574659
-0.00018352132
-0.00017083141
-0.00015787435
-0.00014477402
-0.00013165864
-0.0001190001
-0.00010690975
-9.5111863e-05
-8.4046388e-05
-7.4001072e-05
-6.3856461e-05
-5.8618201e-05
-3.9454821e-05
-0.00029067314
-0.00029035043
-0.00028992579
-0.00028943211
-0.00028884764
-0.0002881497
-0.00028731692
-0.00028632487
-0.00028514474
-0.00028374309
-0.00028208142
-0.0002801159
-0.00027779706
-0.00027506987
-0.00027187407
-0.00026814508
-0.00026381545
-0.00025881723
-0.00025308516
-0.00024656087
-0.000239198
-0.00023096789
-0.00022186556
-0.0002119151
-0.00020117378
-0.0001897338
-0.00017772113
-0.00016529235
-0.00015263151
-0.00013990768
-0.00012734586
-0.00011496419
-0.00010302593
-9.1809873e-05
-8.1169692e-05
-7.1471892e-05
-6.1682502e-05
-5.6819383e-05
-3.7175356e-05
-0.00028320587
-0.00028287891
-0.00028244874
-0.0002819487
-0.0002813568
-0.00028065017
-0.00027980723
-0.0002788034
-0.00027760971
-0.00027619257
-0.00027451346
-0.00027252856
-0.00027018861
-0.00026743902
-0.00026422034
-0.00026046923
-0.00025612015
-0.00025110781
-0.00024537055
-0.00023885462
-0.00023151931
-0.0002233425
-0.00021432633
-0.00020450209
-0.00019393352
-0.00018271769
-0.00017098265
-0.00015888214
-0.00014658799
-0.00013426561
-0.00012207194
-0.00011020297
-9.8820082e-05
-8.8054752e-05
-7.7865852e-05
-6.8555503e-05
-5.9171559e-05
-5.4660595e-05
-3.4705933e-05
-0.00027390896
-0.0002735799
-0.00027314703
-0.00027264393
-0.00027204854
-0.0002713379
-0.00027049043
-0.00026948153
-0.0002682823
-0.00026685927
-0.00026517413
-0.00026318343
-0.00026083851
-0.00025808564
-0.00025486661
-0.00025111983
-0.0002467821
-0.00024179121
-0.00023608941
-0.00022962781
-0.0002223715
-0.00021430497
-0.00020543745
-0.00019580718
-0.00018548397
-0.00017456904
-0.00016319182
-0.00015150371
-0.00013966944
-0.00012785051
-0.00011619497
-0.0001048828
-9.4045387e-05
-8.3776938e-05
-7.4084915e-05
-6.5204698e-05
-5.6277229e-05
-5.2092492e-05
-3.2023331e-05
-0.0002625076
-0.00026217937
-0.00026174764
-0.00026124595
-0.00026065233
-0.00025994394
-0.00025909936
-0.00025809421
-0.00025689987
-0.00025548323
-0.0002538065
-0.00025182692
-0.00024949676
-0.00024676355
-0.00024357073
-0.00023985894
-0.00023556786
-0.00023063899
-0.00022501923
-0.00021866523
-0.00021154839
-0.00020366003
-0.00019501624
-0.00018566158
-0.00017567084
-0.00016514814
-0.00015422281
-0.00014304256
-0.00013176437
-0.00012054201
-0.00010951614
-9.8832108e-05
-8.860158e-05
-7.8908637e-05
-6.9770646e-05
-6.1368052e-05
-5.2948838e-05
-4.906296e-05
-2.9096214e-05
-0.00024860164
-0.00024827769
-0.00024785166
-0.00024735668
-0.00024677112
-0.00024607255
-0.00024523996
-0.00024424944
-0.00024307303
-0.00024167842
-0.00024002883
-0.00023808279
-0.00023579417
-0.00023311247
-0.00022998363
-0.00022635123
-0.00022215852
-0.00021735111
-0.00021188058
-0.00020570888
-0.00019881323
-0.00019119122
-0.00018286525
-0.00017388561
-0.0001643313
-0.00015430813
-0.00014394378
-0.00013338034
-0.00012276513
-0.00011224018
-0.00010193365
-9.1964891e-05
-8.2426282e-05
-7.3386929e-05
-6.4864469e-05
-5.6991808e-05
-4.9133424e-05
-4.5519371e-05
-2.5887566e-05
-0.00023200733
-0.00023169227
-0.000231278
-0.00023079672
-0.00023022746
-0.00022954844
-0.00022873929
-0.0002277769
-0.0002266342
-0.00022528002
-0.00022367887
-0.00022179089
-0.00021957182
-0.00021697348
-0.00021394456
-0.00021043203
-0.00020638328
-0.00020174897
-0.00019648669
-0.00019056526
-0.00018396922
-0.00017670325
-0.00016879585
-0.00016030163
-0.00015130149
-0.00014190016
-0.00013222082
-0.00012239726
-0.00011256474
-0.00010285055
-9.3366633e-05
-8.4209946e-05
-7.5453184e-05
-6.7147753e-05
-5.9307208e-05
-5.2022041e-05
-4.4778606e-05
-4.1412753e-05
-2.2367381e-05
-0.00021205796
-0.00021175644
-0.00021136003
-0.00021089965
-0.0002103553
-0.00020970625
-0.0002089332
-0.00020801427
-0.00020692393
-0.00020563286
-0.00020410781
-0.00020231161
-0.00020020322
-0.00019773823
-0.00019486971
-0.00019154952
-0.00018773034
-0.00018336824
-0.00017842614
-0.00017287775
-0.00016671215
-0.00015993816
-0.00015258806
-0.00014471937
-0.00013641418
-0.00012777548
-0.00011892079
-0.0001099739
-0.00010105596
-9.2277134e-05
-8.3730547e-05
-7.5491218e-05
-6.761195e-05
-6.0126378e-05
-5.3040144e-05
-4.6405927e-05
-3.9832378e-05
-3.6683949e-05
-1.8475311e-05
-0.00018911985
-0.00018883865
-0.00018846904
-0.00018803975
-0.00018753214
-0.00018692692
-0.00018620606
-0.00018534917
-0.00018433244
-0.00018312854
-0.0001817065
-0.00018003169
-0.00017806599
-0.00017576827
-0.00017309535
-0.00017000345
-0.00016645046
-0.00016239879
-0.00015781892
-0.00015269341
-0.00014702063
-0.00014081806
-0.00013412423
-0.00012699916
-0.00011952278
-0.00011179116
-0.00010391041
-9.5989051e-05
-8.8129826e-05
-8.0422423e-05
-7.2938606e-05
-6.5731165e-05
-5.8832997e-05
-5.2260488e-05
-4.6008515e-05
-4.0096711e-05
-3.4244e-05
-3.1213591e-05
-1.3917797e-05
-0.00016147397
-0.00016121838
-0.00016088251
-0.0001604927
-0.00016003211
-0.00015948341
-0.00015883053
-0.00015805537
-0.00015713692
-0.0001560512
-0.00015477127
-0.00015326728
-0.0001515067
-0.00014945487
-0.0001470759
-0.00014433389
-0.00014119476
-0.00013762847
-0.00013361176
-0.00012913138
-0.00012418755
-0.00011879731
-0.00011299703
-0.00010684316
-0.00010041042
-9.3787201e-05
-8.706854e-05
-8.0348014e-05
-7.3709874e-05
-6.7222923e-05
-6.0937174e-05
-5.4883895e-05
-4.9077145e-05
-4.3517657e-05
-3.8189401e-05
-3.3088137e-05
-2.8015818e-05
-2.492234e-05
-8.4243365e-06
-0.00013175311
-0.00013153139
-0.00013124021
-0.00013090215
-0.00013050261
-0.00013002653
-0.00012945993
-0.00012878703
-0.00012798948
-0.00012704633
-0.00012593403
-0.00012462647
-0.00012309523
-0.00012131012
-0.0001192401
-0.0001168547
-0.00011412591
-0.00011103075
-0.00010755421
-0.00010369239
-9.9455321e-05
-9.486892e-05
-8.9975552e-05
-8.4832817e-05
-7.9510429e-05
-7.4085265e-05
-6.8635021e-05
-6.3231338e-05
-5.7933579e-05
-5.278453e-05
-4.7808889e-05
-4.3014847e-05
-3.8397659e-05
-3.3944293e-05
-2.9632112e-05
-2.5454734e-05
-2.1287233e-05
-1.8279136e-05
-4.558361e-06
-9.5109387e-05
-9.493165e-05
-9.4698274e-05
-9.4427467e-05
-9.4107629e-05
-9.3726816e-05
-9.3274005e-05
-9.2736832e-05
-9.2100996e-05
-9.1350276e-05
-9.0466584e-05
-8.9430086e-05
-8.8219488e-05
-8.6812563e-05
-8.5186971e-05
-8.3321443e-05
-8.1197351e-05
-7.8800662e-05
-7.6124211e-05
-7.3170072e-05
-6.9951729e-05
-6.649554e-05
-6.2840921e-05
-5.9038763e-05
-5.5147837e-05
-5.122947e-05
-4.7341218e-05
-4.353068e-05
-3.9830691e-05
-3.6256921e-05
-3.280845e-05
-2.9471287e-05
-2.6224091e-05
-2.3043879e-05
-1.990858e-05
-1.6836875e-05
-1.3777023e-05
-1.1532972e-05
-6.4349475e-06
-5.3131338e-05
-5.3004454e-05
-5.2837859e-05
-5.2644833e-05
-5.2417237e-05
-5.2146761e-05
-5.1825866e-05
-5.1446203e-05
-5.0998237e-05
-5.0471333e-05
-4.9853885e-05
-4.9133517e-05
-4.8297426e-05
-4.7332914e-05
-4.6228127e-05
-4.4973038e-05
-4.3560633e-05
-4.1988254e-05
-4.0258972e-05
-3.8382811e-05
-3.6377622e-05
-3.4269318e-05
-3.209121e-05
-2.9882105e-05
-2.768299e-05
-2.553242e-05
-2.3461225e-05
-2.1487666e-05
-1.9614289e-05
-1.7827483e-05
-1.6100046e-05
-1.4396557e-05
-1.2681058e-05
-1.0922071e-05
-9.0941257e-06
-7.2485852e-06
-5.3521578e-06
-3.8563269e-06
-1.3626416e-06
-1.0097726e-05
-1.002946e-05
-9.9399454e-06
-9.8363406e-06
-9.7144138e-06
-9.5698584e-06
-9.3988427e-06
-9.1971985e-06
-8.9602603e-06
-8.6829647e-06
-8.3599952e-06
-7.9859893e-06
-7.5558569e-06
-7.0652399e-06
-6.5111412e-06
-5.8927384e-06
-5.2123724e-06
-4.47665e-06
-3.6975175e-06
-2.8930433e-06
-2.0875423e-06
-1.3106328e-06
-5.9494225e-07
2.7527783e-08
5.2997998e-07
8.9562495e-07
1.1218269e-06
1.2226962e-06
1.2293675e-06
1.1875452e-06
1.1524397e-06
1.1814257e-06
1.324127e-06
1.6218011e-06
2.1142223e-06
2.6922849e-06
3.3943536e-06
4.0183157e-06
5.1995743e-06
3.6322604e-05
3.6327005e-05
3.6332526e-05
3.6338433e-05
3.6344674e-05
3.6351075e-05
3.6357225e-05
3.6362448e-05
3.6365697e-05
3.6365401e-05
3.6359255e-05
3.6343953e-05
3.6314855e-05
3.6265576e-05
3.6187537e-05
3.6069481e-05
3.5897062e-05
3.5652576e-05
3.5315007e-05
3.4860512e-05
3.4263522e-05
3.3498562e-05
3.2542916e-05
3.1380116e-05
3.0004073e-05
2.8423237e-05
2.6663853e-05
2.4771163e-05
2.2807711e-05
2.0848558e-05
1.8974015e-05
1.7260204e-05
1.5765522e-05
1.4544041e-05
1.3675304e-05
1.2909312e-05
1.2353562e-05
1.1960209e-05
1.1899992e-05
8.3864181e-05
8.3799356e-05
8.3713854e-05
8.3614065e-05
8.3495342e-05
8.3352761e-05
8.3181485e-05
8.2975831e-05
8.2728913e-05
8.2432456e-05
8.207657e-05
8.1649467e-05
8.1137161e-05
8.0523155e-05
7.9788169e-05
7.890993e-05
7.7863138e-05
7.6619703e-05
7.5149434e-05
7.3421384e-05
7.1406057e-05
6.9078602e-05
6.6422913e-05
6.3436255e-05
6.0133707e-05
5.6551548e-05
5.2748616e-05
4.8804894e-05
4.4816918e-05
4.0890369e-05
3.7130874e-05
3.3631914e-05
3.0454838e-05
2.7684401e-05
2.5427809e-05
2.3203831e-05
2.13868e-05
1.9919867e-05
1.8673678e-05
0.00013247074
0.00013233397
0.00013215385
0.00013194413
0.00013169535
0.00013139762
0.00013104144
0.00013061581
0.00013010766
0.00012950156
0.00012877946
0.00012792044
0.00012690034
0.00012569164
0.00012426333
0.00012258114
0.00012060804
0.0001183053
0.00011563415
0.00011255834
0.00010904742
0.00010508098
0.00010065338
9.5778577e-05
9.0494419e-05
8.4865195e-05
7.8981566e-05
7.2956993e-05
6.6920578e-05
6.1007397e-05
5.534789e-05
5.0050854e-05
4.5171311e-05
4.094202e-05
3.7046867e-05
3.3454741e-05
3.0498318e-05
2.7821768e-05
2.5418236e-05
0.00018086738
0.00018065691
0.00018037991
0.00018005765
0.00017967582
0.00017921945
0.00017867432
0.0001780241
0.00017724946
0.00017632782
0.00017523304
0.00017393511
0.0001723999
0.00017058911
0.00016846036
0.00016596783
0.00016306318
0.00015969737
0.00015582318
0.00015139879
0.00014639227
0.00014078703
0.00013458751
0.00012782466
0.00012055991
0.00011288668
0.00010492826
9.6831739e-05
8.8757903e-05
8.0868951e-05
7.3314425e-05
6.6203897e-05
5.9526075e-05
5.3804979e-05
4.8494926e-05
4.369531e-05
3.9443522e-05
3.5500698e-05
3.1988045e-05
0.00022827489
0.0002279911
0.0002276177
0.00022718348
0.00022666924
0.00022605499
0.0002253218
0.00022444803
0.00022340811
0.00022217232
0.00022070642
0.00021897135
0.00021692302
0.00021451233
0.00021168562
0.00020838554
0.00020455267
0.00020012803
0.00019505656
0.00018929179
0.00018280151
0.00017557413
0.00016762527
0.00015900335
0.00014979337
0.00014011722
0.00013012978
0.00012001031
0.00010994965
0.00010013362
9.0719232e-05
8.1812265e-05
7.3637708e-05
6.6232369e-05
5.9455663e-05
5.3364462e-05
4.7835182e-05
4.2813336e-05
3.8257396e-05
0.00027361946
0.00027326438
0.00027279725
0.00027225419
0.00027161126
0.00027084361
0.00026992773
0.00026883684
0.00026753937
0.00026599871
0.00026417285
0.00026201403
0.0002594686
0.00025647722
0.00025297544
0.00024889506
0.00024416618
0.00023872049
0.0002324956
0.00022544074
0.00021752355
0.00020873745
0.000199109
0.00018870382
0.00017762992
0.00016603692
0.00015411032
0.00014206061
0.00013010827
0.00011846599
0.00010732023
9.6834342e-05
8.7229645e-05
7.8083042e-05
6.9728021e-05
6.2434758e-05
5.576826e-05
4.9675465e-05
4.4123219e-05
0.00031595629
0.00031553388
0.00031497825
0.00031433239
0.00031356795
0.00031265543
0.00031156704
0.00031027115
0.00030873053
0.00030690207
0.00030473641
0.00030217763
0.00029916309
0.00029562379
0.00029148521
0.00028666895
0.00028109541
0.00027468768
0.00026737676
0.00025910825
0.00024985009
0.00023960094
0.00022839806
0.0002163235
0.00020350694
0.00019012384
0.00017638785
0.00016253778
0.00014882014
0.00013546958
0.00012269003
0.00011064965
9.9505262e-05
8.9131918e-05
7.9544603e-05
7.0922218e-05
6.309249e-05
5.5971857e-05
4.9488619e-05
0.00035430801
0.00035382403
0.0003531874
0.00035244747
0.00035157184
0.00035052678
0.00034928059
0.0003477972
0.00034603421
0.00034394262
0.00034146639
0.00033854214
0.00033509912
0.00033105957
0.00032633985
0.00032085241
0.00031450892
0.00030722477
0.0002989251
0.00028955236
0.00027907493
0.00026749637
0.00025486385
0.00024127449
0.00022687777
0.00021187254
0.00019649782
0.00018101758
0.00016570118
0.00015080202
0.00013653753
0.00012307762
0.00011054919
9.894231e-05
8.8241787e-05
7.8507249e-05
6.964144e-05
6.1588931e-05
5.4263958e-05
0.00038780531
0.00038726631
0.00038655549
0.0003857327
0.00038475947
0.0003835979
0.00038221293
0.00038056464
0.00037860612
0.00037628314
0.00037353381
0.00037028822
0.00036646845
0.00036198909
0.00035675852
0.00035068118
0.00034366114
0.00033560717
0.00032643943
0.00031609781
0.00030455135
0.00029180813
0.00027792424
0.00026301011
0.00024723253
0.00023081073
0.00021400561
0.0001971028
0.00018039116
0.00016414002
0.00014857844
0.00013388146
0.00012016651
0.00010745814
9.5751021e-05
8.5053991e-05
7.529243e-05
6.6428e-05
5.8369916e-05
0.00041563362
0.00041504689
0.00041426872
0.0004133764
0.00041232196
0.00041106311
0.00040956218
0.00040777615
0.00040565434
0.00040313817
0.00040016089
0.00039664717
0.00039251316
0.00038766709
0.00038201074
0.00037544193
0.00036785847
0.00035916362
0.00034927345
0.00033812571
0.00032569
0.00031197819
0.00029705381
0.00028103843
0.00026411331
0.0002465146
0.00022852133
0.00021043693
0.00019256625
0.00017519158
0.00015855137
0.00014282578
0.00012813077
0.00011450534
0.00010194861
9.0448145e-05
7.9942954e-05
7.040454e-05
6.1738586e-05
0.0004371583
0.00043653518
0.00043570526
0.00043476023
0.00043364409
0.0004323109
0.00043072071
0.00042882783
0.00042657849
0.00042391101
0.00042075519
0.00041703156
0.00041265166
0.00040751879
0.00040152966
0.00039457701
0.00038655389
0.00037735948
0.00036690683
0.00035513228
0.00034200605
0.00032754314
0.00031181289
0.00029494549
0.00027713327
0.00025862529
0.00023971439
0.00022071755
0.00020195174
0.00018370909
0.0001662351
0.00014971395
0.00013426252
0.00011992749
0.0001067098
9.4587294e-05
8.3507572e-05
7.3449022e-05
6.4314362e-05
0.00045174185
0.00045109425
0.00045022943
0.00044924973
0.00044809342
0.00044671213
0.00044506438
0.00044310221
0.00044076881
0.00043800033
0.00043472517
0.00043086136
0.0004263171
0.00042099232
0.00041478023
0.0004075701
0.00039925162
0.00038972105
0.00037888923
0.00036669133
0.00035309788
0.00033812589
0.00032184866
0.00030440232
0.00028598687
0.0002668603
0.00024732495
0.00022770705
0.00020833184
0.0001894981
0.00017145607
0.00015439274
0.00013842616
0.00012360696
0.00010993728
9.7390815e-05
8.5919969e-05
7.5507664e-05
6.6054244e-05
0.00045928522
0.00045886462
0.00045817074
0.00045731828
0.00045624893
0.00045489743
0.00045316863
0.00045094815
0.00044823581
0.0004451786
0.0004417882
0.0004378674
0.00043324553
0.00042782253
0.00042149597
0.00041415422
0.00040568492
0.00039598278
0.00038495756
0.00037254398
0.00035871275
0.00034348198
0.00032692703
0.00030918698
0.00029046571
0.00027102566
0.00025117392
0.00023124137
0.00021155741
0.00019242413
0.0001740942
0.00015675605
0.00014052843
0.00012546363
0.00011156446
9.8803178e-05
8.7134356e-05
7.6543148e-05
6.6928314e-05
-4.863699e-05
-4.0068147e-05
-3.6117111e-05
-3.0954932e-05
-2.7498546e-05
-2.4133672e-05
-2.1381319e-05
-1.8928627e-05
-1.6793199e-05
-1.4916441e-05
-1.3232883e-05
-1.1793266e-05
-1.0389269e-05
-9.3819858e-06
-8.0284404e-06
-4.8695301e-05
-4.002655e-05
-3.6136423e-05
-3.0980711e-05
-2.7525786e-05
-2.4165295e-05
-2.1409481e-05
-1.8954519e-05
-1.6814827e-05
-1.4933796e-05
-1.324564e-05
-1.1801903e-05
-1.0392699e-05
-9.385209e-06
-8.0170945e-06
-4.881811e-05
-3.9911518e-05
-3.6142763e-05
-3.0980878e-05
-2.7532351e-05
-2.417819e-05
-2.1419877e-05
-1.8964182e-05
-1.6821319e-05
-1.4937135e-05
-1.3245446e-05
-1.1798835e-05
-1.038437e-05
-9.3816768e-06
-7.9881425e-06
-4.8996077e-05
-3.9707503e-05
-3.6124619e-05
-3.094493e-05
-2.7510165e-05
-2.4165336e-05
-2.1407087e-05
-1.895324e-05
-1.6809364e-05
-1.4924043e-05
-1.3230618e-05
-1.1783173e-05
-1.036375e-05
-9.3717483e-06
-7.9412879e-06
-4.9222295e-05
-3.9411903e-05
-3.6078097e-05
-3.0871936e-05
-2.7458337e-05
-2.41265e-05
-2.1371161e-05
-1.8921862e-05
-1.6779198e-05
-1.4894758e-05
-1.3201318e-05
-1.1755024e-05
-1.033085e-05
-9.3551795e-06
-7.8764497e-06
-4.9486712e-05
-3.9025104e-05
-3.5998429e-05
-3.0760148e-05
-2.7374656e-05
-2.4059989e-05
-2.131064e-05
-1.8868733e-05
-1.6729668e-05
-1.4848241e-05
-1.3156611e-05
-1.1713507e-05
-1.0284987e-05
-9.3309193e-06
-7.7935996e-06
-4.9773557e-05
-3.8549249e-05
-3.5879317e-05
-3.0606819e-05
-2.725585e-05
-2.3963178e-05
-2.1223236e-05
-1.879182e-05
-1.6659015e-05
-1.478296e-05
-1.309518e-05
-1.1657427e-05
-1.0225339e-05
-9.2976533e-06
-7.6930361e-06
-5.0058776e-05
-3.7982426e-05
-3.5713629e-05
-3.0409012e-05
-2.7098345e-05
-2.3833283e-05
-2.110655e-05
-1.8689015e-05
-1.6565434e-05
-1.469735e-05
-1.3015702e-05
-1.1585571e-05
-1.0151142e-05
-9.2539323e-06
-7.5754488e-06
-5.0312207e-05
-3.7301141e-05
-3.5493484e-05
-3.0164119e-05
-2.6898308e-05
-2.3667356e-05
-2.0958084e-05
-1.8558138e-05
-1.6447061e-05
-1.4589803e-05
-1.2916831e-05
-1.1496688e-05
-1.0061652e-05
-9.1981571e-06
-7.4418888e-06
-5.0527568e-05
-3.6533269e-05
-3.5210298e-05
-2.9870727e-05
-2.6651795e-05
-2.3462163e-05
-2.0775157e-05
-1.8396859e-05
-1.6301916e-05
-1.4458617e-05
-1.2797147e-05
-1.1389454e-05
-9.9561086e-06
-9.1285859e-06
-7.2937233e-06
-5.0725617e-05
-3.5724633e-05
-3.4816163e-05
-2.9527781e-05
-2.6355307e-05
-2.3214188e-05
-2.0554861e-05
-1.8202684e-05
-1.6127883e-05
-1.4301983e-05
-1.2655151e-05
-1.126248e-05
-9.8337153e-06
-9.0433658e-06
-7.132579e-06
-5.0800616e-05
-3.4834188e-05
-3.4310159e-05
-2.9118858e-05
-2.600375e-05
-2.2919645e-05
-2.0294076e-05
-1.7972963e-05
-1.5922732e-05
-1.4118006e-05
-1.2489276e-05
-1.111432e-05
-9.6936397e-06
-8.9405804e-06
-6.9602652e-06
-5.061875e-05
-3.3826656e-05
-3.3743511e-05
-2.864063e-05
-2.5592179e-05
-2.2574589e-05
-1.9989538e-05
-1.7704946e-05
-1.568416e-05
-1.3904743e-05
-1.2297922e-05
-1.094351e-05
-9.5350224e-06
-8.8183131e-06
-6.7786827e-06
-5.0179429e-05
-3.2757349e-05
-3.3091892e-05
-2.8095267e-05
-2.5116454e-05
-2.2174981e-05
-1.9637958e-05
-1.7395885e-05
-1.5409893e-05
-1.3660287e-05
-1.2079523e-05
-1.0748628e-05
-9.3570089e-06
-8.6747288e-06
-6.5897202e-06
-4.9462671e-05
-3.1645544e-05
-3.2314769e-05
-2.747573e-05
-2.4571766e-05
-2.1716764e-05
-1.9236164e-05
-1.7043196e-05
-1.5097818e-05
-1.3382886e-05
-1.1832648e-05
-1.0528373e-05
-9.1588047e-06
-8.508174e-06
-6.3951491e-06
-4.8401783e-05
-3.0470553e-05
-3.1397634e-05
-2.6775236e-05
-2.3953384e-05
-2.1196176e-05
-1.8781361e-05
-1.6644687e-05
-1.4746188e-05
-1.3071109e-05
-1.1556129e-05
-1.0281687e-05
-8.9397524e-06
-8.3172909e-06
-6.1965227e-06
-4.6931217e-05
-2.9238332e-05
-3.0330302e-05
-2.5987904e-05
-2.3257533e-05
-2.0610194e-05
-1.8271455e-05
-1.6198832e-05
-1.4353848e-05
-1.2724037e-05
-1.1249223e-05
-1.0007874e-05
-8.6994259e-06
-8.1011375e-06
-5.9950911e-06
-4.4984058e-05
-2.7955663e-05
-2.9103402e-05
-2.5107844e-05
-2.2481408e-05
-1.9956656e-05
-1.7705236e-05
-1.5704973e-05
-1.3920423e-05
-1.2341429e-05
-1.0911747e-05
-9.7067337e-06
-8.4377257e-06
-7.8593007e-06
-5.7917375e-06
-4.2493265e-05
-2.6620024e-05
-2.770675e-05
-2.4126876e-05
-2.1622194e-05
-1.9233827e-05
-1.7082202e-05
-1.5163295e-05
-1.3446363e-05
-1.1923785e-05
-1.0544157e-05
-9.3786332e-06
-8.1549489e-06
-7.5919812e-06
-5.5869407e-06
-3.9434445e-05
-2.5243958e-05
-2.6144429e-05
-2.3041159e-05
-2.0681273e-05
-1.8442985e-05
-1.6404064e-05
-1.4575703e-05
-1.2933456e-05
-1.1472663e-05
-1.0147732e-05
-9.0246378e-06
-7.8518793e-06
-7.3000502e-06
-5.3808003e-06
-3.58574e-05
-2.3932304e-05
-2.4496216e-05
-2.1885883e-05
-1.9684452e-05
-1.7600347e-05
-1.5681629e-05
-1.3949857e-05
-1.2387241e-05
-1.0992125e-05
-9.7254469e-06
-8.6470253e-06
-7.5300909e-06
-6.9851558e-06
-5.1732271e-06
-3.1451052e-05
-2.2694324e-05
-2.284514e-05
-2.0694247e-05
-1.8656578e-05
-1.6722875e-05
-1.4927281e-05
-1.3295448e-05
-1.1815299e-05
-1.0488046e-05
-9.2817301e-06
-8.2493102e-06
-7.1919874e-06
-6.6498304e-06
-4.9639947e-06
-2.4642283e-05
-2.0409884e-05
-2.0587126e-05
-1.9079389e-05
-1.7372416e-05
-1.5684711e-05
-1.4073006e-05
-1.2576877e-05
-1.1199389e-05
-9.9515242e-06
-8.8126708e-06
-7.830739e-06
-6.8376358e-06
-6.2966755e-06
-4.7508386e-06
-1.4322653e-05
-1.525765e-05
-1.6566355e-05
-1.6305251e-05
-1.5394126e-05
-1.4234113e-05
-1.2972428e-05
-1.1706656e-05
-1.0485719e-05
-9.3492488e-06
-8.2982818e-06
-7.3799707e-06
-6.4608165e-06
-5.9258597e-06
-4.5273321e-06
-7.4504752e-06
-6.1087752e-06
-5.5007278e-06
-4.5864004e-06
-3.9159154e-06
-3.2454107e-06
-2.6627101e-06
-2.1506339e-06
-1.6750145e-06
-1.3190013e-06
-9.0602964e-07
-7.6319648e-07
-2.4837199e-07
-6.1394498e-07
7.8903364e-07
-7.456982e-06
-6.1009842e-06
-5.4976313e-06
-4.5844572e-06
-3.914104e-06
-3.2443605e-06
-2.6619114e-06
-2.1500798e-06
-1.6746745e-06
-1.3187063e-06
-9.0595462e-07
-7.6294901e-07
-2.4863716e-07
-6.1463844e-07
7.8310838e-07
-7.4691727e-06
-6.0840808e-06
-5.4911648e-06
-4.5801115e-06
-3.9102252e-06
-3.2420465e-06
-2.6601616e-06
-2.1488639e-06
-1.673906e-06
-1.3180675e-06
-9.0574933e-07
-7.6243939e-07
-2.4912863e-07
-6.1599865e-07
7.7326799e-07
-7.4873465e-06
-6.0574388e-06
-5.4810341e-06
-4.5731093e-06
-3.9041092e-06
-3.2383395e-06
-2.657371e-06
-2.1469234e-06
-1.6726652e-06
-1.3170567e-06
-9.0539434e-07
-7.6165436e-07
-2.498407e-07
-6.1792301e-07
7.6052732e-07
-7.5110524e-06
-6.0208365e-06
-5.4668334e-06
-4.5632653e-06
-3.8955891e-06
-3.2331232e-06
-2.6534591e-06
-2.1442002e-06
-1.6709142e-06
-1.3156451e-06
-9.0487797e-07
-7.6057003e-07
-2.5078602e-07
-6.202424e-07
7.4491921e-07
-7.5392271e-06
-5.9742946e-06
-5.4480835e-06
-4.5504043e-06
-3.8844909e-06
-3.2262735e-06
-2.6483407e-06
-2.1406317e-06
-1.6686122e-06
-1.3138017e-06
-9.0418689e-07
-7.5916009e-07
-2.5197441e-07
-6.2273582e-07
7.2794093e-07
-7.5702796e-06
-5.9180755e-06
-5.4242473e-06
-4.5343559e-06
-3.8706364e-06
-3.2176586e-06
-2.6419266e-06
-2.1361514e-06
-1.6657151e-06
-1.311494e-06
-9.0330592e-07
-7.573969e-07
-2.5341306e-07
-6.2518419e-07
7.1089705e-07
-7.6020644e-06
-5.852692e-06
-5.3947409e-06
-4.5149528e-06
-3.8538468e-06
-3.2071403e-06
-2.6341247e-06
-2.1306898e-06
-1.6621771e-06
-1.3086882e-06
-9.0221876e-07
-7.5525086e-07
-2.5511181e-07
-6.2730925e-07
6.9211672e-07
-7.6318511e-06
-5.7788905e-06
-5.3589492e-06
-4.4920226e-06
-3.8339436e-06
-3.1945724e-06
-2.6248395e-06
-2.1241742e-06
-1.6579496e-06
-1.3053492e-06
-9.0090796e-07
-7.526903e-07
-2.5707372e-07
-6.2803839e-07
6.700313e-07
-7.6563274e-06
-5.6976119e-06
-5.3162468e-06
-4.4653751e-06
-3.8107491e-06
-3.1797996e-06
-2.6139714e-06
-2.1165274e-06
-1.6529814e-06
-1.3014402e-06
-8.9935469e-07
-7.4968297e-07
-2.5931996e-07
-6.2466745e-07
6.4505891e-07
-7.6716395e-06
-5.6099319e-06
-5.2660235e-06
-4.4347871e-06
-3.7840859e-06
-3.1626546e-06
-2.6014148e-06
-2.1076674e-06
-1.6472175e-06
-1.2969226e-06
-8.9753836e-07
-7.4620303e-07
-2.6195407e-07
-6.1523265e-07
6.1892526e-07
-7.673477e-06
-5.5169807e-06
-5.2077132e-06
-4.3999862e-06
-3.753776e-06
-3.1429559e-06
-2.5870565e-06
-2.0975062e-06
-1.6405985e-06
-1.2917555e-06
-8.9543599e-07
-7.4223771e-07
-2.650378e-07
-6.0086979e-07
5.9611891e-07
-7.6572126e-06
-5.4198454e-06
-5.1408232e-06
-4.3606355e-06
-3.7196374e-06
-3.1205056e-06
-2.5707733e-06
-2.085948e-06
-1.6330596e-06
-1.2858952e-06
-8.9302156e-07
-7.3777561e-07
-2.6789363e-07
-5.8448776e-07
5.779488e-07
-7.6180975e-06
-5.319461e-06
-5.0649629e-06
-4.3163208e-06
-3.6814806e-06
-3.0950867e-06
-2.552429e-06
-2.0728878e-06
-1.6245288e-06
-1.2792941e-06
-8.9026753e-07
-7.3282921e-07
-2.6933201e-07
-5.6778406e-07
5.5961749e-07
-7.5515135e-06
-5.2164999e-06
-4.9798664e-06
-4.2665439e-06
-3.6391034e-06
-3.0664619e-06
-2.5318721e-06
-2.0582094e-06
-1.6149258e-06
-1.2719001e-06
-8.8715413e-07
-7.274417e-07
-2.6956887e-07
-5.5074945e-07
5.3804691e-07
-7.4532674e-06
-5.1112737e-06
-4.8854087e-06
-4.2107245e-06
-3.5922848e-06
-3.0343734e-06
-2.5089325e-06
-2.0417834e-06
-1.6041603e-06
-1.2636554e-06
-8.8366668e-07
-7.2163948e-07
-2.7008749e-07
-5.3324358e-07
5.132512e-07
-7.3199083e-06
-5.0036616e-06
-4.7816097e-06
-4.1482129e-06
-3.5407802e-06
-2.9985445e-06
-2.4834199e-06
-2.0234658e-06
-1.5921296e-06
-1.254495e-06
-8.7978332e-07
-7.1541766e-07
-2.7158889e-07
-5.151904e-07
4.8543801e-07
-7.1490335e-06
-4.8930802e-06
-4.668627e-06
-4.0783147e-06
-3.4843176e-06
-2.9586827e-06
-2.4551225e-06
-2.003096e-06
-1.5787179e-06
-1.2443455e-06
-8.7547139e-07
-7.0876157e-07
-2.7398502e-07
-4.9656611e-07
4.5464645e-07
-6.9395441e-06
-4.7785069e-06
-4.5467356e-06
-4.0003276e-06
-3.4225986e-06
-2.9144873e-06
-2.4238091e-06
-1.9804969e-06
-1.5637945e-06
-1.2331243e-06
-8.7068563e-07
-7.0165251e-07
-2.7727111e-07
-4.77409e-07
4.2089634e-07
-6.6917885e-06
-4.6585684e-06
-4.416298e-06
-3.9135873e-06
-3.3553047e-06
-2.8656591e-06
-2.3892329e-06
-1.9554765e-06
-1.5472146e-06
-1.2207389e-06
-8.6536629e-07
-6.9406909e-07
-2.8157387e-07
-4.5788498e-07
3.8422296e-07
-6.407551e-06
-4.5316992e-06
-4.2777263e-06
-3.817505e-06
-3.2821042e-06
-2.8119059e-06
-2.3511324e-06
-1.9278236e-06
-1.5288156e-06
-1.2070825e-06
-8.5943301e-07
-6.8595388e-07
-2.8651989e-07
-4.3808452e-07
3.44671e-07
-6.0901657e-06
-4.3962755e-06
-4.1314595e-06
-3.7115779e-06
-3.2026334e-06
-2.7529292e-06
-2.3092134e-06
-1.8972868e-06
-1.5083968e-06
-1.1920183e-06
-8.5276835e-07
-6.7709194e-07
-2.9122547e-07
-4.1698044e-07
3.0265381e-07
-5.7457795e-06
-4.2502588e-06
-3.9780506e-06
-3.5954966e-06
-3.1165114e-06
-2.6884661e-06
-2.2631812e-06
-1.8635969e-06
-1.485727e-06
-1.175404e-06
-8.4522355e-07
-6.6740965e-07
-2.9446559e-07
-3.9352613e-07
2.5934156e-07
-5.3834764e-06
-4.0905783e-06
-3.8183717e-06
-3.4697662e-06
-3.0237978e-06
-2.6187067e-06
-2.213122e-06
-1.8268011e-06
-1.4608068e-06
-1.1573166e-06
-8.3677906e-07
-6.566362e-07
-2.9705786e-07
-3.6822728e-07
2.1618641e-07
-1.0458419e-05
-5.3088056e-06
-1.6562724e-06
6.1023961e-07
1.834171e-06
2.5437782e-06
2.9177593e-06
3.0198061e-06
3.2195967e-06
-1.6191234e-06
6.4091928e-07
2.1863648e-06
3.1411965e-06
3.5245394e-06
3.6693358e-06
3.6683892e-06
3.5458037e-06
3.6899744e-06
4.8324614e-06
5.6406991e-06
5.8050685e-06
5.6745003e-06
5.2503449e-06
4.8070011e-06
4.4147189e-06
4.057728e-06
4.1546287e-06
1.0907971e-05
1.0418704e-05
9.3626033e-06
8.1886109e-06
6.9570418e-06
5.9275629e-06
5.1476364e-06
4.5633885e-06
4.6195228e-06
1.6907862e-05
1.5152683e-05
1.2889276e-05
1.0668964e-05
8.6281063e-06
7.020001e-06
5.8594087e-06
5.0613252e-06
5.0755566e-06
2.2750532e-05
1.9775825e-05
1.6332936e-05
1.3080573e-05
1.0243349e-05
8.0723357e-06
6.5437821e-06
5.5525151e-06
5.5073579e-06
2.8354536e-05
2.4214648e-05
1.9638904e-05
1.5388399e-05
1.1782688e-05
9.0728475e-06
7.1955058e-06
6.0290045e-06
5.8892851e-06
3.3651944e-05
2.8409419e-05
2.2759699e-05
1.7560706e-05
1.3227227e-05
1.0010715e-05
7.8083454e-06
6.4704372e-06
6.2361767e-06
3.8575035e-05
3.2303672e-05
2.5651825e-05
1.9568544e-05
1.4559395e-05
1.0875263e-05
8.3709509e-06
6.8682462e-06
6.5664078e-06
4.3055892e-05
3.5843231e-05
2.8275281e-05
2.1385657e-05
1.5762938e-05
1.1654986e-05
8.868596e-06
7.2211731e-06
6.8758129e-06
4.7029731e-05
3.897785e-05
3.0594e-05
2.2988595e-05
1.6822933e-05
1.2338812e-05
9.3047126e-06
7.5368721e-06
7.1515866e-06
5.0437618e-05
4.1662517e-05
3.2576247e-05
2.435676e-05
1.772675e-05
1.2921722e-05
9.6852559e-06
7.8111764e-06
7.3818152e-06
5.3228221e-05
4.3858427e-05
3.4195049e-05
2.5472679e-05
1.8463534e-05
1.3397223e-05
9.9975902e-06
8.0310736e-06
7.566258e-06
5.5359054e-05
4.553366e-05
3.5428411e-05
2.6322082e-05
1.9024141e-05
1.3759076e-05
1.0234441e-05
8.1954987e-06
7.706266e-06
5.6796876e-05
4.6663114e-05
3.625887e-05
2.6893371e-05
1.9400933e-05
1.4002103e-05
1.0392604e-05
8.307099e-06
7.8002356e-06
5.7518266e-05
4.7228878e-05
3.6673748e-05
2.7177833e-05
1.9587854e-05
1.4122067e-05
1.0469837e-05
8.3626086e-06
7.8463771e-06
-1.6034145e-05
-1.7650608e-05
-1.7368694e-05
-1.619608e-05
-1.4844144e-05
-1.3511202e-05
-1.2223287e-05
-1.0999293e-05
-9.8469837e-06
-8.7833133e-06
-7.8070208e-06
-6.9463666e-06
-6.1066357e-06
-5.574029e-06
-4.3326997e-06
-6.9272681e-06
-9.6022355e-06
-1.0658178e-05
-1.0891617e-05
-1.0799978e-05
-1.0460178e-05
-9.9090267e-06
-9.216785e-06
-8.4578272e-06
-7.6929705e-06
-6.9543584e-06
-6.2683105e-06
-5.6011146e-06
-5.0984312e-06
-4.1419963e-06
-3.5507756e-06
-6.1669293e-06
-7.3497005e-06
-7.6859731e-06
-7.7888912e-06
-7.7564887e-06
-7.5511168e-06
-7.1869299e-06
-6.7444766e-06
-6.2689598e-06
-5.7827071e-06
-5.3052862e-06
-4.8355743e-06
-4.4096403e-06
-3.7988513e-06
-1.0362661e-06
-2.373216e-06
-3.187584e-06
-3.7008203e-06
-4.075714e-06
-4.3220662e-06
-4.4568654e-06
-4.4733579e-06
-4.4127283e-06
-4.3073455e-06
-4.1415393e-06
-3.9355836e-06
-3.7014354e-06
-3.4517287e-06
-3.1611317e-06
7.0240743e-07
7.1021806e-08
-4.9384913e-07
-9.8101217e-07
-1.3853855e-06
-1.7078305e-06
-1.9537657e-06
-2.137834e-06
-2.2621432e-06
-2.3295416e-06
-2.3503274e-06
-2.3372444e-06
-2.3016507e-06
-2.2500941e-06
-2.1872675e-06
1.8424359e-06
1.5576658e-06
1.2468327e-06
9.4510559e-07
6.7177643e-07
4.245327e-07
1.9987187e-07
-2.7601522e-09
-1.8314619e-07
-3.4253865e-07
-4.8243315e-07
-6.0369776e-07
-7.0661725e-07
-7.9314999e-07
-8.7426742e-07
2.4860072e-06
2.3552637e-06
2.195829e-06
2.0288095e-06
1.8660274e-06
1.7065407e-06
1.5492261e-06
1.3947859e-06
1.2441379e-06
1.0979327e-06
9.5673477e-07
8.2108011e-07
6.9139859e-07
5.6815177e-07
4.4657988e-07
2.7440597e-06
2.6917723e-06
2.6151657e-06
2.5288847e-06
2.4419103e-06
2.3533608e-06
2.2619319e-06
2.1676855e-06
2.0709164e-06
1.9717478e-06
1.8702527e-06
1.7665424e-06
1.6607658e-06
1.5531334e-06
1.4420606e-06
2.991387e-06
2.9585934e-06
2.9085132e-06
2.8512188e-06
2.7917651e-06
2.7292689e-06
2.662769e-06
2.5921278e-06
2.5173404e-06
2.4383244e-06
2.355e-06
2.2673341e-06
2.1753359e-06
2.0791774e-06
1.9811221e-06
-5.0374867e-06
-3.9445748e-06
-3.6732537e-06
-3.3531033e-06
-2.9385633e-06
-2.5542565e-06
-2.1668643e-06
-1.7927679e-06
-1.4377928e-06
-1.1407327e-06
-8.2910851e-07
-6.4628373e-07
-3.0092607e-07
-3.4444752e-07
1.7914057e-07
-4.5775381e-06
-3.7975687e-06
-3.4976189e-06
-3.2099959e-06
-2.8347859e-06
-2.4738556e-06
-2.1083992e-06
-1.7491386e-06
-1.4080612e-06
-1.118726e-06
-8.191003e-07
-6.3231855e-07
-3.0679894e-07
-3.1339502e-07
1.3902982e-07
-3.9364058e-06
-3.5117136e-06
-3.2177877e-06
-2.9672564e-06
-2.6544339e-06
-2.3351834e-06
-2.005581e-06
-1.6710724e-06
-1.3535909e-06
-1.0784496e-06
-7.9960972e-07
-6.0785725e-07
-3.1385202e-07
-2.6746302e-07
8.4073441e-08
-3.1442409e-06
-2.9753856e-06
-2.7678798e-06
-2.5730995e-06
-2.3489586e-06
-2.1043021e-06
-1.8275946e-06
-1.5301133e-06
-1.2509824e-06
-1.0037062e-06
-7.5842117e-07
-5.6630126e-07
-3.1497064e-07
-2.1148634e-07
1.3750425e-08
-2.1370893e-06
-2.1221885e-06
-2.075229e-06
-1.9950103e-06
-1.8849173e-06
-1.7326719e-06
-1.5135478e-06
-1.2722275e-06
-1.0598743e-06
-8.6854896e-07
-6.7587386e-07
-4.9840803e-07
-2.9548773e-07
-1.4779118e-07
-5.8760979e-08
-9.1498447e-07
-1.0233961e-06
-1.1004029e-06
-1.1306336e-06
-1.1231556e-06
-1.0628475e-06
-9.713083e-07
-8.8738245e-07
-7.9814203e-07
-6.8974244e-07
-5.5131871e-07
-3.9278918e-07
-2.3020061e-07
-8.1506094e-08
-9.0289483e-08
3.5745984e-07
2.2082298e-07
9.1992334e-08
-1.587404e-08
-1.1133104e-07
-1.9074526e-07
-2.5067285e-07
-2.8530782e-07
-2.9738841e-07
-2.7511753e-07
-2.1157715e-07
-1.5131871e-07
-1.1250051e-07
-8.0602944e-08
-9.1229112e-08
1.3454702e-06
1.2223438e-06
1.0962068e-06
9.7392345e-07
8.5074174e-07
7.2725338e-07
6.0756973e-07
4.9461935e-07
3.8842408e-07
2.9167655e-07
2.0807663e-07
1.3549537e-07
7.7594795e-08
3.6581456e-08
2.7476418e-09
1.8832612e-06
1.7757576e-06
1.672645e-06
1.5658848e-06
1.4488912e-06
1.3226837e-06
1.1896852e-06
1.0515292e-06
9.0986705e-07
7.6682951e-07
6.2491904e-07
4.8606249e-07
3.5036191e-07
2.1413406e-07
8.3011064e-08
-0.00031498854
-0.00031473405
-0.00031439289
-0.00031400668
-0.00031354983
-0.00031300251
-0.00031234758
-0.00031156505
-0.00031063087
-0.00030951659
-0.00030818897
-0.00030660923
-0.00030473247
-0.00030250707
-0.00029987428
-0.00029676798
-0.00029311497
-0.00028883571
-0.00028384604
-0.00027805993
-0.00027139364
-0.00026377149
-0.00025513312
-0.0002454421
-0.00023469497
-0.00022292957
-0.00021023122
-0.00019673483
-0.00018262191
-0.00016811216
-0.00015344825
-0.00013888601
-0.00012465037
-0.00011100006
-9.7979818e-05
-8.6092237e-05
-7.4431185e-05
-6.5418442e-05
-5.3956726e-05
-0.00031490657
-0.00031465177
-0.00031431034
-0.00031392368
-0.00031346627
-0.00031291826
-0.00031226248
-0.0003114789
-0.00031054341
-0.00030942751
-0.00030809788
-0.00030651565
-0.00030463584
-0.00030240674
-0.00029976947
-0.00029665785
-0.00029299863
-0.00028871227
-0.00028371468
-0.00027792002
-0.00027124483
-0.00026361382
-0.00025496712
-0.00024526884
-0.00023451606
-0.00022274719
-0.00021004796
-0.00019655355
-0.00018244555
-0.00016794351
-0.00015328981
-0.00013873978
-0.00012451788
-0.00011088127
-9.7876761e-05
-8.6002308e-05
-7.4351669e-05
-6.5381722e-05
-5.3815809e-05
-0.00031477889
-0.00031452284
-0.00031417987
-0.0003137912
-0.00031333138
-0.00031278051
-0.00031212133
-0.0003113337
-0.0003103934
-0.00030927182
-0.00030793548
-0.00030634539
-0.0003044564
-0.00030221667
-0.00029956721
-0.00029644178
-0.00029276711
-0.00028846377
-0.00028344792
-0.00027763409
-0.00027093938
-0.00026328927
-0.00025462481
-0.00024491116
-0.00023414655
-0.00022237041
-0.00020966934
-0.00019617907
-0.00018208134
-0.00016759536
-0.00015296289
-0.00013843836
-0.00012424488
-0.00011063714
-9.7664473e-05
-8.5819199e-05
-7.4186563e-05
-6.5311408e-05
-5.3525861e-05
-0.00031457805
-0.00031431979
-0.00031397412
-0.00031358198
-0.00031311803
-0.00031256228
-0.00031189733
-0.0003111029
-0.0003101546
-0.00030902365
-0.00030767638
-0.00030607361
-0.00030416998
-0.00030191348
-0.00029924496
-0.00029609808
-0.00029239956
-0.00028807012
-0.00028302621
-0.00027718296
-0.00027045835
-0.000262779
-0.00025408742
-0.00024435044
-0.00023356799
-0.00022178113
-0.00020907779
-0.00019559454
-0.00018151334
-0.00016705286
-0.00015245385
-0.00013796953
-0.00012382046
-0.00011025833
-9.7334652e-05
-8.5536477e-05
-7.3929622e-05
-6.5204141e-05
-5.3075782e-05
-0.00031428533
-0.000314024
-0.00031367456
-0.00031327755
-0.00031280782
-0.00031224524
-0.0003115722
-0.00031076822
-0.00030980868
-0.00030866455
-0.00030730188
-0.00030568123
-0.00030375697
-0.00030147683
-0.00029878149
-0.00029560452
-0.00029187269
-0.00028750696
-0.00028242431
-0.00027654069
-0.00026977528
-0.0002620563
-0.00025332823
-0.00024356011
-0.00023275423
-0.00022095385
-0.0002082487
-0.00019477646
-0.00018071937
-0.0001662953
-0.00015174361
-0.00013731609
-0.00012322912
-0.00010973115
-9.6875347e-05
-8.5143571e-05
-7.3572669e-05
-6.505067e-05
-5.2459669e-05
-0.00031386426
-0.00031359898
-0.0003132447
-0.00031284144
-0.00031236428
-0.00031179292
-0.0003111095
-0.00031029326
-0.0003093193
-0.00030815826
-0.00030677588
-0.00030513233
-0.00030318168
-0.00030087136
-0.00029814181
-0.0002949265
-0.00029115227
-0.00028674045
-0.00028160868
-0.000275674
-0.00026885718
-0.00026108853
-0.00025231504
-0.00024250865
-0.0002316746
-0.00021985898
-0.00020715378
-0.00019369807
-0.00017967439
-0.00016529948
-0.00015081091
-0.00013645897
-0.00012245371
-0.00010904048
-9.627334e-05
-8.4628516e-05
-7.3106916e-05
-6.4839089e-05
-5.1674591e-05
-0.0003132693
-0.00031299924
-0.00031263912
-0.00031222828
-0.0003117421
-0.00031116009
-0.00031046407
-0.00030963297
-0.00030864151
-0.00030745997
-0.00030605366
-0.00030438236
-0.00030239972
-0.00030005282
-0.00029728184
-0.00029402015
-0.00029019474
-0.00028572736
-0.00028053656
-0.00027454075
-0.00026766269
-0.00025983523
-0.00025100853
-0.00024115802
-0.0002302926
-0.00021846175
-0.0002057602
-0.00019232864
-0.00017834991
-0.00016403915
-0.00014963177
-0.00013537683
-0.00012147512
-0.00010816943
-9.5513926e-05
-8.3977835e-05
-7.2522645e-05
-6.4554816e-05
-5.0719388e-05
-0.00031243872
-0.00031216311
-0.00031179624
-0.00031137658
-0.00031087991
-0.0003102855
-0.00030957483
-0.00030872644
-0.00030771464
-0.00030650926
-0.00030507516
-0.00030337163
-0.00030135187
-0.00029896256
-0.00029614361
-0.00029282829
-0.00028894378
-0.00028441242
-0.00027915383
-0.00027308812
-0.00026614042
-0.0002582467
-0.00024936082
-0.00023946242
-0.00022856469
-0.00021672111
-0.00020402956
-0.00019063257
-0.00017671324
-0.00016248432
-0.00014817882
-0.00013404567
-0.00012027193
-0.00010709899
-9.4580435e-05
-8.3176119e-05
-7.1808697e-05
-6.4180211e-05
-4.9593901e-05
-0.00031129431
-0.00031101249
-0.00031063809
-0.00031020852
-0.00030970005
-0.00030909172
-0.00030836459
-0.00030749678
-0.00030646215
-0.00030523003
-0.00030376477
-0.00030202513
-0.00029996382
-0.00029752709
-0.00029465457
-0.00029127948
-0.00028732925
-0.00028272696
-0.00027739352
-0.00027125108
-0.00026422755
-0.00025626253
-0.00024731422
-0.00023736708
-0.00022643927
-0.00021458881
-0.00020191712
-0.00018856872
-0.00017472686
-0.00016060079
-0.00014642137
-0.00013243972
-0.00011882023
-0.0001058076
-9.3453855e-05
-8.2205713e-05
-7.0952035e-05
-6.369455e-05
-4.8299097e-05
-0.00030973795
-0.0003094494
-0.00030906691
-0.00030862656
-0.00030810525
-0.00030748177
-0.00030673675
-0.00030584783
-0.0003047884
-0.00030352727
-0.00030202821
-0.00030024945
-0.00029814318
-0.00029565521
-0.00029272493
-0.00028928554
-0.00028526486
-0.00028058683
-0.00027517394
-0.00026895068
-0.00026184819
-0.00025381022
-0.00024479989
-0.00023480712
-0.00022385564
-0.0002120085
-0.000199371
-0.00018608972
-0.00017234796
-0.00015835001
-0.00014432641
-0.00013053176
-0.00011709042
-0.00010427012
-9.2112425e-05
-8.1046395e-05
-6.9937237e-05
-6.3074414e-05
-4.6843056e-05
-0.00030764927
-0.00030735367
-0.00030696277
-0.00030651107
-0.00030597622
-0.00030533681
-0.00030457296
-0.00030366186
-0.00030257638
-0.00030128478
-0.00029975029
-0.00029793058
-0.00029577732
-0.00029323593
-0.00029024559
-0.00028673957
-0.00028264621
-0.00027789055
-0.00027239687
-0.00026609234
-0.00025891182
-0.00025080366
-0.0002417365
-0.00023170631
-0.00022074289
-0.00020891478
-0.00019633134
-0.00018314115
-0.00016952735
-0.0001556865
-0.00014185257
-0.00012827521
-0.00011504009
-0.00010245641
-9.0531125e-05
-7.967497e-05
-6.8745619e-05
-6.2293261e-05
-4.5250326e-05
-0.00030488381
-0.00030458106
-0.00030418176
-0.00030371853
-0.00030316993
-0.00030251432
-0.00030173138
-0.00030079779
-0.00029968592
-0.00029836352
-0.00029679326
-0.00029493227
-0.00029273177
-0.00029013685
-0.00028708654
-0.00028351435
-0.00027934929
-0.0002745177
-0.00026894599
-0.00026256439
-0.00025531184
-0.00024714185
-0.00023802905
-0.00022797597
-0.00021701894
-0.0002052323
-0.00019272953
-0.00017966106
-0.00016620895
-0.00015255026
-0.00013891843
-0.00012554748
-0.0001126429
-0.00010033681
-8.8681346e-05
-7.8064758e-05
-6.7353971e-05
-6.1315716e-05
-4.3498241e-05
-0.00030127029
-0.00030096035
-0.00030055237
-0.00030007789
-0.00029951594
-0.00029884459
-0.00029804309
-0.00029708768
-0.00029595027
-0.00029459809
-0.00029299334
-0.00029109269
-0.00028884696
-0.00028620103
-0.00028309396
-0.00027945962
-0.00027522793
-0.00027032681
-0.00026468508
-0.0002582364
-0.00025092421
-0.00024270761
-0.00023356771
-0.00022351401
-0.00021258974
-0.00020087525
-0.00018848836
-0.00017558209
-0.00016233853
-0.00014888792
-0.00013541551
-0.00012247366
-0.00011008102
-9.7899364e-05
-8.653143e-05
-7.6185183e-05
-6.5734775e-05
-6.010311e-05
-4.1561353e-05
-0.00029661127
-0.00029629441
-0.00029587741
-0.00029539254
-0.00029481837
-0.00029413259
-0.00029331409
-0.00029233872
-0.000291178
-0.00028979874
-0.00028816273
-0.00028622629
-0.00028394001
-0.00028124868
-0.00027809158
-0.00027440319
-0.0002701146
-0.00026515562
-0.00025945787
-0.0002529588
-0.0002456068
-0.00023736693
-0.00022822714
-0.00021820421
-0.00020734849
-0.00019574659
-0.00018352132
-0.00017083141
-0.00015787435
-0.00014477402
-0.00013165864
-0.0001190001
-0.00010690975
-9.5111863e-05
-8.4046388e-05
-7.4001072e-05
-6.3856461e-05
-5.8618201e-05
-3.9454821e-05
-0.00029067314
-0.00029035043
-0.00028992579
-0.00028943211
-0.00028884764
-0.0002881497
-0.00028731692
-0.00028632487
-0.00028514474
-0.00028374309
-0.00028208142
-0.0002801159
-0.00027779706
-0.00027506987
-0.00027187407
-0.00026814508
-0.00026381545
-0.00025881723
-0.00025308516
-0.00024656087
-0.000239198
-0.00023096789
-0.00022186556
-0.0002119151
-0.00020117378
-0.0001897338
-0.00017772113
-0.00016529235
-0.00015263151
-0.00013990768
-0.00012734586
-0.00011496419
-0.00010302593
-9.1809873e-05
-8.1169692e-05
-7.1471892e-05
-6.1682502e-05
-5.6819383e-05
-3.7175356e-05
-0.00028320587
-0.00028287891
-0.00028244874
-0.0002819487
-0.0002813568
-0.00028065017
-0.00027980723
-0.0002788034
-0.00027760971
-0.00027619257
-0.00027451346
-0.00027252856
-0.00027018861
-0.00026743902
-0.00026422034
-0.00026046923
-0.00025612015
-0.00025110781
-0.00024537055
-0.00023885462
-0.00023151931
-0.0002233425
-0.00021432633
-0.00020450209
-0.00019393352
-0.00018271769
-0.00017098265
-0.00015888214
-0.00014658799
-0.00013426561
-0.00012207194
-0.00011020297
-9.8820082e-05
-8.8054752e-05
-7.7865852e-05
-6.8555503e-05
-5.9171559e-05
-5.4660595e-05
-3.4705933e-05
-0.00027390896
-0.0002735799
-0.00027314703
-0.00027264393
-0.00027204854
-0.0002713379
-0.00027049043
-0.00026948153
-0.0002682823
-0.00026685927
-0.00026517413
-0.00026318343
-0.00026083851
-0.00025808564
-0.00025486661
-0.00025111983
-0.0002467821
-0.00024179121
-0.00023608941
-0.00022962781
-0.0002223715
-0.00021430497
-0.00020543745
-0.00019580718
-0.00018548397
-0.00017456904
-0.00016319182
-0.00015150371
-0.00013966944
-0.00012785051
-0.00011619497
-0.0001048828
-9.4045387e-05
-8.3776938e-05
-7.4084915e-05
-6.5204698e-05
-5.6277229e-05
-5.2092492e-05
-3.2023331e-05
-0.0002625076
-0.00026217937
-0.00026174764
-0.00026124595
-0.00026065233
-0.00025994394
-0.00025909936
-0.00025809421
-0.00025689987
-0.00025548323
-0.0002538065
-0.00025182692
-0.00024949676
-0.00024676355
-0.00024357073
-0.00023985894
-0.00023556786
-0.00023063899
-0.00022501923
-0.00021866523
-0.00021154839
-0.00020366003
-0.00019501624
-0.00018566158
-0.00017567084
-0.00016514814
-0.00015422281
-0.00014304256
-0.00013176437
-0.00012054201
-0.00010951614
-9.8832108e-05
-8.860158e-05
-7.8908637e-05
-6.9770646e-05
-6.1368052e-05
-5.2948838e-05
-4.906296e-05
-2.9096214e-05
-0.00024860164
-0.00024827769
-0.00024785166
-0.00024735668
-0.00024677112
-0.00024607255
-0.00024523996
-0.00024424944
-0.00024307303
-0.00024167842
-0.00024002883
-0.00023808279
-0.00023579417
-0.00023311247
-0.00022998363
-0.00022635123
-0.00022215852
-0.00021735111
-0.00021188058
-0.00020570888
-0.00019881323
-0.00019119122
-0.00018286525
-0.00017388561
-0.0001643313
-0.00015430813
-0.00014394378
-0.00013338034
-0.00012276513
-0.00011224018
-0.00010193365
-9.1964891e-05
-8.2426282e-05
-7.3386929e-05
-6.4864469e-05
-5.6991808e-05
-4.9133424e-05
-4.5519371e-05
-2.5887566e-05
-0.00023200733
-0.00023169227
-0.000231278
-0.00023079672
-0.00023022746
-0.00022954844
-0.00022873929
-0.0002277769
-0.0002266342
-0.00022528002
-0.00022367887
-0.00022179089
-0.00021957182
-0.00021697348
-0.00021394456
-0.00021043203
-0.00020638328
-0.00020174897
-0.00019648669
-0.00019056526
-0.00018396922
-0.00017670325
-0.00016879585
-0.00016030163
-0.00015130149
-0.00014190016
-0.00013222082
-0.00012239726
-0.00011256474
-0.00010285055
-9.3366633e-05
-8.4209946e-05
-7.5453184e-05
-6.7147753e-05
-5.9307208e-05
-5.2022041e-05
-4.4778606e-05
-4.1412753e-05
-2.2367381e-05
-0.00021205796
-0.00021175644
-0.00021136003
-0.00021089965
-0.0002103553
-0.00020970625
-0.0002089332
-0.00020801427
-0.00020692393
-0.00020563286
-0.00020410781
-0.00020231161
-0.00020020322
-0.00019773823
-0.00019486971
-0.00019154952
-0.00018773034
-0.00018336824
-0.00017842614
-0.00017287775
-0.00016671215
-0.00015993816
-0.00015258806
-0.00014471937
-0.00013641418
-0.00012777548
-0.00011892079
-0.0001099739
-0.00010105596
-9.2277134e-05
-8.3730547e-05
-7.5491218e-05
-6.761195e-05
-6.0126378e-05
-5.3040144e-05
-4.6405927e-05
-3.9832378e-05
-3.6683949e-05
-1.8475311e-05
-0.00018911985
-0.00018883865
-0.00018846904
-0.00018803975
-0.00018753214
-0.00018692692
-0.00018620606
-0.00018534917
-0.00018433244
-0.00018312854
-0.0001817065
-0.00018003169
-0.00017806599
-0.00017576827
-0.00017309535
-0.00017000345
-0.00016645046
-0.00016239879
-0.00015781892
-0.00015269341
-0.00014702063
-0.00014081806
-0.00013412423
-0.00012699916
-0.00011952278
-0.00011179116
-0.00010391041
-9.5989051e-05
-8.8129826e-05
-8.0422423e-05
-7.2938606e-05
-6.5731165e-05
-5.8832997e-05
-5.2260488e-05
-4.6008515e-05
-4.0096711e-05
-3.4244e-05
-3.1213591e-05
-1.3917797e-05
-0.00016147397
-0.00016121838
-0.00016088251
-0.0001604927
-0.00016003211
-0.00015948341
-0.00015883053
-0.00015805537
-0.00015713692
-0.0001560512
-0.00015477127
-0.00015326728
-0.0001515067
-0.00014945487
-0.0001470759
-0.00014433389
-0.00014119476
-0.00013762847
-0.00013361176
-0.00012913138
-0.00012418755
-0.00011879731
-0.00011299703
-0.00010684316
-0.00010041042
-9.3787201e-05
-8.706854e-05
-8.0348014e-05
-7.3709874e-05
-6.7222923e-05
-6.0937174e-05
-5.4883895e-05
-4.9077145e-05
-4.3517657e-05
-3.8189401e-05
-3.3088137e-05
-2.8015818e-05
-2.492234e-05
-8.4243365e-06
-0.00013175311
-0.00013153139
-0.00013124021
-0.00013090215
-0.00013050261
-0.00013002653
-0.00012945993
-0.00012878703
-0.00012798948
-0.00012704633
-0.00012593403
-0.00012462647
-0.00012309523
-0.00012131012
-0.0001192401
-0.0001168547
-0.00011412591
-0.00011103075
-0.00010755421
-0.00010369239
-9.9455321e-05
-9.486892e-05
-8.9975552e-05
-8.4832817e-05
-7.9510429e-05
-7.4085265e-05
-6.8635021e-05
-6.3231338e-05
-5.7933579e-05
-5.278453e-05
-4.7808889e-05
-4.3014847e-05
-3.8397659e-05
-3.3944293e-05
-2.9632112e-05
-2.5454734e-05
-2.1287233e-05
-1.8279136e-05
-4.558361e-06
-9.5109387e-05
-9.493165e-05
-9.4698274e-05
-9.4427467e-05
-9.4107629e-05
-9.3726816e-05
-9.3274005e-05
-9.2736832e-05
-9.2100996e-05
-9.1350276e-05
-9.0466584e-05
-8.9430086e-05
-8.8219488e-05
-8.6812563e-05
-8.5186971e-05
-8.3321443e-05
-8.1197351e-05
-7.8800662e-05
-7.6124211e-05
-7.3170072e-05
-6.995173e-05
-6.649554e-05
-6.2840921e-05
-5.9038763e-05
-5.5147838e-05
-5.122947e-05
-4.7341218e-05
-4.353068e-05
-3.9830691e-05
-3.6256921e-05
-3.280845e-05
-2.9471287e-05
-2.6224091e-05
-2.3043879e-05
-1.990858e-05
-1.6836875e-05
-1.3777023e-05
-1.1532972e-05
-6.4349475e-06
-5.3131338e-05
-5.3004454e-05
-5.2837859e-05
-5.2644833e-05
-5.2417237e-05
-5.2146761e-05
-5.1825866e-05
-5.1446203e-05
-5.0998237e-05
-5.0471333e-05
-4.9853885e-05
-4.9133517e-05
-4.8297426e-05
-4.7332914e-05
-4.6228127e-05
-4.4973038e-05
-4.3560633e-05
-4.1988255e-05
-4.0258972e-05
-3.8382811e-05
-3.6377622e-05
-3.4269318e-05
-3.209121e-05
-2.9882105e-05
-2.7682991e-05
-2.553242e-05
-2.3461225e-05
-2.1487666e-05
-1.9614289e-05
-1.7827483e-05
-1.6100046e-05
-1.4396557e-05
-1.2681058e-05
-1.0922071e-05
-9.0941257e-06
-7.2485852e-06
-5.3521578e-06
-3.8563269e-06
-1.3626416e-06
-1.0097726e-05
-1.002946e-05
-9.9399455e-06
-9.8363407e-06
-9.7144139e-06
-9.5698585e-06
-9.3988428e-06
-9.1971986e-06
-8.9602603e-06
-8.6829648e-06
-8.3599953e-06
-7.9859894e-06
-7.555857e-06
-7.06524e-06
-6.5111413e-06
-5.8927385e-06
-5.2123724e-06
-4.4766501e-06
-3.6975176e-06
-2.8930434e-06
-2.0875423e-06
-1.3106328e-06
-5.9494229e-07
2.7527746e-08
5.2997995e-07
8.9562492e-07
1.1218269e-06
1.2226961e-06
1.2293674e-06
1.1875452e-06
1.1524397e-06
1.1814256e-06
1.324127e-06
1.6218011e-06
2.1142223e-06
2.6922849e-06
3.3943536e-06
4.0183157e-06
5.1995743e-06
3.6322604e-05
3.6327005e-05
3.6332526e-05
3.6338433e-05
3.6344674e-05
3.6351075e-05
3.6357225e-05
3.6362448e-05
3.6365697e-05
3.6365401e-05
3.6359255e-05
3.6343953e-05
3.6314855e-05
3.6265576e-05
3.6187537e-05
3.6069481e-05
3.5897062e-05
3.5652576e-05
3.5315007e-05
3.4860512e-05
3.4263521e-05
3.3498562e-05
3.2542916e-05
3.1380116e-05
3.0004073e-05
2.8423237e-05
2.6663853e-05
2.4771163e-05
2.2807711e-05
2.0848558e-05
1.8974015e-05
1.7260204e-05
1.5765522e-05
1.4544041e-05
1.3675304e-05
1.2909312e-05
1.2353562e-05
1.1960209e-05
1.1899992e-05
8.3864181e-05
8.3799356e-05
8.3713854e-05
8.3614065e-05
8.3495342e-05
8.3352761e-05
8.3181485e-05
8.2975831e-05
8.2728913e-05
8.2432456e-05
8.207657e-05
8.1649467e-05
8.1137161e-05
8.0523155e-05
7.9788169e-05
7.890993e-05
7.7863138e-05
7.6619703e-05
7.5149434e-05
7.3421384e-05
7.1406057e-05
6.9078602e-05
6.6422913e-05
6.3436255e-05
6.0133707e-05
5.6551548e-05
5.2748616e-05
4.8804894e-05
4.4816918e-05
4.0890369e-05
3.7130874e-05
3.3631914e-05
3.0454838e-05
2.7684401e-05
2.5427809e-05
2.3203831e-05
2.13868e-05
1.9919867e-05
1.8673678e-05
0.00013247074
0.00013233397
0.00013215385
0.00013194413
0.00013169535
0.00013139762
0.00013104144
0.00013061581
0.00013010766
0.00012950156
0.00012877946
0.00012792044
0.00012690034
0.00012569164
0.00012426333
0.00012258114
0.00012060804
0.0001183053
0.00011563415
0.00011255834
0.00010904742
0.00010508098
0.00010065338
9.5778577e-05
9.0494419e-05
8.4865195e-05
7.8981566e-05
7.2956993e-05
6.6920578e-05
6.1007397e-05
5.534789e-05
5.0050854e-05
4.5171311e-05
4.094202e-05
3.7046867e-05
3.3454741e-05
3.0498318e-05
2.7821768e-05
2.5418236e-05
0.00018086738
0.00018065691
0.00018037991
0.00018005765
0.00017967582
0.00017921945
0.00017867432
0.0001780241
0.00017724946
0.00017632782
0.00017523304
0.00017393511
0.0001723999
0.00017058911
0.00016846036
0.00016596783
0.00016306318
0.00015969737
0.00015582318
0.00015139879
0.00014639227
0.00014078703
0.00013458751
0.00012782466
0.00012055991
0.00011288668
0.00010492826
9.6831739e-05
8.8757903e-05
8.0868951e-05
7.3314425e-05
6.6203897e-05
5.9526075e-05
5.3804979e-05
4.8494926e-05
4.369531e-05
3.9443522e-05
3.5500698e-05
3.1988045e-05
0.00022827489
0.0002279911
0.0002276177
0.00022718348
0.00022666924
0.00022605499
0.0002253218
0.00022444803
0.00022340811
0.00022217232
0.00022070642
0.00021897135
0.00021692302
0.00021451233
0.00021168562
0.00020838554
0.00020455267
0.00020012803
0.00019505656
0.00018929179
0.00018280151
0.00017557413
0.00016762527
0.00015900335
0.00014979337
0.00014011722
0.00013012978
0.00012001031
0.00010994965
0.00010013362
9.0719232e-05
8.1812265e-05
7.3637708e-05
6.6232369e-05
5.9455663e-05
5.3364462e-05
4.7835182e-05
4.2813336e-05
3.8257396e-05
0.00027361946
0.00027326438
0.00027279725
0.00027225419
0.00027161126
0.00027084361
0.00026992773
0.00026883684
0.00026753937
0.00026599871
0.00026417285
0.00026201403
0.0002594686
0.00025647722
0.00025297544
0.00024889506
0.00024416618
0.00023872049
0.0002324956
0.00022544074
0.00021752355
0.00020873745
0.000199109
0.00018870382
0.00017762992
0.00016603692
0.00015411032
0.00014206061
0.00013010827
0.00011846599
0.00010732023
9.6834342e-05
8.7229645e-05
7.8083042e-05
6.9728021e-05
6.2434758e-05
5.576826e-05
4.9675465e-05
4.4123219e-05
0.00031595629
0.00031553388
0.00031497825
0.00031433239
0.00031356795
0.00031265543
0.00031156704
0.00031027115
0.00030873053
0.00030690207
0.00030473641
0.00030217763
0.00029916309
0.00029562379
0.00029148521
0.00028666895
0.00028109541
0.00027468768
0.00026737676
0.00025910825
0.00024985009
0.00023960094
0.00022839806
0.0002163235
0.00020350694
0.00019012384
0.00017638785
0.00016253778
0.00014882014
0.00013546958
0.00012269003
0.00011064965
9.9505262e-05
8.9131918e-05
7.9544603e-05
7.0922218e-05
6.3092489e-05
5.5971857e-05
4.9488619e-05
0.00035430801
0.00035382403
0.0003531874
0.00035244747
0.00035157184
0.00035052678
0.00034928059
0.0003477972
0.00034603421
0.00034394262
0.00034146639
0.00033854214
0.00033509912
0.00033105957
0.00032633985
0.00032085241
0.00031450892
0.00030722477
0.0002989251
0.00028955236
0.00027907493
0.00026749637
0.00025486385
0.00024127449
0.00022687777
0.00021187254
0.00019649782
0.00018101758
0.00016570118
0.00015080202
0.00013653753
0.00012307762
0.00011054919
9.894231e-05
8.8241786e-05
7.8507249e-05
6.964144e-05
6.1588931e-05
5.4263958e-05
0.00038780531
0.00038726631
0.00038655549
0.0003857327
0.00038475947
0.0003835979
0.00038221293
0.00038056464
0.00037860612
0.00037628314
0.00037353381
0.00037028822
0.00036646845
0.00036198909
0.00035675852
0.00035068118
0.00034366114
0.00033560716
0.00032643943
0.00031609781
0.00030455135
0.00029180813
0.00027792424
0.00026301011
0.00024723253
0.00023081073
0.00021400561
0.0001971028
0.00018039116
0.00016414002
0.00014857844
0.00013388146
0.00012016651
0.00010745814
9.5751021e-05
8.5053991e-05
7.529243e-05
6.6428e-05
5.8369916e-05
0.00041563362
0.00041504689
0.00041426872
0.0004133764
0.00041232196
0.00041106311
0.00040956218
0.00040777615
0.00040565434
0.00040313817
0.00040016089
0.00039664717
0.00039251316
0.00038766709
0.00038201074
0.00037544193
0.00036785847
0.00035916362
0.00034927345
0.00033812571
0.00032569
0.00031197819
0.00029705381
0.00028103843
0.00026411331
0.0002465146
0.00022852133
0.00021043693
0.00019256625
0.00017519158
0.00015855137
0.00014282578
0.00012813077
0.00011450534
0.00010194861
9.0448145e-05
7.9942954e-05
7.040454e-05
6.1738586e-05
0.0004371583
0.00043653518
0.00043570525
0.00043476023
0.00043364409
0.0004323109
0.00043072071
0.00042882783
0.00042657849
0.00042391101
0.00042075519
0.00041703156
0.00041265166
0.00040751879
0.00040152966
0.00039457701
0.00038655389
0.00037735948
0.00036690683
0.00035513228
0.00034200605
0.00032754314
0.00031181289
0.00029494549
0.00027713327
0.00025862529
0.00023971439
0.00022071755
0.00020195174
0.00018370909
0.0001662351
0.00014971395
0.00013426252
0.00011992749
0.0001067098
9.4587294e-05
8.3507572e-05
7.3449022e-05
6.4314362e-05
0.00045174185
0.00045109425
0.00045022943
0.00044924973
0.00044809342
0.00044671213
0.00044506438
0.00044310221
0.00044076881
0.00043800033
0.00043472517
0.00043086136
0.0004263171
0.00042099232
0.00041478023
0.0004075701
0.00039925162
0.00038972105
0.00037888923
0.00036669133
0.00035309788
0.00033812589
0.00032184866
0.00030440232
0.00028598687
0.0002668603
0.00024732495
0.00022770705
0.00020833184
0.0001894981
0.00017145607
0.00015439274
0.00013842616
0.00012360696
0.00010993728
9.7390815e-05
8.5919969e-05
7.5507664e-05
6.6054244e-05
0.00045928522
0.00045886462
0.00045817074
0.00045731828
0.00045624893
0.00045489743
0.00045316862
0.00045094815
0.00044823581
0.0004451786
0.00044178819
0.0004378674
0.00043324553
0.00042782253
0.00042149597
0.00041415422
0.00040568492
0.00039598277
0.00038495756
0.00037254398
0.00035871275
0.00034348198
0.00032692703
0.00030918698
0.00029046571
0.00027102566
0.00025117392
0.00023124138
0.00021155741
0.00019242413
0.00017409421
0.00015675606
0.00014052843
0.00012546363
0.00011156446
9.8803178e-05
8.7134356e-05
7.6543148e-05
6.6928314e-05
-4.8636989e-05
-4.0068146e-05
-3.611711e-05
-3.0954931e-05
-2.7498545e-05
-2.4133671e-05
-2.1381318e-05
-1.8928626e-05
-1.6793198e-05
-1.491644e-05
-1.3232882e-05
-1.1793266e-05
-1.0389269e-05
-9.3819858e-06
-8.0284407e-06
-4.8695302e-05
-4.0026551e-05
-3.6136424e-05
-3.0980712e-05
-2.7525787e-05
-2.4165296e-05
-2.1409482e-05
-1.895452e-05
-1.6814828e-05
-1.4933797e-05
-1.3245641e-05
-1.1801904e-05
-1.0392699e-05
-9.3852087e-06
-8.0170941e-06
-4.881811e-05
-3.9911518e-05
-3.6142763e-05
-3.0980878e-05
-2.7532351e-05
-2.417819e-05
-2.1419877e-05
-1.8964182e-05
-1.6821319e-05
-1.4937135e-05
-1.3245446e-05
-1.1798835e-05
-1.038437e-05
-9.3816765e-06
-7.9881423e-06
-4.8996077e-05
-3.9707503e-05
-3.6124619e-05
-3.094493e-05
-2.7510165e-05
-2.4165336e-05
-2.1407087e-05
-1.895324e-05
-1.6809364e-05
-1.4924043e-05
-1.3230618e-05
-1.1783173e-05
-1.036375e-05
-9.371748e-06
-7.9412878e-06
-4.9222295e-05
-3.9411903e-05
-3.6078097e-05
-3.0871936e-05
-2.7458337e-05
-2.41265e-05
-2.1371161e-05
-1.8921862e-05
-1.6779197e-05
-1.4894757e-05
-1.3201318e-05
-1.1755024e-05
-1.033085e-05
-9.3551793e-06
-7.8764495e-06
-4.9486712e-05
-3.9025104e-05
-3.5998429e-05
-3.0760148e-05
-2.7374656e-05
-2.4059989e-05
-2.131064e-05
-1.8868733e-05
-1.6729667e-05
-1.4848241e-05
-1.3156611e-05
-1.1713507e-05
-1.0284987e-05
-9.3309191e-06
-7.7935995e-06
-4.9773557e-05
-3.8549249e-05
-3.5879317e-05
-3.0606819e-05
-2.725585e-05
-2.3963178e-05
-2.1223236e-05
-1.879182e-05
-1.6659015e-05
-1.478296e-05
-1.309518e-05
-1.1657427e-05
-1.0225339e-05
-9.2976531e-06
-7.6930359e-06
-5.0058776e-05
-3.7982426e-05
-3.5713629e-05
-3.0409012e-05
-2.7098345e-05
-2.3833283e-05
-2.110655e-05
-1.8689015e-05
-1.6565434e-05
-1.469735e-05
-1.3015702e-05
-1.1585571e-05
-1.0151142e-05
-9.2539321e-06
-7.5754487e-06
-5.0312207e-05
-3.7301141e-05
-3.5493484e-05
-3.0164119e-05
-2.6898308e-05
-2.3667356e-05
-2.0958084e-05
-1.8558138e-05
-1.6447061e-05
-1.4589803e-05
-1.2916831e-05
-1.1496688e-05
-1.0061652e-05
-9.198157e-06
-7.4418887e-06
-5.0527568e-05
-3.6533269e-05
-3.5210298e-05
-2.9870727e-05
-2.6651795e-05
-2.3462163e-05
-2.0775157e-05
-1.8396859e-05
-1.6301916e-05
-1.4458617e-05
-1.2797147e-05
-1.1389454e-05
-9.9561086e-06
-9.1285857e-06
-7.2937232e-06
-5.0725617e-05
-3.5724633e-05
-3.4816163e-05
-2.9527781e-05
-2.6355307e-05
-2.3214188e-05
-2.0554861e-05
-1.8202684e-05
-1.6127883e-05
-1.4301983e-05
-1.2655151e-05
-1.126248e-05
-9.8337153e-06
-9.0433656e-06
-7.1325788e-06
-5.0800615e-05
-3.4834188e-05
-3.4310159e-05
-2.9118858e-05
-2.600375e-05
-2.2919645e-05
-2.0294076e-05
-1.7972963e-05
-1.5922732e-05
-1.4118006e-05
-1.2489276e-05
-1.111432e-05
-9.6936397e-06
-8.9405803e-06
-6.9602651e-06
-5.061875e-05
-3.3826656e-05
-3.3743511e-05
-2.864063e-05
-2.5592179e-05
-2.2574589e-05
-1.9989538e-05
-1.7704946e-05
-1.568416e-05
-1.3904743e-05
-1.2297922e-05
-1.094351e-05
-9.5350223e-06
-8.818313e-06
-6.7786826e-06
-5.0179429e-05
-3.2757349e-05
-3.3091892e-05
-2.8095267e-05
-2.5116454e-05
-2.2174981e-05
-1.9637958e-05
-1.7395885e-05
-1.5409893e-05
-1.3660287e-05
-1.2079523e-05
-1.0748628e-05
-9.3570088e-06
-8.6747287e-06
-6.5897201e-06
-4.9462671e-05
-3.1645544e-05
-3.2314769e-05
-2.7475731e-05
-2.4571766e-05
-2.1716764e-05
-1.9236164e-05
-1.7043196e-05
-1.5097818e-05
-1.3382886e-05
-1.1832648e-05
-1.0528373e-05
-9.1588046e-06
-8.5081739e-06
-6.395149e-06
-4.8401783e-05
-3.0470553e-05
-3.1397634e-05
-2.6775236e-05
-2.3953384e-05
-2.1196176e-05
-1.8781361e-05
-1.6644687e-05
-1.4746188e-05
-1.3071109e-05
-1.1556129e-05
-1.0281687e-05
-8.9397523e-06
-8.3172908e-06
-6.1965226e-06
-4.6931217e-05
-2.9238332e-05
-3.0330302e-05
-2.5987904e-05
-2.3257533e-05
-2.0610194e-05
-1.8271455e-05
-1.6198832e-05
-1.4353848e-05
-1.2724037e-05
-1.1249223e-05
-1.0007874e-05
-8.6994259e-06
-8.1011374e-06
-5.995091e-06
-4.4984058e-05
-2.7955663e-05
-2.9103402e-05
-2.5107844e-05
-2.2481408e-05
-1.9956656e-05
-1.7705236e-05
-1.5704973e-05
-1.3920423e-05
-1.2341429e-05
-1.0911747e-05
-9.7067337e-06
-8.4377257e-06
-7.8593007e-06
-5.7917374e-06
-4.2493265e-05
-2.6620024e-05
-2.770675e-05
-2.4126876e-05
-2.1622194e-05
-1.9233827e-05
-1.7082202e-05
-1.5163295e-05
-1.3446363e-05
-1.1923785e-05
-1.0544157e-05
-9.3786332e-06
-8.1549488e-06
-7.5919811e-06
-5.5869406e-06
-3.9434445e-05
-2.5243958e-05
-2.6144429e-05
-2.3041159e-05
-2.0681273e-05
-1.8442985e-05
-1.6404064e-05
-1.4575703e-05
-1.2933456e-05
-1.1472663e-05
-1.0147732e-05
-9.0246378e-06
-7.8518793e-06
-7.3000502e-06
-5.3808002e-06
-3.58574e-05
-2.3932304e-05
-2.4496216e-05
-2.1885883e-05
-1.9684452e-05
-1.7600347e-05
-1.5681629e-05
-1.3949857e-05
-1.2387241e-05
-1.0992125e-05
-9.7254469e-06
-8.6470253e-06
-7.5300909e-06
-6.9851557e-06
-5.173227e-06
-3.1451052e-05
-2.2694324e-05
-2.284514e-05
-2.0694247e-05
-1.8656578e-05
-1.6722875e-05
-1.4927281e-05
-1.3295448e-05
-1.1815299e-05
-1.0488046e-05
-9.2817301e-06
-8.2493102e-06
-7.1919874e-06
-6.6498304e-06
-4.9639946e-06
-2.4642283e-05
-2.0409884e-05
-2.0587126e-05
-1.9079389e-05
-1.7372416e-05
-1.5684711e-05
-1.4073006e-05
-1.2576877e-05
-1.1199389e-05
-9.9515242e-06
-8.8126708e-06
-7.830739e-06
-6.8376358e-06
-6.2966754e-06
-4.7508385e-06
-1.4322653e-05
-1.525765e-05
-1.6566355e-05
-1.6305251e-05
-1.5394126e-05
-1.4234113e-05
-1.2972428e-05
-1.1706656e-05
-1.0485719e-05
-9.3492488e-06
-8.2982818e-06
-7.3799707e-06
-6.4608164e-06
-5.9258597e-06
-4.5273321e-06
-7.4504758e-06
-6.1087761e-06
-5.5007287e-06
-4.5864011e-06
-3.915916e-06
-3.2454111e-06
-2.6627102e-06
-2.1506342e-06
-1.6750146e-06
-1.3190019e-06
-9.0602984e-07
-7.6319622e-07
-2.4837302e-07
-6.1394544e-07
7.8903377e-07
-7.456981e-06
-6.1009834e-06
-5.4976302e-06
-4.5844565e-06
-3.9141035e-06
-3.2443603e-06
-2.6619112e-06
-2.1500796e-06
-1.6746735e-06
-1.3187066e-06
-9.0595356e-07
-7.6294821e-07
-2.4863897e-07
-6.1463766e-07
7.8310717e-07
-7.4691723e-06
-6.0840806e-06
-5.4911645e-06
-4.5801115e-06
-3.9102253e-06
-3.2420466e-06
-2.6601617e-06
-2.1488639e-06
-1.6739055e-06
-1.318068e-06
-9.0574857e-07
-7.6243946e-07
-2.4912934e-07
-6.1599778e-07
7.7326655e-07
-7.4873462e-06
-6.0574389e-06
-5.4810341e-06
-4.5731095e-06
-3.9041094e-06
-3.2383397e-06
-2.6573711e-06
-2.1469235e-06
-1.6726649e-06
-1.3170573e-06
-9.0539375e-07
-7.6165458e-07
-2.4984116e-07
-6.1792221e-07
7.6052597e-07
-7.5110522e-06
-6.0208365e-06
-5.4668334e-06
-4.5632655e-06
-3.8955893e-06
-3.2331234e-06
-2.6534592e-06
-2.1442003e-06
-1.6709139e-06
-1.3156456e-06
-9.0487743e-07
-7.6057016e-07
-2.5078648e-07
-6.2024166e-07
7.44918e-07
-7.5392269e-06
-5.9742945e-06
-5.4480834e-06
-4.5504045e-06
-3.884491e-06
-3.2262737e-06
-2.6483409e-06
-2.1406318e-06
-1.6686118e-06
-1.3138022e-06
-9.0418637e-07
-7.5916017e-07
-2.5197486e-07
-6.227351e-07
7.2793984e-07
-7.5702794e-06
-5.9180754e-06
-5.4242472e-06
-4.534356e-06
-3.8706365e-06
-3.2176588e-06
-2.6419268e-06
-2.1361515e-06
-1.6657148e-06
-1.3114945e-06
-9.0330544e-07
-7.5739695e-07
-2.5341346e-07
-6.2518353e-07
7.1089607e-07
-7.6020641e-06
-5.8526919e-06
-5.3947408e-06
-4.5149528e-06
-3.8538469e-06
-3.2071404e-06
-2.6341248e-06
-2.1306899e-06
-1.6621768e-06
-1.3086887e-06
-9.0221832e-07
-7.552509e-07
-2.5511216e-07
-6.2730864e-07
6.9211585e-07
-7.6318509e-06
-5.7788904e-06
-5.3589492e-06
-4.4920227e-06
-3.8339438e-06
-3.1945726e-06
-2.6248397e-06
-2.1241743e-06
-1.6579494e-06
-1.3053496e-06
-9.0090755e-07
-7.5269033e-07
-2.5707403e-07
-6.2803783e-07
6.7003053e-07
-7.6563272e-06
-5.6976118e-06
-5.3162467e-06
-4.4653752e-06
-3.8107492e-06
-3.1797997e-06
-2.6139716e-06
-2.1165274e-06
-1.6529812e-06
-1.3014406e-06
-8.9935431e-07
-7.49683e-07
-2.5932023e-07
-6.2466694e-07
6.4505822e-07
-7.6716392e-06
-5.6099318e-06
-5.2660234e-06
-4.4347871e-06
-3.784086e-06
-3.1626547e-06
-2.601415e-06
-2.1076675e-06
-1.6472173e-06
-1.296923e-06
-8.9753801e-07
-7.4620306e-07
-2.619543e-07
-6.1523218e-07
6.1892466e-07
-7.6734768e-06
-5.5169805e-06
-5.2077131e-06
-4.3999862e-06
-3.7537761e-06
-3.142956e-06
-2.5870567e-06
-2.0975063e-06
-1.6405984e-06
-1.2917559e-06
-8.9543567e-07
-7.4223775e-07
-2.6503799e-07
-6.0086937e-07
5.9611837e-07
-7.6572124e-06
-5.4198453e-06
-5.1408231e-06
-4.3606355e-06
-3.7196374e-06
-3.1205057e-06
-2.5707735e-06
-2.0859481e-06
-1.6330595e-06
-1.2858955e-06
-8.9302125e-07
-7.3777565e-07
-2.678938e-07
-5.8448739e-07
5.7794833e-07
-7.6180974e-06
-5.3194609e-06
-5.0649628e-06
-4.3163208e-06
-3.6814807e-06
-3.0950868e-06
-2.5524292e-06
-2.0728879e-06
-1.6245287e-06
-1.2792944e-06
-8.9026725e-07
-7.3282926e-07
-2.6933215e-07
-5.6778373e-07
5.5961709e-07
-7.5515133e-06
-5.2164998e-06
-4.9798663e-06
-4.2665439e-06
-3.6391034e-06
-3.066462e-06
-2.5318723e-06
-2.0582094e-06
-1.6149258e-06
-1.2719004e-06
-8.8715387e-07
-7.2744177e-07
-2.6956899e-07
-5.5074917e-07
5.3804656e-07
-7.4532673e-06
-5.1112736e-06
-4.8854086e-06
-4.2107245e-06
-3.5922848e-06
-3.0343735e-06
-2.5089327e-06
-2.0417834e-06
-1.6041602e-06
-1.2636557e-06
-8.8366644e-07
-7.2163955e-07
-2.7008759e-07
-5.3324334e-07
5.132509e-07
-7.3199082e-06
-5.0036615e-06
-4.7816096e-06
-4.1482129e-06
-3.5407802e-06
-2.9985446e-06
-2.4834201e-06
-2.0234658e-06
-1.5921296e-06
-1.2544953e-06
-8.7978309e-07
-7.1541774e-07
-2.7158896e-07
-5.151902e-07
4.8543776e-07
-7.1490334e-06
-4.8930801e-06
-4.6686269e-06
-4.0783146e-06
-3.4843177e-06
-2.9586828e-06
-2.4551227e-06
-2.003096e-06
-1.5787179e-06
-1.2443458e-06
-8.7547118e-07
-7.0876167e-07
-2.7398508e-07
-4.9656594e-07
4.5464623e-07
-6.939544e-06
-4.7785068e-06
-4.5467355e-06
-4.0003275e-06
-3.4225986e-06
-2.9144874e-06
-2.4238092e-06
-1.9804969e-06
-1.5637944e-06
-1.2331245e-06
-8.7068544e-07
-7.0165261e-07
-2.7727116e-07
-4.7740886e-07
4.2089616e-07
-6.6917884e-06
-4.6585683e-06
-4.4162979e-06
-3.9135873e-06
-3.3553047e-06
-2.8656591e-06
-2.389233e-06
-1.9554765e-06
-1.5472146e-06
-1.2207391e-06
-8.6536612e-07
-6.9406919e-07
-2.8157391e-07
-4.5788486e-07
3.8422282e-07
-6.4075509e-06
-4.5316991e-06
-4.2777262e-06
-3.817505e-06
-3.2821042e-06
-2.8119059e-06
-2.3511326e-06
-1.9278236e-06
-1.5288156e-06
-1.2070826e-06
-8.5943286e-07
-6.8595398e-07
-2.8651992e-07
-4.3808443e-07
3.4467088e-07
-6.0901656e-06
-4.3962754e-06
-4.1314594e-06
-3.7115778e-06
-3.2026334e-06
-2.7529292e-06
-2.3092136e-06
-1.8972867e-06
-1.5083968e-06
-1.1920185e-06
-8.5276821e-07
-6.7709204e-07
-2.912255e-07
-4.1698037e-07
3.0265372e-07
-5.7457794e-06
-4.2502587e-06
-3.9780505e-06
-3.5954965e-06
-3.1165113e-06
-2.6884661e-06
-2.2631813e-06
-1.8635968e-06
-1.485727e-06
-1.1754041e-06
-8.4522343e-07
-6.6740974e-07
-2.9446562e-07
-3.9352607e-07
2.5934149e-07
-5.3834763e-06
-4.0905782e-06
-3.8183716e-06
-3.4697662e-06
-3.0237977e-06
-2.6187067e-06
-2.2131222e-06
-1.8268011e-06
-1.4608068e-06
-1.1573167e-06
-8.3677896e-07
-6.5663628e-07
-2.9705789e-07
-3.6822724e-07
2.1618636e-07
-1.0458419e-05
-5.3088056e-06
-1.6562724e-06
6.102396e-07
1.834171e-06
2.5437782e-06
2.9177593e-06
3.0198061e-06
3.2195967e-06
-1.6191234e-06
6.4091929e-07
2.1863649e-06
3.1411965e-06
3.5245394e-06
3.6693358e-06
3.6683892e-06
3.5458037e-06
3.6899744e-06
4.8324614e-06
5.6406992e-06
5.8050685e-06
5.6745003e-06
5.2503449e-06
4.8070011e-06
4.4147189e-06
4.057728e-06
4.1546287e-06
1.0907971e-05
1.0418704e-05
9.3626033e-06
8.1886109e-06
6.9570418e-06
5.9275629e-06
5.1476364e-06
4.5633885e-06
4.6195228e-06
1.6907862e-05
1.5152683e-05
1.2889276e-05
1.0668964e-05
8.6281063e-06
7.020001e-06
5.8594087e-06
5.0613252e-06
5.0755566e-06
2.2750532e-05
1.9775825e-05
1.6332936e-05
1.3080573e-05
1.0243349e-05
8.0723357e-06
6.5437821e-06
5.5525151e-06
5.5073579e-06
2.8354536e-05
2.4214648e-05
1.9638904e-05
1.5388399e-05
1.1782688e-05
9.0728475e-06
7.1955058e-06
6.0290045e-06
5.8892851e-06
3.3651944e-05
2.8409419e-05
2.2759699e-05
1.7560706e-05
1.3227227e-05
1.0010715e-05
7.8083454e-06
6.4704372e-06
6.2361767e-06
3.8575035e-05
3.2303672e-05
2.5651825e-05
1.9568544e-05
1.4559395e-05
1.0875263e-05
8.3709509e-06
6.8682462e-06
6.5664078e-06
4.3055892e-05
3.5843231e-05
2.8275281e-05
2.1385657e-05
1.5762938e-05
1.1654986e-05
8.868596e-06
7.2211731e-06
6.8758129e-06
4.7029731e-05
3.897785e-05
3.0594e-05
2.2988595e-05
1.6822933e-05
1.2338812e-05
9.3047126e-06
7.5368721e-06
7.1515866e-06
5.0437618e-05
4.1662517e-05
3.2576247e-05
2.435676e-05
1.772675e-05
1.2921722e-05
9.6852559e-06
7.8111764e-06
7.3818152e-06
5.3228221e-05
4.3858427e-05
3.4195049e-05
2.5472679e-05
1.8463534e-05
1.3397223e-05
9.9975902e-06
8.0310736e-06
7.566258e-06
5.5359054e-05
4.553366e-05
3.5428411e-05
2.6322082e-05
1.9024141e-05
1.3759076e-05
1.0234441e-05
8.1954987e-06
7.706266e-06
5.6796876e-05
4.6663114e-05
3.625887e-05
2.6893371e-05
1.9400933e-05
1.4002103e-05
1.0392604e-05
8.307099e-06
7.8002356e-06
5.7518266e-05
4.7228877e-05
3.6673748e-05
2.7177833e-05
1.9587854e-05
1.4122067e-05
1.0469837e-05
8.3626086e-06
7.8463771e-06
-1.6034145e-05
-1.7650608e-05
-1.7368694e-05
-1.619608e-05
-1.4844144e-05
-1.3511202e-05
-1.2223287e-05
-1.0999293e-05
-9.8469837e-06
-8.7833133e-06
-7.8070208e-06
-6.9463666e-06
-6.1066357e-06
-5.574029e-06
-4.3326997e-06
-6.9272681e-06
-9.6022355e-06
-1.0658178e-05
-1.0891617e-05
-1.0799978e-05
-1.0460178e-05
-9.9090267e-06
-9.216785e-06
-8.4578272e-06
-7.6929705e-06
-6.9543584e-06
-6.2683105e-06
-5.6011146e-06
-5.0984311e-06
-4.1419963e-06
-3.5507755e-06
-6.1669293e-06
-7.3497005e-06
-7.6859731e-06
-7.7888912e-06
-7.7564887e-06
-7.5511168e-06
-7.1869299e-06
-6.7444766e-06
-6.2689598e-06
-5.7827071e-06
-5.3052862e-06
-4.8355743e-06
-4.4096403e-06
-3.7988512e-06
-1.036266e-06
-2.373216e-06
-3.187584e-06
-3.7008203e-06
-4.075714e-06
-4.3220662e-06
-4.4568654e-06
-4.4733579e-06
-4.4127283e-06
-4.3073455e-06
-4.1415393e-06
-3.9355836e-06
-3.7014353e-06
-3.4517287e-06
-3.1611317e-06
7.0240743e-07
7.10218e-08
-4.9384914e-07
-9.8101217e-07
-1.3853855e-06
-1.7078305e-06
-1.9537657e-06
-2.137834e-06
-2.2621432e-06
-2.3295416e-06
-2.3503275e-06
-2.3372444e-06
-2.3016507e-06
-2.2500941e-06
-2.1872675e-06
1.8424359e-06
1.5576658e-06
1.2468327e-06
9.4510559e-07
6.7177643e-07
4.245327e-07
1.9987187e-07
-2.7601531e-09
-1.8314619e-07
-3.4253865e-07
-4.8243315e-07
-6.0369775e-07
-7.0661724e-07
-7.9314998e-07
-8.7426741e-07
2.4860072e-06
2.3552637e-06
2.1958291e-06
2.0288095e-06
1.8660274e-06
1.7065407e-06
1.5492261e-06
1.3947859e-06
1.2441379e-06
1.0979327e-06
9.5673477e-07
8.2108011e-07
6.9139859e-07
5.6815178e-07
4.4657988e-07
2.7440597e-06
2.6917723e-06
2.6151657e-06
2.5288847e-06
2.4419103e-06
2.3533608e-06
2.2619319e-06
2.1676855e-06
2.0709164e-06
1.9717478e-06
1.8702527e-06
1.7665424e-06
1.6607658e-06
1.5531334e-06
1.4420606e-06
2.991387e-06
2.9585934e-06
2.9085132e-06
2.8512188e-06
2.7917651e-06
2.7292689e-06
2.662769e-06
2.5921278e-06
2.5173404e-06
2.4383244e-06
2.355e-06
2.2673341e-06
2.1753359e-06
2.0791774e-06
1.9811221e-06
-5.0374867e-06
-3.9445747e-06
-3.6732536e-06
-3.3531032e-06
-2.9385632e-06
-2.5542565e-06
-2.1668644e-06
-1.7927679e-06
-1.4377928e-06
-1.1407328e-06
-8.2910843e-07
-6.4628379e-07
-3.0092609e-07
-3.4444749e-07
1.7914054e-07
-4.5775381e-06
-3.7975686e-06
-3.4976189e-06
-3.2099959e-06
-2.8347859e-06
-2.4738556e-06
-2.1083993e-06
-1.7491386e-06
-1.4080612e-06
-1.1187261e-06
-8.1910024e-07
-6.323186e-07
-3.0679896e-07
-3.13395e-07
1.390298e-07
-3.9364058e-06
-3.5117136e-06
-3.2177877e-06
-2.9672564e-06
-2.6544339e-06
-2.3351834e-06
-2.005581e-06
-1.6710724e-06
-1.3535909e-06
-1.0784497e-06
-7.9960968e-07
-6.0785729e-07
-3.1385204e-07
-2.6746301e-07
8.4073432e-08
-3.1442408e-06
-2.9753856e-06
-2.7678797e-06
-2.5730994e-06
-2.3489586e-06
-2.1043021e-06
-1.8275946e-06
-1.5301133e-06
-1.2509824e-06
-1.0037062e-06
-7.5842115e-07
-5.6630129e-07
-3.1497066e-07
-2.1148634e-07
1.3750422e-08
-2.1370893e-06
-2.1221885e-06
-2.075229e-06
-1.9950103e-06
-1.8849173e-06
-1.7326719e-06
-1.5135479e-06
-1.2722275e-06
-1.0598743e-06
-8.68549e-07
-6.7587385e-07
-4.9840805e-07
-2.9548775e-07
-1.4779118e-07
-5.876098e-08
-9.1498445e-07
-1.023396e-06
-1.1004029e-06
-1.1306336e-06
-1.1231556e-06
-1.0628475e-06
-9.7130831e-07
-8.8738246e-07
-7.9814203e-07
-6.8974246e-07
-5.5131872e-07
-3.9278919e-07
-2.3020062e-07
-8.1506098e-08
-9.0289483e-08
3.5745984e-07
2.2082298e-07
9.1992336e-08
-1.5874039e-08
-1.1133104e-07
-1.9074526e-07
-2.5067285e-07
-2.8530783e-07
-2.9738841e-07
-2.7511754e-07
-2.1157716e-07
-1.5131872e-07
-1.1250052e-07
-8.0602948e-08
-9.1229113e-08
1.3454702e-06
1.2223438e-06
1.0962068e-06
9.7392345e-07
8.5074174e-07
7.2725338e-07
6.0756973e-07
4.9461935e-07
3.8842408e-07
2.9167655e-07
2.0807663e-07
1.3549537e-07
7.7594792e-08
3.6581454e-08
2.7476408e-09
1.8832612e-06
1.7757576e-06
1.672645e-06
1.5658848e-06
1.4488912e-06
1.3226837e-06
1.1896852e-06
1.0515292e-06
9.0986705e-07
7.6682951e-07
6.2491904e-07
4.8606249e-07
3.5036191e-07
2.1413406e-07
8.3011064e-08
)
;

boundaryField
{
    inlet
    {
        type            zeroGradient;
    }
    outlet
    {
        type            fixedValue;
        value           uniform 0;
    }
    cylinder
    {
        type            zeroGradient;
    }
    frontAndBack
    {
        type            empty;
    }
}


// ************************************************************************* //
