/*--------------------------------*- C++ -*----------------------------------*\
  =========                 |
  \\      /  F ield         | OpenFOAM: The Open Source CFD Toolbox
   \\    /   O peration     | Website:  https://openfoam.org
    \\  /    A nd           | Version:  14
     \\/     M anipulation  |
\*---------------------------------------------------------------------------*/
FoamFile
{
    format      ascii;
    class       volScalarField;
    location    "1000";
    object      p;
}
// * * * * * * * * * * * * * * * * * * * * * * * * * * * * * * * * * * * * * //

dimensions      [0 2 -2 0 0 0 0];

internalField   nonuniform List<scalar> 
5388
(
-0.00023401242
-0.00023387962
-0.00023370131
-0.00023349862
-0.0002332574
-0.00023296607
-0.00023261392
-0.00023218806
-0.00023167269
-0.00023104867
-0.00023029309
-0.0002293786
-0.00022827279
-0.0002269375
-0.00022532825
-0.00022339381
-0.000221076
-0.00021831001
-0.00021502538
-0.00021114793
-0.00020660294
-0.00020131969
-0.0001952375
-0.00018831285
-0.00018052706
-0.00017189348
-0.00016246271
-0.00015232464
-0.00014160624
-0.00013046482
-0.00011907765
-0.00010763136
-9.6296506e-05
-8.5276648e-05
-7.4571839e-05
-6.4679497e-05
-5.4642145e-05
-4.6982226e-05
-3.6428425e-05
-0.00023404641
-0.00023391269
-0.0002337332
-0.00023352917
-0.00023328636
-0.00023299314
-0.0002326387
-0.00023221011
-0.00023169148
-0.00023106356
-0.00023030335
-0.00022938337
-0.00022827107
-0.00022692816
-0.00022531005
-0.00022336538
-0.00022103589
-0.00021825673
-0.0002149575
-0.00021106419
-0.00020650236
-0.00020120173
-0.00019510212
-0.0001881606
-0.00018035919
-0.00017171193
-0.00016227011
-0.00015212418
-0.00014140146
-0.00013025944
-0.00011887537
-0.00010743522
-9.6110082e-05
-8.5101356e-05
-7.4411088e-05
-6.4532054e-05
-5.450638e-05
-4.6893601e-05
-3.6230818e-05
-0.00023414228
-0.00023400634
-0.00023382388
-0.0002336165
-0.00023336974
-0.0002330718
-0.00023271176
-0.00023227653
-0.00023175002
-0.00023111282
-0.00023034168
-0.00022940892
-0.00022828172
-0.00022692157
-0.00022528365
-0.00022331641
-0.00022096149
-0.00021815407
-0.0002148239
-0.0002108973
-0.00020630042
-0.00020096375
-0.00019482813
-0.00018785192
-0.00018001851
-0.00017134341
-0.00016187923
-0.0001517175
-0.00014098627
-0.00012984326
-0.00011846575
-0.00010703841
-9.5733257e-05
-8.4747887e-05
-7.4086618e-05
-6.4236864e-05
-5.4231245e-05
-4.672178e-05
-3.5828752e-05
-0.00023428561
-0.00023414613
-0.00023395893
-0.0002337462
-0.00023349317
-0.00023318776
-0.00023281885
-0.00023237314
-0.00023183426
-0.00023118253
-0.00023039437
-0.00022944175
-0.00022829153
-0.00022690485
-0.00022523654
-0.00022323483
-0.0002208412
-0.00021799082
-0.00021461366
-0.00021063656
-0.0002059865
-0.0002005952
-0.00019440512
-0.00018737652
-0.00017949494
-0.00017077805
-0.00016128047
-0.00015109539
-0.00014035195
-0.00012920823
-0.00011784149
-0.00010643435
-9.51602e-05
-8.4211329e-05
-7.3593821e-05
-6.3790532e-05
-5.3812935e-05
-4.6465076e-05
-3.5213491e-05
-0.00023446327
-0.00023431896
-0.00023412529
-0.00023390528
-0.00023364367
-0.00023332807
-0.00023294706
-0.00023248701
-0.00023193124
-0.00023125963
-0.00023044818
-0.0002294684
-0.00022828668
-0.00022686369
-0.00022515388
-0.00022310512
-0.00022065875
-0.00021774998
-0.00021430914
-0.00021026379
-0.00020554208
-0.0002000774
-0.00019381437
-0.00018671584
-0.00017877022
-0.00016999809
-0.00016045679
-0.00015024168
-0.00013948336
-0.00012834035
-0.00011698984
-0.00010561142
-9.4380644e-05
-8.3482801e-05
-7.2924901e-05
-6.3186122e-05
-5.3246546e-05
-4.6116573e-05
-3.4382286e-05
-0.00023464652
-0.00023449609
-0.00023429424
-0.00023406501
-0.00023379257
-0.00023346406
-0.00023306774
-0.00023258959
-0.00023201245
-0.00023131572
-0.00023047485
-0.00022946078
-0.0002282393
-0.00022677051
-0.00022500835
-0.00022290033
-0.00022038754
-0.00021740531
-0.00021388443
-0.0002097534
-0.00020494191
-0.00019938549
-0.00019303153
-0.00018584617
-0.00017782145
-0.00016898163
-0.00015938744
-0.00014913697
-0.00013836258
-0.00012722326
-0.00011589603
-0.00010455619
-9.3382815e-05
-8.255219e-05
-7.2071034e-05
-6.2415543e-05
-5.2526856e-05
-4.566688e-05
-3.3335444e-05
-0.00023479569
-0.0002346379
-0.00023442622
-0.00023418591
-0.00023390043
-0.00023355642
-0.00023314169
-0.00023264177
-0.00023203894
-0.00023131202
-0.00023043579
-0.0002293805
-0.00022811124
-0.00022658744
-0.00022476243
-0.00022258326
-0.00021999083
-0.0002169206
-0.00021330394
-0.00020907058
-0.00020415208
-0.00019848661
-0.00019202494
-0.00018473722
-0.00017661987
-0.0001677016
-0.0001580472
-0.000147758
-0.00013696838
-0.00012583779
-0.00011454298
-0.00010325312
-9.2153312e-05
-8.1408083e-05
-7.102222e-05
-6.1469513e-05
-5.1648074e-05
-4.5104093e-05
-3.2073883e-05
-0.00023485489
-0.00023468859
-0.0002344656
-0.00023421246
-0.00023391188
-0.0002335499
-0.00023311385
-0.00023258871
-0.00023195615
-0.00023119427
-0.00023027712
-0.00022917415
-0.00022784964
-0.00022626225
-0.00022436464
-0.00022210334
-0.00021941905
-0.0002162474
-0.00021252055
-0.00020816965
-0.00020312852
-0.00019733848
-0.00019075429
-0.00018335082
-0.00017512965
-0.00016612465
-0.00015640532
-0.00014607671
-0.00013527541
-0.00012416128
-0.00011291069
-0.00010168421
-9.0677359e-05
-8.0037503e-05
-6.9766853e-05
-6.0337231e-05
-5.0603493e-05
-4.4413588e-05
-3.0598165e-05
-0.00023475122
-0.0002345754
-0.00023433983
-0.00023407227
-0.00023375471
-0.00023337254
-0.00023291255
-0.00023235909
-0.00023169315
-0.00023089203
-0.00022992896
-0.00022877251
-0.00022738606
-0.00022572743
-0.00022374852
-0.00022139536
-0.00021860842
-0.00021532362
-0.00021147402
-0.00020699249
-0.00020181548
-0.00019588795
-0.00018916929
-0.00018163975
-0.0001733068
-0.0001642102
-0.00015442473
-0.00014405955
-0.00013325363
-0.00012216707
-0.00011097593
-9.982856e-05
-8.8939118e-05
-7.8425179e-05
-6.8291165e-05
-5.9006082e-05
-4.9385135e-05
-4.3579681e-05
-2.8924079e-05
-0.00023439196
-0.00023420576
-0.00023395655
-0.00023367322
-0.00023333707
-0.00023293282
-0.00023244665
-0.00023186224
-0.00023115981
-0.00023031585
-0.00022930266
-0.00022808785
-0.00022663389
-0.00022489765
-0.00022283029
-0.00022037726
-0.00021747892
-0.00021407153
-0.00021008925
-0.00020546693
-0.00020014405
-0.0001940697
-0.00018720844
-0.00017954662
-0.00017109826
-0.00016190962
-0.00015206129
-0.00014166687
-0.00013086776
-0.00011982441
-0.00010871252
-9.765797e-05
-8.6912164e-05
-7.6550778e-05
-6.6578517e-05
-5.7461168e-05
-4.7982909e-05
-4.2587621e-05
-2.7122948e-05
-0.00023366223
-0.00023346502
-0.0002332014
-0.00023290126
-0.00023254528
-0.0002321175
-0.00023160342
-0.00023098605
-0.00023024479
-0.00022935523
-0.00022828876
-0.00022701198
-0.00022548636
-0.00022366786
-0.00022150686
-0.00021894831
-0.00021593245
-0.00021239608
-0.00020827462
-0.0002035052
-0.0001980307
-0.0001918048
-0.00018479782
-0.00017700276
-0.00016844081
-0.00015916529
-0.000149263
-0.00013885217
-0.00012807675
-0.00011709829
-0.00010609159
-9.5128286e-05
-8.4527821e-05
-7.4391606e-05
-6.4610964e-05
-5.5684831e-05
-4.6382581e-05
-4.1410623e-05
-2.5155178e-05
-0.00023242342
-0.0002322148
-0.00023193638
-0.00023161878
-0.0002312422
-0.00023078997
-0.00023024695
-0.00022959538
-0.00022881386
-0.0002278771
-0.00022675549
-0.00022541465
-0.00022381507
-0.00022191179
-0.00021965445
-0.00021698758
-0.00021385142
-0.00021018343
-0.00020592058
-0.00020100254
-0.00019537595
-0.00018899955
-0.0001818499
-0.00017392718
-0.00016526023
-0.00015590984
-0.00014596928
-0.00013556151
-0.0001248331
-0.00011394641
-0.00010307246
-9.2215251e-05
-8.1808375e-05
-7.1975429e-05
-6.237566e-05
-5.3657183e-05
-4.4565692e-05
-4.0009383e-05
-2.2934949e-05
-0.00023051018
-0.00023029011
-0.00022999692
-0.0002296617
-0.0002292643
-0.0002287874
-0.00022821518
-0.00022752916
-0.00022670712
-0.00022572289
-0.00022454592
-0.00022314088
-0.0002214673
-0.00021947939
-0.00021712613
-0.00021435175
-0.00021109665
-0.00020729918
-0.00020289803
-0.00019783577
-0.00019206316
-0.00018554436
-0.00017826262
-0.00017022571
-0.00016147048
-0.00015206543
-0.00014211042
-0.00013173311
-0.00012108244
-0.00011031335
-9.9555337e-05
-8.9063801e-05
-7.887835e-05
-6.9161034e-05
-5.9847731e-05
-5.1356833e-05
-4.251236e-05
-3.8359866e-05
-2.0531985e-05
-0.00022773184
-0.00022750065
-0.00022719325
-0.00022684082
-0.00022642308
-0.0002259221
-0.00022532142
-0.00022460184
-0.00022374041
-0.00022271008
-0.00022147945
-0.0002200123
-0.00021826732
-0.000216198
-0.00021375283
-0.00021087586
-0.00020750792
-0.00020358845
-0.00019905823
-0.00019386299
-0.00018795798
-0.00018131317
-0.00017391877
-0.00016579044
-0.00015697323
-0.00014754344
-0.00013760749
-0.000127298
-0.00011676843
-0.00010617411
-9.5594418e-05
-8.5433395e-05
-7.550579e-05
-6.5938747e-05
-5.6965319e-05
-4.8752381e-05
-4.0198782e-05
-3.6432743e-05
-1.7968761e-05
-0.00022386611
-0.00022362456
-0.00022330407
-0.0002229355
-0.00022249869
-0.00022197517
-0.00022134789
-0.00022059702
-0.0002196989
-0.00021862578
-0.0002173455
-0.00021582108
-0.00021401055
-0.00021186687
-0.00020933824
-0.00020636885
-0.00020290016
-0.00019887303
-0.00019423058
-0.00018892205
-0.00018290744
-0.0001761628
-0.00016868555
-0.00016049934
-0.0001516574
-0.00014224355
-0.00013237023
-0.00012217338
-0.00011180542
-0.0001014248
-9.1162143e-05
-8.1156284e-05
-7.1522527e-05
-6.2364086e-05
-5.3724375e-05
-4.5816243e-05
-3.7597109e-05
-3.4192445e-05
-1.5238906e-05
-0.0002186719
-0.00021842127
-0.00021808947
-0.00021770665
-0.00021725297
-0.00021670957
-0.00021605888
-0.00021528053
-0.0002143503
-0.00021323986
-0.00021191644
-0.00021034253
-0.00020847569
-0.00020626861
-0.00020366948
-0.0002006229
-0.00019707138
-0.00019295754
-0.00018822726
-0.00018283368
-0.00017674189
-0.00016993423
-0.00016241541
-0.00015421697
-0.00014539998
-0.0001360553
-0.00012630057
-0.00011627407
-0.00010612609
-9.600868e-05
-8.6052344e-05
-7.6368344e-05
-6.7131036e-05
-5.8358197e-05
-5.0086142e-05
-4.2515168e-05
-3.4674654e-05
-3.1600295e-05
-1.2332786e-05
-0.0002118641
-0.00021160617
-0.00021126549
-0.00021087113
-0.00021040376
-0.00020984433
-0.00020917485
-0.00020837457
-0.0002074189
-0.00020627912
-0.00020492214
-0.00020331019
-0.00020140073
-0.00019914652
-0.00019649619
-0.00019339518
-0.00018978741
-0.00018561767
-0.00018083493
-0.00017539639
-0.00016927243
-0.0001624517
-0.00015494617
-0.00014679501
-0.00013806672
-0.00012885844
-0.00011929212
-0.00010950751
-9.9652812e-05
-8.9873992e-05
-8.0299384e-05
-7.1037922e-05
-6.2216886e-05
-5.3864529e-05
-4.6008106e-05
-3.8811327e-05
-3.1394037e-05
-2.8614987e-05
-9.2364248e-06
-0.00020317482
-0.00020291203
-0.00020256575
-0.00020216359
-0.00020168699
-0.00020111681
-0.00020043485
-0.00019962016
-0.00019864797
-0.00019748943
-0.0001961114
-0.00019447616
-0.00019254136
-0.00019026025
-0.00018758226
-0.00018445414
-0.00018082174
-0.0001766326
-0.00017183935
-0.00016640392
-0.00016030236
-0.00015352983
-0.00014610529
-0.00013807496
-0.00012951376
-0.00012052391
-0.00011123023
-0.00010177242
-9.22953e-05
-8.2937954e-05
-7.3822017e-05
-6.5047473e-05
-5.6707392e-05
-4.8835191e-05
-4.1445795e-05
-3.466356e-05
-2.771394e-05
-2.5192839e-05
-5.927669e-06
-0.00019223434
-0.00019196943
-0.00019162085
-0.00019121545
-0.00019073512
-0.00019016078
-0.00018947424
-0.00018865463
-0.00018767733
-0.00018651376
-0.00018513117
-0.0001834924
-0.00018155596
-0.00017927622
-0.00017660415
-0.00017348851
-0.00016987769
-0.00016572238
-0.00016097903
-0.00015561411
-0.00014960897
-0.00014296482
-0.0001357071
-0.00012788846
-0.00011958943
-0.00011091609
-0.00010199456
-9.2962712e-05
-8.3960028e-05
-7.5117016e-05
-6.6545209e-05
-5.8332239e-05
-5.0548209e-05
-4.3220604e-05
-3.6352308e-05
-3.0028686e-05
-2.3590834e-05
-2.1289931e-05
-2.3778972e-06
-0.0001788449
-0.0001785817
-0.00017823548
-0.00017783291
-0.00017735604
-0.00017678603
-0.00017610496
-0.0001752923
-0.00017432386
-0.00017317161
-0.00017180352
-0.00017018334
-0.00016827072
-0.00016602152
-0.0001633886
-0.00016032315
-0.0001567767
-0.00015270393
-0.00014806626
-0.00014283603
-0.00013700113
-0.00013056942
-0.00012357259
-0.00011606841
-0.00010814091
-9.9897476e-05
-9.1462889e-05
-8.2970569e-05
-7.4552309e-05
-6.6327935e-05
-5.8396459e-05
-5.0831396e-05
-4.3683366e-05
-3.6969024e-05
-3.067983e-05
-2.4863268e-05
-1.8981601e-05
-1.6865922e-05
1.4371792e-06
-0.00016241925
-0.00016216195
-0.00016182357
-0.00016143024
-0.00016096454
-0.00016040819
-0.0001597439
-0.00015895191
-0.000158009
-0.0001568884
-0.00015555955
-0.00015398814
-0.0001521361
-0.00014996209
-0.00014742227
-0.00014447164
-0.00014106591
-0.00013716423
-0.00013273248
-0.00012774742
-0.00012220123
-0.00011610603
-0.00010949772
-0.00010243785
-9.5013041e-05
-8.7331058e-05
-7.9513941e-05
-7.1688788e-05
-6.3977534e-05
-5.6487209e-05
-4.9302241e-05
-4.24805e-05
-3.6054461e-05
-3.0027888e-05
-2.4380626e-05
-1.9124555e-05
-1.384339e-05
-1.1871566e-05
5.569054e-06
-0.00014320936
-0.00014296388
-0.00014264112
-0.00014226594
-0.00014182177
-0.00014129126
-0.00014065797
-0.00013990316
-0.00013900483
-0.0001379376
-0.00013667259
-0.00013517735
-0.00013341602
-0.0001313498
-0.00012893777
-0.00012613845
-0.00012291183
-0.0001192223
-0.00011504221
-0.00011035588
-0.00010516369
-9.9485605e-05
-9.3363622e-05
-8.6862545e-05
-8.0068557e-05
-7.3085176e-05
-6.6026534e-05
-5.9008557e-05
-5.213926e-05
-4.5509748e-05
-3.9187551e-05
-3.3213515e-05
-2.7602762e-05
-2.2345412e-05
-1.7409299e-05
-1.2774107e-05
-8.1337183e-06
-6.2039642e-06
1.0273379e-05
-0.00011978135
-0.00011955265
-0.00011925202
-0.00011890281
-0.00011848971
-0.00011799675
-0.00011740892
-0.00011670922
-0.00011587777
-0.00011489178
-0.00011372551
-0.00011235027
-0.0001107347
-0.0001088452
-0.00010664684
-0.00010410466
-0.00010118544
-9.7860092e-05
-9.4106544e-05
-8.99132e-05
-8.5282662e-05
-8.023538e-05
-7.4812453e-05
-6.9076645e-05
-6.3110738e-05
-5.701278e-05
-5.0888574e-05
-4.4842432e-05
-3.8967713e-05
-3.3338727e-05
-2.8005381e-05
-2.299133e-05
-1.8295622e-05
-1.3895597e-05
-9.748506e-06
-5.8093463e-06
-1.8566547e-06
2.0203629e-07
1.5759486e-05
-9.4246899e-05
-9.4041865e-05
-9.3772485e-05
-9.345954e-05
-9.3089343e-05
-9.2647647e-05
-9.2121066e-05
-9.1494421e-05
-9.0749991e-05
-8.9867456e-05
-8.8823867e-05
-8.7593683e-05
-8.6149003e-05
-8.4460073e-05
-8.2496186e-05
-8.0227067e-05
-7.7624829e-05
-7.4666547e-05
-7.1337356e-05
-6.7633822e-05
-6.3567162e-05
-5.916572e-05
-5.4476136e-05
-4.9562691e-05
-4.4504503e-05
-3.9390478e-05
-3.4312289e-05
-2.9356193e-05
-2.4594944e-05
-2.0081256e-05
-1.5844047e-05
-1.1888033e-05
-8.1964554e-06
-4.7356207e-06
-1.4577002e-06
1.6888533e-06
4.8524108e-06
6.9192923e-06
1.9621039e-05
-6.2555289e-05
-6.2383163e-05
-6.2157065e-05
-6.1894563e-05
-6.1584283e-05
-6.1214444e-05
-6.0774065e-05
-6.0250772e-05
-5.9630195e-05
-5.8895967e-05
-5.8029759e-05
-5.7011376e-05
-5.5819028e-05
-5.4429843e-05
-5.2820688e-05
-5.0969375e-05
-4.8856301e-05
-4.6466529e-05
-4.379227e-05
-4.0835591e-05
-3.7611032e-05
-3.4147645e-05
-3.0489826e-05
-2.6696324e-05
-2.2837039e-05
-1.898764e-05
-1.522258e-05
-1.1607532e-05
-8.1925537e-06
-5.007262e-06
-2.0589416e-06
6.6612266e-07
3.198418e-06
5.578735e-06
7.8512955e-06
1.0052361e-05
1.2255431e-05
1.3706824e-05
1.7947099e-05
-2.6109068e-05
-2.5975583e-05
-2.5799302e-05
-2.5596653e-05
-2.5357665e-05
-2.5073204e-05
-2.4735195e-05
-2.4334612e-05
-2.3861051e-05
-2.3302824e-05
-2.264707e-05
-2.1879934e-05
-2.0986897e-05
-1.9953303e-05
-1.8765146e-05
-1.7410115e-05
-1.5878942e-05
-1.4166973e-05
-1.2275896e-05
-1.0215435e-05
-8.0047769e-06
-5.6734395e-06
-3.2611953e-06
-8.1667087e-07
1.6057036e-06
3.9504269e-06
6.1668947e-06
8.2156292e-06
1.0073487e-05
1.1736645e-05
1.3220609e-05
1.455721e-05
1.5789047e-05
1.6961955e-05
1.8116696e-05
1.9276573e-05
2.0479068e-05
2.1273286e-05
2.3086537e-05
1.168979e-05
1.1776847e-05
1.1891112e-05
1.2023477e-05
1.2179411e-05
1.2364486e-05
1.2583693e-05
1.2842506e-05
1.314711e-05
1.3504316e-05
1.3921421e-05
1.4406017e-05
1.496567e-05
1.5607438e-05
1.6337207e-05
1.7158782e-05
1.8072771e-05
1.9075259e-05
2.0156421e-05
2.1299283e-05
2.2478976e-05
2.3662914e-05
2.4812234e-05
2.5884673e-05
2.6838688e-05
2.7638362e-05
2.8258386e-05
2.8688284e-05
2.8935028e-05
2.9023339e-05
2.8993312e-05
2.8895562e-05
2.8784479e-05
2.871036e-05
2.8711936e-05
2.8802367e-05
2.9000882e-05
2.901742e-05
2.9641917e-05
5.2595553e-05
5.2631253e-05
5.2677936e-05
5.2731611e-05
5.2794221e-05
5.2867592e-05
5.2953104e-05
5.305207e-05
5.3165739e-05
5.3295151e-05
5.3440937e-05
5.3603064e-05
5.3780492e-05
5.3970736e-05
5.4169329e-05
5.4369212e-05
5.4560085e-05
5.4727819e-05
5.4854033e-05
5.4915991e-05
5.4887001e-05
5.4737478e-05
5.4436882e-05
5.3956606e-05
5.3273799e-05
5.2375677e-05
5.1263593e-05
4.9955859e-05
4.8488426e-05
4.691291e-05
4.5292015e-05
4.3692971e-05
4.2179969e-05
4.080683e-05
3.9611475e-05
3.8594274e-05
3.7724997e-05
3.6782721e-05
3.6319736e-05
9.4733067e-05
9.4712338e-05
9.46848e-05
9.4652204e-05
9.4612657e-05
9.4563963e-05
9.4503688e-05
9.442878e-05
9.4335366e-05
9.4218562e-05
9.4072246e-05
9.3888781e-05
9.3658688e-05
9.3370289e-05
9.3009319e-05
9.2558564e-05
9.199757e-05
9.1302527e-05
9.044647e-05
8.9399991e-05
8.8132673e-05
8.6615409e-05
8.4823633e-05
8.2741241e-05
8.036472e-05
7.7706796e-05
7.4798814e-05
7.1691161e-05
6.8451214e-05
6.5158714e-05
6.1899022e-05
5.8755272e-05
5.5801129e-05
5.309472e-05
5.0674342e-05
4.8560452e-05
4.6415761e-05
4.4532908e-05
4.3099796e-05
0.00013795054
0.00013787046
0.00013776486
0.00013764148
0.00013749438
0.00013731712
0.00013710321
0.00013684496
0.00013653303
0.00013615618
0.00013570105
0.00013515177
0.00013448972
0.00013369321
0.00013273729
0.00013159373
0.00013023125
0.00012861608
0.00012671312
0.00012448769
0.00012190807
0.00011894879
0.00011559452
0.00011184436
0.00010771578
0.00010324758
9.8500889e-05
9.3557495e-05
8.8515243e-05
8.3480747e-05
7.8560323e-05
7.3850661e-05
6.9430607e-05
6.5346937e-05
6.1583621e-05
5.829263e-05
5.5168934e-05
5.2396919e-05
4.9876551e-05
0.0001811252
0.00018098384
0.00018079765
0.00018058059
0.00018032256
0.00018001279
0.00017964063
0.00017919371
0.00017865712
0.00017801326
0.00017724145
0.00017631764
0.00017521413
0.00017389935
0.0001723379
0.00017049085
0.00016831636
0.000165771
0.00016281163
0.00015939817
0.0001554973
0.0001510868
0.00014616056
0.00014073325
0.00013484428
0.00012855966
0.00012197126
0.00011519269
0.00010835201
0.00010158182
9.5008037e-05
8.8738876e-05
8.2852426e-05
7.7368743e-05
7.2339854e-05
6.7753475e-05
6.3769575e-05
6.0005496e-05
5.6407932e-05
0.00022351619
0.00022331343
0.0002230465
0.00022273558
0.00022236642
0.00022192387
0.00022139318
0.00022075723
0.0002199956
0.00021908425
0.00021799522
0.00021669625
0.00021515054
0.00021331665
0.00021114875
0.00020859724
0.00020560992
0.00020213397
0.00019811876
0.00019351961
0.00018830258
0.00018244983
0.00017596535
0.00016888004
0.00016125529
0.00015318399
0.00014478797
0.00013621163
0.00012761195
0.00011914625
0.00011095915
0.00010317083
9.5868524e-05
8.9104917e-05
8.2899118e-05
7.7041364e-05
7.1844148e-05
6.7119027e-05
6.2618497e-05
0.00026414812
0.00026388535
0.00026353951
0.00026313686
0.00026265911
0.00026208688
0.00026140138
0.00026058092
0.0002595997
0.00025842749
0.00025702928
0.0002553649
0.0002533888
0.00025105009
0.00024829298
0.00024505772
0.0002412823
0.00023690506
0.00023186832
0.00022612318
0.00021963526
0.00021239118
0.00020440494
0.00019572343
0.00018642963
0.00017664257
0.00016651298
0.00015621454
0.00014593146
0.0001358438
0.00012611283
0.00011686847
0.00010820083
0.00010015886
9.2743368e-05
8.5898482e-05
7.9580459e-05
7.3822808e-05
6.8431193e-05
0.00030214678
0.00030182709
0.00030140638
0.00030091672
0.00030033597
0.00029964073
0.00029880843
0.00029781301
0.00029662361
0.00029520414
0.00029351293
0.00029150233
0.00028911855
0.00028630181
0.00028298694
0.0002791047
0.00027458394
0.00026935483
0.00026335333
0.00025652688
0.00024884118
0.00024028746
0.00023088961
0.00022070986
0.00020985164
0.0001984585
0.00018670807
0.00017480106
0.0001629465
0.00015134497
0.00014017239
0.00012956696
0.00011962047
0.00011037732
0.00010183618
9.3954615e-05
8.6670164e-05
7.9976831e-05
7.3745245e-05
0.00033661748
0.00033624547
0.00033575561
0.00033518602
0.00033451072
0.00033370255
0.00033273546
0.00033157947
0.00033019905
0.00032855276
0.00032659285
0.00032426489
0.00032150757
0.00031825304
0.00031442764
0.00030995356
0.00030475139
0.00029874402
0.00029186175
0.00028404885
0.00027527122
0.00026552451
0.00025484181
0.00024329949
0.00023101976
0.00021816852
0.00020494773
0.00019158239
0.00017830362
0.00016533004
0.00015285027
0.00014100943
0.00012990121
0.00011956737
0.00011000273
0.00010116329
9.2993023e-05
8.5463386e-05
7.8470711e-05
0.00036676045
0.00036634075
0.00036578513
0.00036514479
0.00036438639
0.00036347868
0.00036239271
0.00036109509
0.00035954621
0.00035769992
0.00035550311
0.00035289536
0.00034980879
0.00034616844
0.00034189321
0.00033689779
0.00033109561
0.00032440324
0.00031674614
0.00030806603
0.00029832922
0.00028753546
0.00027572612
0.00026299013
0.00024946621
0.00023533977
0.0002208339
0.00020619459
0.0001916719
0.00017749977
0.00016387747
0.0001509558
0.00013883003
0.00012754003
0.00011707777
0.00010739845
9.8445575e-05
9.0187472e-05
8.2530395e-05
0.00039182086
0.00039136087
0.00039074938
0.00039004973
0.00038922177
0.00038823069
0.00038704516
0.00038562897
0.00038393908
0.00038192542
0.00037953044
0.00037668873
0.00037332693
0.00036936418
0.00036471323
0.00035928256
0.00035297967
0.00034571588
0.00033741269
0.00032800969
0.00031747357
0.00030580756
0.00029305997
0.00027933029
0.00026477102
0.00024958389
0.00023400951
0.00021831118
0.00020275449
0.00018758585
0.00017301308
0.0001591915
0.00014621755
0.00013412974
0.00012291814
0.0001125377
0.0001029309
9.4067892e-05
8.5858694e-05
0.00041121399
0.00041072326
0.00041006879
0.00040932399
0.00040844297
0.00040738796
0.00040612558
0.00040461721
0.00040281705
0.00040067216
0.00039812183
0.00039509681
0.00039151951
0.00038730449
0.00038235974
0.00037658897
0.00036989518
0.00036218574
0.00035337925
0.0003434138
0.00033225658
0.00031991363
0.00030643875
0.00029193957
0.00027657924
0.00026057195
0.00024417174
0.0002276551
0.00021129948
0.00019536069
0.00018005301
0.00016553515
0.00015190432
0.00013919818
0.00012740556
0.00011648119
0.00010636764
9.7037679e-05
8.8402045e-05
0.00042436716
0.00042385574
0.00042317233
0.00042239775
0.00042148205
0.00042038551
0.00041907336
0.00041750497
0.00041563189
0.0004133992
0.00041074475
0.00040759696
0.00040387518
0.00039949081
0.00039434861
0.00038834901
0.00038139184
0.00037338171
0.00036423508
0.00035388893
0.00034231065
0.00032950815
0.00031553897
0.00030051636
0.00028461083
0.00026804518
0.00025108265
0.00023400879
0.00021710905
0.00020064564
0.00018483715
0.00016984457
0.0001557656
0.00014263739
0.00013044807
0.00011915222
0.00010869291
9.9045222e-05
9.0119229e-05
0.00043115479
0.00043082236
0.00043027414
0.00042960014
0.00042875332
0.00042768033
0.00042630293
0.00042452642
0.00042234746
0.00041988043
0.00041712955
0.00041393071
0.00041014019
0.00040566918
0.00040042568
0.00039430913
0.0003872175
0.00037905393
0.00036973385
0.00035919376
0.0003474012
0.00033436508
0.00032014485
0.00030485662
0.00028867459
0.00027182588
0.00025457837
0.00023722213
0.00022004667
0.00020331737
0.000187255
0.00017202169
0.00015771535
0.00014437292
0.00013198227
0.00012049797
0.0001098634
0.00010005494
9.0981752e-05
-3.1857195e-05
-2.3835683e-05
-2.0498145e-05
-1.57221e-05
-1.2653836e-05
-9.5482461e-06
-7.0173716e-06
-4.7139736e-06
-2.6815856e-06
-8.6467492e-07
8.0699436e-07
2.2468551e-06
3.7272966e-06
4.746551e-06
6.2890506e-06
-3.1877591e-05
-2.3756959e-05
-2.0483549e-05
-1.5716068e-05
-1.2651298e-05
-9.5528833e-06
-7.0207917e-06
-4.7177071e-06
-2.6832817e-06
-8.6427913e-07
8.1005798e-07
2.2521675e-06
3.7365873e-06
4.7533254e-06
6.3126052e-06
-3.1924186e-05
-2.3568883e-05
-2.0426078e-05
-1.5656986e-05
-1.2603308e-05
-9.5162003e-06
-6.9857146e-06
-4.6862257e-06
-2.6524119e-06
-8.3387809e-07
8.4073737e-07
2.2824998e-06
3.7700837e-06
4.7765749e-06
6.3662423e-06
-3.198806e-05
-2.3257045e-05
-2.0315106e-05
-1.5534896e-05
-1.2502148e-05
-9.4312306e-06
-6.9065934e-06
-4.6148374e-06
-2.5852143e-06
-7.7055133e-07
9.0118125e-07
2.3390241e-06
3.8284859e-06
4.8157427e-06
6.4499566e-06
-3.206275e-05
-2.2819903e-05
-2.0147433e-05
-1.5349586e-05
-1.2347527e-05
-9.2983874e-06
-6.784125e-06
-4.5043584e-06
-2.4825674e-06
-6.7515867e-07
9.9067014e-07
2.421141e-06
3.9114009e-06
4.870849e-06
6.5635874e-06
-3.2138565e-05
-2.2258861e-05
-1.991912e-05
-1.5100251e-05
-1.2138025e-05
-9.116816e-06
-6.6176744e-06
-4.3542782e-06
-2.3440957e-06
-5.4740656e-07
1.1094494e-06
2.529105e-06
4.018915e-06
4.9425433e-06
6.7065965e-06
-3.2199302e-05
-2.1576839e-05
-1.9625538e-05
-1.4785522e-05
-1.1871419e-05
-8.8849628e-06
-6.4059802e-06
-4.1635342e-06
-2.1689592e-06
-3.866227e-07
1.2580227e-06
2.6633616e-06
4.1510933e-06
5.0315987e-06
6.8778794e-06
-3.222215e-05
-2.0774376e-05
-1.9263349e-05
-1.4404649e-05
-1.1545463e-05
-8.6013658e-06
-6.1479102e-06
-3.9312094e-06
-1.9564716e-06
-1.9229133e-07
1.4367224e-06
2.8242157e-06
4.3077768e-06
5.1387994e-06
7.0757489e-06
-3.2200095e-05
-1.9843015e-05
-1.8826409e-05
-1.395771e-05
-1.1157974e-05
-8.2646251e-06
-5.8424637e-06
-3.6565268e-06
-1.7060865e-06
3.5966091e-08
1.6457373e-06
3.0118578e-06
4.4886292e-06
5.2649645e-06
7.2979788e-06
-3.2148526e-05
-1.8804341e-05
-1.8274696e-05
-1.3442208e-05
-1.0706894e-05
-7.8732658e-06
-5.4886519e-06
-3.3387442e-06
-1.4173014e-06
2.9847636e-07
1.8851899e-06
3.226423e-06
4.6932029e-06
5.4109608e-06
7.5418604e-06
-3.2044007e-05
-1.7685086e-05
-1.756142e-05
-1.2854649e-05
-1.0190778e-05
-7.4258084e-06
-5.0854248e-06
-2.9770838e-06
-1.0895939e-06
5.9557107e-07
2.1551894e-06
3.4680307e-06
4.9209931e-06
5.577704e-06
7.8042795e-06
-3.1730787e-05
-1.6437908e-05
-1.6769188e-05
-1.2179867e-05
-9.6063571e-06
-6.9207003e-06
-4.6316298e-06
-2.5706812e-06
-7.2237643e-07
9.2762794e-07
2.4558725e-06
3.7368163e-06
5.1714852e-06
5.7661526e-06
8.0818148e-06
-3.1141087e-05
-1.5082293e-05
-1.5935175e-05
-1.1435515e-05
-8.9528134e-06
-6.3563272e-06
-4.1260012e-06
-2.1185622e-06
-3.1497249e-07
1.2950933e-06
2.7874267e-06
4.0329508e-06
5.4441921e-06
5.9772906e-06
8.3708561e-06
-3.0322346e-05
-1.3703492e-05
-1.4981763e-05
-1.0616828e-05
-8.2279976e-06
-5.7307315e-06
-3.5671195e-06
-1.6196525e-06
1.3336892e-07
1.6984703e-06
3.1500859e-06
4.3566357e-06
5.7386696e-06
6.2120889e-06
8.6677336e-06
-2.921506e-05
-1.2249389e-05
-1.3891506e-05
-9.7181211e-06
-7.4287644e-06
-5.0416607e-06
-2.9534746e-06
-1.0728539e-06
6.2340307e-07
2.1382603e-06
3.5440834e-06
4.7080643e-06
6.0545017e-06
6.4714427e-06
8.9688567e-06
-2.7755695e-05
-1.0723897e-05
-1.2656532e-05
-8.734642e-06
-6.5521238e-06
-4.2869017e-06
-2.2836636e-06
-4.7721111e-07
1.155749e-06
2.6148455e-06
3.9695587e-06
5.0873416e-06
6.3912518e-06
6.7560809e-06
9.2708665e-06
-2.5882874e-05
-9.1404945e-06
-1.1268913e-05
-7.6617573e-06
-5.5956833e-06
-3.4646311e-06
-1.5566688e-06
1.6785176e-07
1.7306895e-06
3.1283218e-06
4.4264203e-06
5.4943665e-06
6.7483798e-06
7.0664534e-06
9.5707962e-06
-2.3531528e-05
-7.5068828e-06
-9.720659e-06
-6.4941844e-06
-4.5574559e-06
-2.5734379e-06
-7.7196089e-07
8.6238647e-07
2.348017e-06
3.6783484e-06
4.9142084e-06
5.9286989e-06
7.1251399e-06
7.4025929e-06
9.8660462e-06
-2.0633119e-05
-5.819763e-06
-8.0028761e-06
-5.2239824e-06
-3.4349437e-06
-1.6119172e-06
7.0661912e-08
1.6059381e-06
3.0069794e-06
4.2640593e-06
5.4319966e-06
6.3894489e-06
7.5204898e-06
7.7639882e-06
1.0154428e-05
-1.7156816e-05
-4.0873042e-06
-6.120917e-06
-3.8483802e-06
-2.2303991e-06
-5.8215306e-07
9.6884522e-07
2.3961084e-06
3.7053558e-06
4.8834731e-06
5.9780217e-06
6.8750371e-06
7.9329472e-06
8.1494894e-06
1.0434357e-05
-1.317416e-05
-2.4085475e-06
-4.1534194e-06
-2.4043233e-06
-9.7187179e-07
4.9719931e-07
1.9096084e-06
3.2235178e-06
4.4362955e-06
5.5315272e-06
6.5484935e-06
7.3824656e-06
8.3601511e-06
8.557089e-06
1.070458e-05
-8.5024603e-06
-8.0062807e-07
-2.169484e-06
-9.1532093e-07
3.2224343e-07
1.6131527e-06
2.8831017e-06
4.0801503e-06
5.1932328e-06
6.2027922e-06
7.1389307e-06
7.9076743e-06
8.798799e-06
8.9834443e-06
1.096385e-05
-1.4361532e-06
1.8899811e-06
4.7771242e-07
1.0476074e-06
1.9165955e-06
2.9258316e-06
3.9854898e-06
5.0231348e-06
6.0094217e-06
6.9155298e-06
7.7582528e-06
8.4532068e-06
9.2489446e-06
9.4247956e-06
1.1214019e-05
9.4848282e-06
7.4830686e-06
4.9193207e-06
4.2061685e-06
4.2490119e-06
4.6947158e-06
5.3729604e-06
6.1484034e-06
6.9443342e-06
7.7064342e-06
8.4284948e-06
9.0322459e-06
9.7193769e-06
9.8834987e-06
1.1467995e-05
6.8708977e-06
8.4339588e-06
8.9771194e-06
9.9472712e-06
1.0480439e-05
1.1035969e-05
1.1274629e-05
1.1504132e-05
1.1182604e-05
1.1139858e-05
9.7386112e-06
9.7456812e-06
5.8678541e-06
7.5965066e-06
-3.0493151e-06
6.8680773e-06
8.4477612e-06
8.984258e-06
9.9524754e-06
1.0485218e-05
1.1039288e-05
1.1277607e-05
1.1506133e-05
1.1184456e-05
1.1140821e-05
9.7398725e-06
9.745395e-06
5.8697604e-06
7.5820987e-06
-3.0323211e-06
6.863813e-06
8.4778452e-06
8.9997103e-06
9.9640298e-06
1.049542e-05
1.1046275e-05
1.1283687e-05
1.1510286e-05
1.1188621e-05
1.1142645e-05
9.7433032e-06
9.7447465e-06
5.8732056e-06
7.5560037e-06
-3.0136666e-06
6.8571071e-06
8.5242171e-06
9.0228712e-06
9.9815886e-06
1.0510713e-05
1.1056825e-05
1.1292751e-05
1.151642e-05
1.1194458e-05
1.1145282e-05
9.7477727e-06
9.74363e-06
5.8782823e-06
7.5207775e-06
-3.0008674e-06
6.8485396e-06
8.5872506e-06
9.0543355e-06
1.0005402e-05
1.0531289e-05
1.1070993e-05
1.130479e-05
1.152448e-05
1.1201978e-05
1.1148595e-05
9.7533685e-06
9.7419017e-06
5.884934e-06
7.4790997e-06
-2.9906587e-06
6.8390732e-06
8.6668318e-06
9.0946076e-06
1.0035562e-05
1.055724e-05
1.1088772e-05
1.1319748e-05
1.1534369e-05
1.1211133e-05
1.115242e-05
9.7601059e-06
9.7393942e-06
5.8931254e-06
7.4335783e-06
-2.9791772e-06
6.8299793e-06
8.7623593e-06
9.1440669e-06
1.0071993e-05
1.0588544e-05
1.1110089e-05
1.1337514e-05
1.1545944e-05
1.1221786e-05
1.1156579e-05
9.7678774e-06
9.735921e-06
5.9028542e-06
7.3867976e-06
-2.9631803e-06
6.8229524e-06
8.8728076e-06
9.2030459e-06
1.0114515e-05
1.06251e-05
1.1134814e-05
1.1357927e-05
1.1559026e-05
1.1233762e-05
1.1160871e-05
9.776543e-06
9.7312834e-06
5.9141181e-06
7.3414217e-06
-2.939132e-06
6.8201773e-06
8.9967564e-06
9.2718313e-06
1.0162861e-05
1.0666733e-05
1.1162767e-05
1.1380778e-05
1.1573395e-05
1.1246855e-05
1.116507e-05
9.7859486e-06
9.7252673e-06
5.9269042e-06
7.3004442e-06
-2.9032413e-06
6.8243666e-06
9.1324296e-06
9.3506409e-06
1.0216694e-05
1.0713195e-05
1.1193712e-05
1.1405808e-05
1.1588797e-05
1.1260827e-05
1.1168922e-05
9.7959207e-06
9.7176383e-06
5.9411837e-06
7.2668331e-06
-2.8564049e-06
6.8387783e-06
9.2777644e-06
9.4396017e-06
1.0275634e-05
1.0764165e-05
1.122737e-05
1.1432711e-05
1.1604942e-05
1.1275407e-05
1.1172149e-05
9.8062627e-06
9.708138e-06
5.9569051e-06
7.2395011e-06
-2.8086125e-06
6.8672042e-06
9.4305103e-06
9.5387295e-06
1.0339289e-05
1.0819262e-05
1.1263425e-05
1.146114e-05
1.1621508e-05
1.1290292e-05
1.117445e-05
9.8167556e-06
9.6964841e-06
5.9740027e-06
7.211785e-06
-2.7688939e-06
6.9139094e-06
9.5883533e-06
9.6479075e-06
1.04073e-05
1.0878055e-05
1.1301541e-05
1.1490718e-05
1.163815e-05
1.1305153e-05
1.1175501e-05
9.8271592e-06
9.6823752e-06
5.992419e-06
7.1790935e-06
-2.7339128e-06
6.9835103e-06
9.7490599e-06
9.7668661e-06
1.0479377e-05
1.0940079e-05
1.1341386e-05
1.1521058e-05
1.1654509e-05
1.1319639e-05
1.1174963e-05
9.837215e-06
9.6654969e-06
6.0121194e-06
7.1411859e-06
-2.6953211e-06
7.0807764e-06
9.9106363e-06
9.8951645e-06
1.0555343e-05
1.1004864e-05
1.1382639e-05
1.1551777e-05
1.1670224e-05
1.133339e-05
1.1172491e-05
9.8466499e-06
9.6455266e-06
6.0330772e-06
7.0980582e-06
-2.6487795e-06
7.2103251e-06
1.0071522e-05
1.0032177e-05
1.0635165e-05
1.1071974e-05
1.1425015e-05
1.1582519e-05
1.1684944e-05
1.1346043e-05
1.1167735e-05
9.8551814e-06
9.6221383e-06
6.0552602e-06
7.0493644e-06
-2.5931361e-06
7.3762297e-06
1.0230807e-05
1.017711e-05
1.0718974e-05
1.1141036e-05
1.1468296e-05
1.1612971e-05
1.1698346e-05
1.1357249e-05
1.1160359e-05
9.8625239e-06
9.595008e-06
6.0786305e-06
6.9946689e-06
-2.5281745e-06
7.5819045e-06
1.0388081e-05
1.0329086e-05
1.0807049e-05
1.1211771e-05
1.1512336e-05
1.1642881e-05
1.1710153e-05
1.1366684e-05
1.1150045e-05
9.8683975e-06
9.5638222e-06
6.1031485e-06
6.9335489e-06
-2.4534607e-06
7.8297393e-06
1.0543389e-05
1.0487183e-05
1.0899807e-05
1.1284016e-05
1.1557081e-05
1.1672086e-05
1.1720154e-05
1.137407e-05
1.1136518e-05
9.8725437e-06
9.5282941e-06
6.1287822e-06
6.8656037e-06
-2.3683936e-06
8.1205744e-06
1.0697397e-05
1.0650412e-05
1.0997753e-05
1.1357736e-05
1.1602578e-05
1.1700531e-05
1.1728224e-05
1.13792e-05
1.1119562e-05
9.8747444e-06
9.4881721e-06
6.1555309e-06
6.7904459e-06
-2.2722813e-06
8.4536246e-06
1.0851182e-05
1.0817743e-05
1.1101392e-05
1.1432971e-05
1.1648917e-05
1.1728222e-05
1.1734272e-05
1.1381886e-05
1.109895e-05
9.8747723e-06
9.4431566e-06
6.1834237e-06
6.7075918e-06
-2.1642749e-06
8.8258565e-06
1.1005825e-05
1.0987865e-05
1.1210942e-05
1.1509611e-05
1.169601e-05
1.1755013e-05
1.1738029e-05
1.1381745e-05
1.1074245e-05
9.8721804e-06
9.3927154e-06
6.2122901e-06
6.616318e-06
-2.0434584e-06
9.2298605e-06
1.1163226e-05
1.115922e-05
1.1326429e-05
1.1587692e-05
1.1743925e-05
1.1780952e-05
1.1739499e-05
1.1378578e-05
1.1045377e-05
9.8665912e-06
9.3368482e-06
6.2412846e-06
6.5167748e-06
-1.9101626e-06
9.6571622e-06
1.1331634e-05
1.1333975e-05
1.1450992e-05
1.1670924e-05
1.1796433e-05
1.1809809e-05
1.174265e-05
1.1375971e-05
1.1016532e-05
9.8610864e-06
9.2801403e-06
6.2702045e-06
6.4142855e-06
-1.7674091e-06
1.2435019e-05
1.7211524e-05
2.0197866e-05
2.148458e-05
2.1567446e-05
2.0947243e-05
1.9858042e-05
1.8378288e-05
1.7558418e-05
2.1912857e-05
2.3734094e-05
2.4503415e-05
2.4375681e-05
2.3535709e-05
2.2312202e-05
2.0849239e-05
1.9220294e-05
1.8408858e-05
2.8638978e-05
2.8979156e-05
2.8362354e-05
2.7148918e-05
2.548939e-05
2.3666884e-05
2.1820734e-05
2.0040089e-05
1.927851e-05
3.4868175e-05
3.3931712e-05
3.2117005e-05
2.9878153e-05
2.7406447e-05
2.4989343e-05
2.2764036e-05
2.0834427e-05
2.0080219e-05
4.0994383e-05
3.8827005e-05
3.5829567e-05
3.2559806e-05
2.9271825e-05
2.6267815e-05
2.3671449e-05
2.1592296e-05
2.083677e-05
4.6940038e-05
4.3593719e-05
3.9443579e-05
3.5155989e-05
3.1064123e-05
2.7490464e-05
2.4537783e-05
2.2307079e-05
2.1544119e-05
5.2614149e-05
4.8153529e-05
4.2901173e-05
3.762978e-05
3.2762628e-05
2.8645952e-05
2.5356577e-05
2.2974658e-05
2.2200021e-05
5.7958716e-05
5.2448188e-05
4.6154733e-05
3.994901e-05
3.4348442e-05
2.9722843e-05
2.6113036e-05
2.3585417e-05
2.2803454e-05
6.2913305e-05
5.6423929e-05
4.9161339e-05
4.2084896e-05
3.5804184e-05
3.0708189e-05
2.6788678e-05
2.4128115e-05
2.3365289e-05
6.7413261e-05
6.0028866e-05
5.1881734e-05
4.4011685e-05
3.7113895e-05
3.1590129e-05
2.73919e-05
2.4617675e-05
2.3876698e-05
7.1396924e-05
6.3214842e-05
5.4280727e-05
4.5706523e-05
3.826378e-05
3.2363144e-05
2.7933839e-05
2.5058106e-05
2.4316318e-05
7.4808192e-05
6.5938762e-05
5.6327585e-05
4.7149531e-05
3.9241682e-05
3.3020617e-05
2.8399042e-05
2.5434559e-05
2.4679925e-05
7.7598169e-05
6.8163553e-05
5.799636e-05
4.832397e-05
4.0036891e-05
3.3555367e-05
2.8777054e-05
2.5736868e-05
2.4968685e-05
7.9726428e-05
6.9858813e-05
5.9266035e-05
4.9216325e-05
4.0640756e-05
3.3961575e-05
2.9062792e-05
2.5962898e-05
2.5186641e-05
8.116145e-05
7.1000724e-05
6.0120011e-05
4.9815649e-05
4.1045983e-05
3.4233913e-05
2.9252959e-05
2.6116879e-05
2.5332141e-05
8.1881139e-05
7.1572372e-05
6.0546291e-05
5.0113702e-05
4.1246659e-05
3.4367983e-05
2.9345365e-05
2.6193873e-05
2.5403108e-05
8.3606125e-06
4.9739597e-06
3.9029826e-06
4.1588067e-06
4.7067036e-06
5.3766949e-06
6.1299344e-06
6.9046794e-06
7.6602569e-06
8.3671901e-06
9.018455e-06
9.5640302e-06
1.0150629e-05
1.0323426e-05
1.1686896e-05
1.644194e-05
1.2155654e-05
1.0100888e-05
9.2091267e-06
8.6622235e-06
8.4463045e-06
8.5298284e-06
8.7984403e-06
9.1606222e-06
9.5586547e-06
9.9549718e-06
1.0314374e-05
1.0699665e-05
1.0878795e-05
1.1846462e-05
1.8647122e-05
1.4850544e-05
1.2864455e-05
1.1924438e-05
1.1288947e-05
1.09016e-05
1.075038e-05
1.075278e-05
1.0838463e-05
1.0970058e-05
1.1117864e-05
1.1269522e-05
1.1446659e-05
1.1591892e-05
1.209066e-05
1.9875757e-05
1.7733652e-05
1.6376912e-05
1.5484113e-05
1.4720759e-05
1.4095215e-05
1.3646586e-05
1.3329144e-05
1.3085567e-05
1.2890061e-05
1.2713776e-05
1.2570524e-05
1.2496234e-05
1.2479933e-05
1.2585486e-05
2.0364715e-05
1.9251235e-05
1.8335809e-05
1.7584886e-05
1.690634e-05
1.6299327e-05
1.5770694e-05
1.531292e-05
1.4916522e-05
1.4578596e-05
1.429136e-05
1.4034097e-05
1.3787082e-05
1.3545429e-05
1.333686e-05
2.0140894e-05
1.955829e-05
1.9021757e-05
1.8541016e-05
1.8077295e-05
1.7625693e-05
1.7190615e-05
1.6772293e-05
1.6368642e-05
1.5977266e-05
1.5595243e-05
1.5219617e-05
1.484885e-05
1.4482794e-05
1.411798e-05
1.9298459e-05
1.8982244e-05
1.868601e-05
1.8407159e-05
1.8120094e-05
1.7822149e-05
1.7516413e-05
1.7203693e-05
1.6883905e-05
1.6556344e-05
1.6220099e-05
1.5874469e-05
1.5518453e-05
1.5150659e-05
1.4766314e-05
1.7919514e-05
1.7753493e-05
1.7593016e-05
1.7432406e-05
1.7257845e-05
1.7070263e-05
1.6878133e-05
1.6672692e-05
1.6441316e-05
1.6193156e-05
1.5934538e-05
1.565997e-05
1.5365814e-05
1.5051093e-05
1.4713396e-05
1.6884278e-05
1.6705402e-05
1.6601281e-05
1.6508646e-05
1.6397262e-05
1.6270125e-05
1.6130389e-05
1.597727e-05
1.5809395e-05
1.562544e-05
1.542408e-05
1.5203922e-05
1.4963406e-05
1.4701291e-05
1.4417833e-05
1.0084194e-05
1.1490581e-05
1.1500538e-05
1.1575514e-05
1.175568e-05
1.1854127e-05
1.1845574e-05
1.1754686e-05
1.1382471e-05
1.0999027e-05
9.8648533e-06
9.2366268e-06
6.3063243e-06
6.3269597e-06
-1.6275347e-06
1.0668808e-05
1.1615232e-05
1.1687626e-05
1.1713304e-05
1.1842898e-05
1.1911392e-05
1.187749e-05
1.1755923e-05
1.1379224e-05
1.096159e-05
9.8611638e-06
9.1623058e-06
6.3559568e-06
6.1885362e-06
-1.4278721e-06
1.1412819e-05
1.1825424e-05
1.1915179e-05
1.1889218e-05
1.193917e-05
1.1958374e-05
1.1882656e-05
1.1710407e-05
1.1323543e-05
1.0850451e-05
9.8055703e-06
8.9884692e-06
6.400193e-06
5.8997668e-06
-1.0756782e-06
1.2221586e-05
1.22343e-05
1.2206293e-05
1.2116222e-05
1.2066684e-05
1.2006983e-05
1.186096e-05
1.161331e-05
1.1197815e-05
1.0651366e-05
9.6682414e-06
8.698728e-06
6.4104014e-06
5.4349712e-06
-5.42812e-07
1.3038177e-05
1.2802529e-05
1.2608101e-05
1.2438724e-05
1.2290059e-05
1.2114133e-05
1.185072e-05
1.1490484e-05
1.0998858e-05
1.0359363e-05
9.4104668e-06
8.2980858e-06
6.3260412e-06
4.8406262e-06
1.3701762e-07
1.3808321e-05
1.3502253e-05
1.3187522e-05
1.2860492e-05
1.2536101e-05
1.2197186e-05
1.1784571e-05
1.129034e-05
1.0695774e-05
9.9626611e-06
9.0023895e-06
7.8013824e-06
6.0819445e-06
4.2300621e-06
8.5761676e-07
1.4424584e-05
1.4073164e-05
1.3688558e-05
1.3273644e-05
1.282357e-05
1.2334371e-05
1.1790677e-05
1.1166453e-05
1.0438075e-05
9.5701311e-06
8.5110609e-06
7.1851617e-06
5.6375987e-06
3.6991519e-06
1.3628249e-06
1.4398192e-05
1.4075606e-05
1.3711692e-05
1.3300627e-05
1.2833006e-05
1.2300714e-05
1.1693709e-05
1.0997451e-05
1.0193061e-05
9.2556475e-06
8.1539793e-06
6.8395734e-06
5.2973112e-06
3.333446e-06
1.5113207e-06
1.4125658e-05
1.3822977e-05
1.3498151e-05
1.3125984e-05
1.2690563e-05
1.2184388e-05
1.1598066e-05
1.0918239e-05
1.0128317e-05
9.208221e-06
8.1330604e-06
6.872844e-06
5.3889163e-06
3.6398678e-06
1.7595836e-06
-0.00023401258
-0.00023387977
-0.00023370147
-0.00023349877
-0.00023325755
-0.00023296622
-0.00023261407
-0.00023218821
-0.00023167283
-0.00023104881
-0.00023029323
-0.00022937874
-0.00022827293
-0.00022693764
-0.00022532841
-0.00022339399
-0.00022107619
-0.00021831021
-0.00021502556
-0.00021114809
-0.00020660309
-0.00020131986
-0.0001952377
-0.00018831307
-0.00018052728
-0.00017189366
-0.00016246286
-0.00015232476
-0.00014160633
-0.0001304649
-0.00011907771
-0.00010763139
-9.6296502e-05
-8.5276603e-05
-7.4571754e-05
-6.4679371e-05
-5.464199e-05
-4.6982054e-05
-3.6428231e-05
-0.00023404633
-0.00023391261
-0.00023373312
-0.00023352909
-0.00023328628
-0.00023299306
-0.00023263862
-0.00023221004
-0.00023169139
-0.00023106348
-0.00023030327
-0.00022938329
-0.00022827099
-0.00022692809
-0.00022530998
-0.0002233653
-0.00022103579
-0.00021825662
-0.00021495738
-0.00021106406
-0.00020650224
-0.0002012016
-0.00019510196
-0.0001881604
-0.00018035895
-0.00017171168
-0.00016226988
-0.00015212399
-0.00014140131
-0.00013025931
-0.00011887526
-0.00010743514
-9.6110057e-05
-8.5101395e-05
-7.4411191e-05
-6.4532225e-05
-5.450661e-05
-4.6893874e-05
-3.6231119e-05
-0.00023414237
-0.00023400643
-0.00023382397
-0.00023361658
-0.00023336983
-0.00023307189
-0.00023271185
-0.00023227661
-0.0002317501
-0.0002311129
-0.00023034177
-0.000229409
-0.0002282818
-0.00022692165
-0.00022528371
-0.00022331646
-0.00022096153
-0.00021815409
-0.0002148239
-0.0002108973
-0.00020630041
-0.00020096371
-0.00019482808
-0.00018785184
-0.00018001842
-0.00017134331
-0.00016187913
-0.00015171741
-0.00014098619
-0.00012984318
-0.00011846568
-0.00010703837
-9.5733244e-05
-8.4747908e-05
-7.4086672e-05
-6.4236952e-05
-5.4231366e-05
-4.6721925e-05
-3.582892e-05
-0.00023428564
-0.00023414616
-0.00023395896
-0.00023374623
-0.0002334932
-0.00023318779
-0.00023281888
-0.00023237316
-0.00023183428
-0.00023118255
-0.00023039439
-0.00022944177
-0.00022829155
-0.00022690486
-0.00022523655
-0.00022323483
-0.0002208412
-0.00021799081
-0.00021461364
-0.00021063654
-0.00020598647
-0.00020059516
-0.00019440507
-0.00018737645
-0.00017949487
-0.00017077797
-0.00016128039
-0.0001510953
-0.00014035186
-0.00012920815
-0.00011784143
-0.00010643431
-9.5160186e-05
-8.4211347e-05
-7.3593868e-05
-6.3790607e-05
-5.3813044e-05
-4.6465209e-05
-3.5213653e-05
-0.00023446335
-0.00023431903
-0.00023412537
-0.00023390535
-0.00023364375
-0.00023332814
-0.00023294713
-0.00023248708
-0.00023193131
-0.00023125969
-0.00023044824
-0.00022946846
-0.00022828673
-0.00022686373
-0.00022515391
-0.00022310515
-0.00022065877
-0.00021774999
-0.00021430913
-0.00021026377
-0.00020554204
-0.00020007734
-0.00019381429
-0.00018671574
-0.00017877011
-0.00016999797
-0.00016045666
-0.00015024156
-0.00013948324
-0.00012834025
-0.00011698976
-0.00010561137
-9.4380628e-05
-8.3482828e-05
-7.2924967e-05
-6.3186226e-05
-5.3246694e-05
-4.6116752e-05
-3.4382506e-05
-0.00023464661
-0.00023449618
-0.00023429433
-0.0002340651
-0.00023379266
-0.00023346415
-0.00023306783
-0.00023258967
-0.00023201253
-0.00023131579
-0.00023047492
-0.00022946084
-0.00022823936
-0.00022677056
-0.00022500839
-0.00022290035
-0.00022038755
-0.00021740531
-0.0002138844
-0.00020975336
-0.00020494184
-0.0001993854
-0.00019303142
-0.00018584605
-0.00017782132
-0.00016898149
-0.00015938728
-0.00014913682
-0.00013836244
-0.00012722313
-0.00011589594
-0.00010455613
-9.3382799e-05
-8.2552226e-05
-7.2071119e-05
-6.2415673e-05
-5.2527041e-05
-4.5667102e-05
-3.333572e-05
-0.00023479579
-0.00023463799
-0.00023442631
-0.000234186
-0.00023390052
-0.0002335565
-0.00023314177
-0.00023264185
-0.00023203902
-0.00023131209
-0.00023043585
-0.00022938055
-0.00022811129
-0.00022658748
-0.00022476246
-0.00022258328
-0.00021999084
-0.00021692058
-0.00021330391
-0.00020907053
-0.00020415201
-0.00019848651
-0.00019202482
-0.00018473708
-0.00017661972
-0.00016770144
-0.00015804702
-0.00014775782
-0.00013696821
-0.00012583765
-0.00011454287
-0.00010325305
-9.2153296e-05
-8.1408128e-05
-7.102232e-05
-6.1469666e-05
-5.1648292e-05
-4.5104352e-05
-3.207421e-05
-0.00023485499
-0.00023468869
-0.0002344657
-0.00023421256
-0.00023391197
-0.00023354999
-0.00023311394
-0.0002325888
-0.00023195624
-0.00023119435
-0.00023027719
-0.00022917421
-0.00022784969
-0.00022626229
-0.00022436466
-0.00022210335
-0.00021941904
-0.00021624738
-0.0002125205
-0.00020816958
-0.00020312842
-0.00019733835
-0.00019075415
-0.00018335065
-0.00017512946
-0.00016612445
-0.00015640512
-0.00014607651
-0.00013527522
-0.00012416112
-0.00011291056
-0.00010168414
-9.0677343e-05
-8.0037558e-05
-6.9766968e-05
-6.0337405e-05
-5.0603742e-05
-4.4413882e-05
-3.0598542e-05
-0.00023475132
-0.00023457549
-0.00023433993
-0.00023407237
-0.0002337548
-0.00023337263
-0.00023291263
-0.00023235917
-0.00023169322
-0.0002308921
-0.00022992902
-0.00022877256
-0.0002273861
-0.00022572746
-0.00022374853
-0.00022139535
-0.00021860839
-0.00021532357
-0.00021147394
-0.00020699238
-0.00020181535
-0.0001958878
-0.00018916911
-0.00018163955
-0.00017330658
-0.00016420997
-0.0001544245
-0.00014405932
-0.00013325342
-0.00012216689
-0.00011097579
-9.9828478e-05
-8.8939103e-05
-7.8425249e-05
-6.8291296e-05
-5.9006278e-05
-4.9385415e-05
-4.3580011e-05
-2.8924508e-05
-0.00023439204
-0.00023420584
-0.00023395663
-0.0002336733
-0.00023333714
-0.00023293289
-0.00023244671
-0.0002318623
-0.00023115986
-0.00023031589
-0.00022930269
-0.00022808788
-0.0002266339
-0.00022489765
-0.00022283027
-0.00022037723
-0.00021747886
-0.00021407145
-0.00021008914
-0.00020546679
-0.00020014388
-0.0001940695
-0.00018720822
-0.00017954638
-0.000171098
-0.00016190935
-0.00015206102
-0.00014166661
-0.00013086752
-0.00011982421
-0.00010871238
-9.7657882e-05
-8.6912151e-05
-7.6550866e-05
-6.6578665e-05
-5.7461387e-05
-4.7983221e-05
-4.2587988e-05
-2.7123424e-05
-0.00023366229
-0.00023346507
-0.00023320145
-0.00023290131
-0.00023254533
-0.00023211753
-0.00023160346
-0.00023098608
-0.00023024481
-0.00022935525
-0.00022828876
-0.00022701197
-0.00022548634
-0.00022366783
-0.0002215068
-0.00021894823
-0.00021593235
-0.00021239595
-0.00020827447
-0.00020350502
-0.00019803049
-0.00019180456
-0.00018479756
-0.00017700248
-0.00016844052
-0.00015916499
-0.0001492627
-0.00013885188
-0.00012807649
-0.00011709808
-0.00010609143
-9.5128192e-05
-8.4527813e-05
-7.4391679e-05
-6.4611126e-05
-5.5685074e-05
-4.6382927e-05
-4.1411028e-05
-2.5155702e-05
-0.00023242343
-0.00023221481
-0.00023193639
-0.00023161879
-0.0002312422
-0.00023078997
-0.00023024694
-0.00022959536
-0.00022881384
-0.00022787707
-0.00022675544
-0.0002254146
-0.000223815
-0.00022191171
-0.00021965435
-0.00021698745
-0.00021385127
-0.00021018326
-0.00020592038
-0.00020100231
-0.00019537569
-0.00018899926
-0.00018184959
-0.00017392685
-0.00016525989
-0.00015590949
-0.00014596894
-0.00013556119
-0.00012483282
-0.00011394618
-0.00010307229
-9.2215146e-05
-8.1808388e-05
-7.1975489e-05
-6.2375848e-05
-5.3657453e-05
-4.4566073e-05
-4.0009828e-05
-2.2935528e-05
-0.00023051013
-0.00023029006
-0.00022999686
-0.00022966164
-0.00022926424
-0.00022878733
-0.0002282151
-0.00022752907
-0.00022670703
-0.00022572279
-0.00022454581
-0.00022314076
-0.00022146716
-0.00021947923
-0.00021712596
-0.00021435155
-0.00021109643
-0.00020729893
-0.00020289776
-0.00019783547
-0.00019206283
-0.00018554401
-0.00017826225
-0.00017022533
-0.00016147009
-0.00015206504
-0.00014211004
-0.00013173275
-0.00012108212
-0.0001103131
-9.9555173e-05
-8.9063678e-05
-7.8878346e-05
-6.916114e-05
-5.9847953e-05
-5.1357139e-05
-4.2512778e-05
-3.8360352e-05
-2.053262e-05
-0.00022773171
-0.00022750052
-0.00022719311
-0.00022684068
-0.00022642293
-0.00022592195
-0.00022532126
-0.00022460168
-0.00022374023
-0.00022270989
-0.00022147925
-0.00022001209
-0.0002182671
-0.00021619776
-0.00021375256
-0.00021087557
-0.00020750761
-0.00020358812
-0.00019905787
-0.00019386261
-0.00018795758
-0.00018131275
-0.00017391833
-0.00016578999
-0.00015697279
-0.000147543
-0.00013760707
-0.00012729761
-0.00011676807
-0.00010617384
-9.559424e-05
-8.543328e-05
-7.5505755e-05
-6.5938897e-05
-5.6965563e-05
-4.8752722e-05
-4.0199237e-05
-3.6433269e-05
-1.7969449e-05
-0.00022386588
-0.00022362432
-0.00022330383
-0.00022293526
-0.00022249844
-0.00022197491
-0.00022134762
-0.00022059675
-0.00021969862
-0.00021862549
-0.00021734519
-0.00021582076
-0.00021401022
-0.00021186652
-0.00020933788
-0.00020636846
-0.00020289975
-0.0001988726
-0.00019423013
-0.00018892157
-0.00018290695
-0.00017616229
-0.00016868503
-0.00016049882
-0.00015165688
-0.00014224305
-0.00013236977
-0.00012217295
-0.00011180505
-0.00010142451
-9.1161954e-05
-8.1156189e-05
-7.1522513e-05
-6.2364241e-05
-5.3724639e-05
-4.5816617e-05
-3.7597601e-05
-3.4193013e-05
-1.5239644e-05
-0.00021867155
-0.00021842091
-0.00021808911
-0.00021770629
-0.00021725259
-0.00021670919
-0.00021605849
-0.00021528014
-0.0002143499
-0.00021323945
-0.00021191602
-0.00021034209
-0.00020847524
-0.00020626814
-0.00020366899
-0.0002006224
-0.00019707085
-0.00019295699
-0.0001882267
-0.0001828331
-0.0001767413
-0.00016993363
-0.00016241481
-0.00015421637
-0.0001453994
-0.00013605474
-0.00012630005
-0.00011627361
-0.00010612569
-9.600838e-05
-8.6052168e-05
-7.6368256e-05
-6.7131047e-05
-5.8358362e-05
-5.0086429e-05
-4.2515575e-05
-3.4675183e-05
-3.1600903e-05
-1.233357e-05
-0.0002118636
-0.00021160567
-0.00021126499
-0.00021087062
-0.00021040325
-0.00020984381
-0.00020917432
-0.00020837403
-0.00020741835
-0.00020627856
-0.00020492157
-0.00020330962
-0.00020140013
-0.00019914591
-0.00019649556
-0.00019339454
-0.00018978675
-0.000185617
-0.00018083424
-0.00017539569
-0.00016927172
-0.000162451
-0.00015494547
-0.00014679433
-0.00013806606
-0.00012885782
-0.00011929155
-0.00010950701
-9.9652392e-05
-8.9873673e-05
-8.0299187e-05
-7.1037834e-05
-6.2216917e-05
-5.3864709e-05
-4.6008418e-05
-3.8811767e-05
-3.1394602e-05
-2.8615636e-05
-9.2372498e-06
-0.00020317416
-0.00020291137
-0.00020256508
-0.00020216292
-0.00020168631
-0.00020111613
-0.00020043416
-0.00019961946
-0.00019864726
-0.00019748872
-0.00019611068
-0.00019447542
-0.00019254061
-0.00019025948
-0.00018758148
-0.00018445335
-0.00018082093
-0.00017663178
-0.00017183853
-0.0001664031
-0.00016030153
-0.00015352901
-0.00014610448
-0.00013807418
-0.00012951302
-0.00012052322
-0.0001112296
-0.00010177188
-9.2294849e-05
-8.2937614e-05
-7.3821805e-05
-6.5047387e-05
-5.6707438e-05
-4.8835389e-05
-4.1446133e-05
-3.4664032e-05
-2.771454e-05
-2.5193529e-05
-5.9285293e-06
-0.0001922335
-0.00019196858
-0.00019162
-0.0001912146
-0.00019073426
-0.00019015992
-0.00018947337
-0.00018865375
-0.00018767644
-0.00018651287
-0.00018513026
-0.00018349149
-0.00018155503
-0.00017927528
-0.00017660321
-0.00017348755
-0.00016987673
-0.00016572141
-0.00016097806
-0.00015561314
-0.00014960802
-0.00014296388
-0.00013570619
-0.00012788759
-0.00011958861
-0.00011091533
-0.00010199388
-9.2962123e-05
-8.3959546e-05
-7.5116657e-05
-6.6544985e-05
-5.8332155e-05
-5.054827e-05
-4.322082e-05
-3.6352672e-05
-3.0029191e-05
-2.359147e-05
-2.1290661e-05
-2.3787868e-06
-0.00017884387
-0.00017858066
-0.00017823444
-0.00017783186
-0.00017735498
-0.00017678497
-0.0001761039
-0.00017529123
-0.00017432278
-0.00017317053
-0.00017180242
-0.00017018224
-0.00016826961
-0.0001660204
-0.00016338747
-0.00016032201
-0.00015677556
-0.0001527028
-0.00014806513
-0.00014283492
-0.00013700003
-0.00013056835
-0.00012357155
-0.00011606743
-0.00010813999
-9.989664e-05
-9.1462147e-05
-8.2969934e-05
-7.4551795e-05
-6.6327556e-05
-5.8396227e-05
-5.0831315e-05
-4.368344e-05
-3.696926e-05
-3.0680219e-05
-2.4863803e-05
-1.8982271e-05
-1.6866692e-05
1.4362663e-06
-0.000162418
-0.0001621607
-0.00016182231
-0.00016142898
-0.00016096327
-0.00016040692
-0.00015974263
-0.00015895063
-0.00015800772
-0.0001568871
-0.00015555825
-0.00015398683
-0.00015213478
-0.00014996077
-0.00014742095
-0.00014447031
-0.0001410646
-0.00013716292
-0.00013273119
-0.00012774615
-0.00012219998
-0.00011610483
-0.00010949657
-0.00010243677
-9.5012036e-05
-8.7330147e-05
-7.9513138e-05
-7.1688108e-05
-6.3976989e-05
-5.6486811e-05
-4.9302001e-05
-4.2480422e-05
-3.6054548e-05
-3.0028142e-05
-2.438104e-05
-1.9125121e-05
-1.3844094e-05
-1.1872374e-05
5.5681231e-06
-0.00014320789
-0.00014296241
-0.00014263964
-0.00014226446
-0.00014182029
-0.00014128978
-0.00014065648
-0.00013990166
-0.00013900332
-0.00013793609
-0.00013667107
-0.00013517583
-0.0001334145
-0.00013134827
-0.00012893625
-0.00012613694
-0.00012291032
-0.00011922081
-0.00011504074
-0.00011035445
-0.0001051623
-9.948427e-05
-9.3362352e-05
-8.6861355e-05
-8.0067462e-05
-7.308419e-05
-6.6025671e-05
-5.9007832e-05
-5.2138684e-05
-4.5509332e-05
-3.9187303e-05
-3.3213439e-05
-2.7602861e-05
-2.2345685e-05
-1.7409738e-05
-1.2774702e-05
-8.1344535e-06
-6.2048082e-06
1.0272435e-05
-0.00011977966
-0.00011955096
-0.00011925032
-0.00011890111
-0.00011848801
-0.00011799504
-0.00011740721
-0.00011670751
-0.00011587605
-0.00011489006
-0.00011372378
-0.00011234855
-0.00011073297
-0.00010884347
-0.00010664513
-0.00010410296
-0.00010118376
-9.7858427e-05
-9.4104912e-05
-8.9911611e-05
-8.5281128e-05
-8.0233913e-05
-7.4811066e-05
-6.9075353e-05
-6.3109555e-05
-5.7011722e-05
-5.0887655e-05
-4.4841664e-05
-3.8967108e-05
-3.3338294e-05
-2.8005126e-05
-2.2991258e-05
-1.8295731e-05
-1.3895887e-05
-9.7489676e-06
-5.8099679e-06
-1.8574189e-06
2.011609e-07
1.575853e-05
-9.4244988e-05
-9.4039952e-05
-9.377057e-05
-9.3457622e-05
-9.3087422e-05
-9.2645723e-05
-9.2119138e-05
-9.149249e-05
-9.0748058e-05
-8.9865521e-05
-8.8821931e-05
-8.7591749e-05
-8.6147072e-05
-8.4458149e-05
-8.2494275e-05
-8.0225173e-05
-7.7622959e-05
-7.4664711e-05
-7.1335562e-05
-6.7632083e-05
-6.3565489e-05
-5.9164126e-05
-5.4474637e-05
-4.9561301e-05
-4.4503237e-05
-3.9389351e-05
-3.4311315e-05
-2.9355384e-05
-2.4594311e-05
-2.0080806e-05
-1.5843786e-05
-1.1887963e-05
-8.1965752e-06
-4.7359261e-06
-1.4581823e-06
1.6882069e-06
4.8516197e-06
6.9183882e-06
1.9620062e-05
-6.2553169e-05
-6.2381042e-05
-6.2154942e-05
-6.1892438e-05
-6.1582156e-05
-6.1212314e-05
-6.0771934e-05
-6.0248639e-05
-5.962806e-05
-5.8893833e-05
-5.8027626e-05
-5.7009247e-05
-5.5816907e-05
-5.4427733e-05
-5.2818595e-05
-5.0967306e-05
-4.8854263e-05
-4.6464532e-05
-4.3790325e-05
-4.0833711e-05
-3.760923e-05
-3.4145935e-05
-3.0488223e-05
-2.6694844e-05
-2.2835697e-05
-1.8986451e-05
-1.5221558e-05
-1.1606688e-05
-8.1918969e-06
-5.0067995e-06
-2.0586774e-06
6.6618785e-07
3.1982865e-06
5.5784127e-06
7.850792e-06
1.0051689e-05
1.2254611e-05
1.3705886e-05
1.7946065e-05
-2.6106754e-05
-2.5973268e-05
-2.5796986e-05
-2.5594335e-05
-2.5355346e-05
-2.5070883e-05
-2.4732873e-05
-2.433229e-05
-2.385873e-05
-2.3300504e-05
-2.2644754e-05
-2.1877626e-05
-2.0984599e-05
-1.9951022e-05
-1.8762886e-05
-1.7407885e-05
-1.587675e-05
-1.4164831e-05
-1.2273815e-05
-1.0213428e-05
-8.0028587e-06
-5.6716256e-06
-3.2595015e-06
-8.1511315e-07
1.6071097e-06
3.951667e-06
6.1679558e-06
8.2165005e-06
1.0074161e-05
1.1737114e-05
1.3220872e-05
1.4557267e-05
1.5788902e-05
1.6961615e-05
1.8116172e-05
1.9275875e-05
2.0478222e-05
2.1272316e-05
2.3085479e-05
1.1692258e-05
1.1779317e-05
1.1893583e-05
1.2025948e-05
1.2181883e-05
1.2366958e-05
1.2586166e-05
1.2844977e-05
1.3149579e-05
1.3506781e-05
1.392388e-05
1.4408466e-05
1.4968104e-05
1.5609854e-05
1.6339596e-05
1.7161137e-05
1.8075081e-05
1.9077513e-05
2.0158608e-05
2.1301387e-05
2.2480982e-05
2.3664806e-05
2.4813996e-05
2.5886289e-05
2.6840141e-05
2.7639639e-05
2.8259475e-05
2.8689174e-05
2.8935712e-05
2.9023812e-05
2.8993573e-05
2.8895613e-05
2.8784324e-05
2.8710009e-05
2.87114e-05
2.8801652e-05
2.900002e-05
2.901643e-05
2.9640857e-05
5.2598135e-05
5.2633835e-05
5.2680518e-05
5.2734194e-05
5.2796804e-05
5.2870174e-05
5.2955686e-05
5.3054649e-05
5.3168315e-05
5.3297721e-05
5.3443498e-05
5.3605613e-05
5.3783025e-05
5.3973246e-05
5.4171809e-05
5.4371652e-05
5.4562476e-05
5.473015e-05
5.4856289e-05
5.4918159e-05
5.4889063e-05
5.473942e-05
5.4438685e-05
5.3958255e-05
5.3275278e-05
5.2376972e-05
5.1264693e-05
4.9956755e-05
4.8489112e-05
4.6913382e-05
4.5292272e-05
4.3693016e-05
4.2179808e-05
4.0806476e-05
3.9610939e-05
3.8593554e-05
3.7724131e-05
3.6781728e-05
3.6318688e-05
9.4735713e-05
9.4714984e-05
9.4687446e-05
9.465485e-05
9.4615302e-05
9.4566607e-05
9.450633e-05
9.443142e-05
9.4338001e-05
9.4221189e-05
9.4074863e-05
9.3891384e-05
9.3661273e-05
9.3372848e-05
9.3011845e-05
9.2561048e-05
9.2000002e-05
9.1304894e-05
9.0448758e-05
8.9402185e-05
8.8134757e-05
8.6617367e-05
8.4825448e-05
8.2742896e-05
8.0366201e-05
7.770809e-05
7.479991e-05
7.1692051e-05
6.8451892e-05
6.5159178e-05
6.1899272e-05
5.8755312e-05
5.5800967e-05
5.3094375e-05
5.0673822e-05
4.8559755e-05
4.6414901e-05
4.4531921e-05
4.3098767e-05
0.0001379532
0.00013787312
0.00013776752
0.00013764414
0.00013749704
0.00013731977
0.00013710586
0.00013684761
0.00013653567
0.00013615882
0.00013570367
0.00013515438
0.00013449231
0.00013369577
0.00013273981
0.00013159622
0.00013023368
0.00012861844
0.0001267154
0.00012448987
0.00012191014
0.00011895073
0.00011559632
0.00011184599
0.00010771724
0.00010324885
9.8501964e-05
9.3558366e-05
8.8515905e-05
8.3481197e-05
7.8560562e-05
7.3850694e-05
6.9430444e-05
6.5346602e-05
6.1583079e-05
5.8291932e-05
5.5168099e-05
5.2395997e-05
4.9875563e-05
0.00018112782
0.00018098646
0.00018080027
0.00018058321
0.00018032518
0.0001800154
0.00017964325
0.00017919632
0.00017865973
0.00017801585
0.00017724403
0.00017632021
0.00017521667
0.00017390186
0.00017234038
0.00017049328
0.00016831874
0.00016577331
0.00016281385
0.0001594003
0.00015549932
0.0001510887
0.0001461623
0.00014073484
0.00013484569
0.00012856089
0.0001219723
0.00011519353
0.00010835265
0.00010158225
9.5008262e-05
8.8738901e-05
8.2852257e-05
7.7368399e-05
7.2339303e-05
6.7752768e-05
6.3768763e-05
6.0004653e-05
5.6407004e-05
0.00022351871
0.00022331596
0.00022304903
0.0002227381
0.00022236894
0.00022192639
0.0002213957
0.00022075975
0.0002199981
0.00021908674
0.0002179977
0.00021669872
0.00021515298
0.00021331907
0.00021115113
0.00020859957
0.0002056122
0.00020213619
0.0001981209
0.00019352166
0.00018830451
0.00018245164
0.00017596702
0.00016888155
0.00016125664
0.00015318516
0.00014478896
0.00013621242
0.00012761255
0.00011914666
0.00011095936
0.00010317085
9.5868364e-05
8.910457e-05
8.2898629e-05
7.7040712e-05
7.1843369e-05
6.7118216e-05
6.261763e-05
0.0002641505
0.00026388774
0.00026354189
0.00026313924
0.00026266149
0.00026208925
0.00026140375
0.00026058329
0.00025960206
0.00025842984
0.00025703162
0.00025536722
0.0002533911
0.00025105236
0.00024829522
0.00024505991
0.00024128444
0.00023690714
0.00023187032
0.00022612509
0.00021963706
0.00021239286
0.0002044065
0.00019572484
0.00018643089
0.00017664366
0.0001665139
0.00015621528
0.00014593201
0.00013584417
0.00012611302
0.00011686849
0.00010820067
0.00010015853
9.2742926e-05
8.5897894e-05
7.9579752e-05
7.3822054e-05
6.8430401e-05
0.00030214895
0.00030182926
0.00030140855
0.00030091889
0.00030033814
0.0002996429
0.00029881059
0.00029781517
0.00029662576
0.00029520628
0.00029351506
0.00029150444
0.00028912065
0.00028630388
0.00028298898
0.0002791067
0.00027458588
0.00026935671
0.00026335514
0.00025652862
0.00024884282
0.00024028899
0.00023089103
0.00022071114
0.00020985277
0.00019845949
0.0001867089
0.00017480172
0.000162947
0.0001513453
0.00014017257
0.00012956698
0.00011962034
0.00011037704
0.00010183577
9.3954083e-05
8.6669532e-05
7.9976151e-05
7.3744538e-05
0.00033661943
0.00033624742
0.00033575756
0.00033518797
0.00033451266
0.00033370449
0.0003327374
0.00033158141
0.00033020098
0.00032855468
0.00032659476
0.00032426678
0.00032150945
0.00031825489
0.00031442946
0.00030995534
0.00030475313
0.00029874571
0.00029186337
0.00028405039
0.00027527268
0.00026552587
0.00025484306
0.00024330062
0.00023102076
0.00021816939
0.00020494846
0.00019158297
0.00017830406
0.00016533033
0.00015285043
0.00014100946
0.0001299011
0.00011956712
0.00011000237
0.00010116282
9.2992471e-05
8.5462791e-05
7.8470099e-05
0.00036676207
0.00036634237
0.00036578675
0.00036514641
0.00036438801
0.0003634803
0.00036239432
0.0003610967
0.00035954781
0.00035770151
0.0003555047
0.00035289693
0.00034981035
0.00034616997
0.00034189472
0.00033689927
0.00033109706
0.00032440463
0.00031674749
0.00030806731
0.00029833043
0.00028753659
0.00027572716
0.00026299108
0.00024946704
0.00023534049
0.00022083451
0.00020619507
0.00019167227
0.00017750002
0.00016387761
0.00015095583
0.00013882995
0.00012753983
0.00011707746
0.00010739805
9.8445108e-05
9.0186972e-05
8.2529886e-05
0.00039182222
0.00039136223
0.00039075073
0.00039005108
0.00038922312
0.00038823204
0.00038704651
0.00038563031
0.00038394042
0.00038192676
0.00037953176
0.00037669004
0.00037332823
0.00036936546
0.00036471449
0.00035928379
0.00035298087
0.00034571704
0.00033741381
0.00032801075
0.00031747457
0.00030580849
0.00029306082
0.00027933105
0.00026477169
0.00024958446
0.00023400999
0.00021831156
0.00020275478
0.00018758605
0.0001730132
0.00015919154
0.00014621749
0.00013412958
0.00012291789
0.00011253737
0.00010293052
9.4067495e-05
8.58583e-05
0.00041121488
0.00041072416
0.00041006969
0.00040932489
0.00040844386
0.00040738886
0.00040612647
0.0004046181
0.00040281793
0.00040067305
0.00039812271
0.00039509768
0.00039152037
0.00038730534
0.00038236058
0.00037658979
0.00036989598
0.00036218652
0.00035338
0.00034341452
0.00033225726
0.00031991427
0.00030643934
0.0002919401
0.00027657971
0.00026057235
0.00024417207
0.00022765537
0.00021129968
0.00019536084
0.00018005311
0.00016553518
0.00015190429
0.00013919807
0.00012740538
0.00011648094
0.00010636735
9.7037397e-05
8.8401779e-05
0.00042436784
0.00042385642
0.00042317301
0.00042239843
0.00042148272
0.00042038619
0.00041907404
0.00041750564
0.00041563256
0.00041339987
0.00041074541
0.00040759762
0.00040387583
0.00039949145
0.00039434924
0.00038834963
0.00038139244
0.00037338229
0.00036423564
0.00035388947
0.00034231115
0.00032950862
0.00031553937
0.00030051671
0.00028461112
0.00026804541
0.00025108284
0.00023400895
0.00021710919
0.00020064576
0.00018483725
0.00016984463
0.00015576559
0.0001426373
0.00013044791
0.00011915204
0.00010869275
9.9045079e-05
9.0119089e-05
0.00043115481
0.00043082238
0.00043027416
0.00042960016
0.00042875334
0.00042768035
0.00042630294
0.00042452643
0.00042234747
0.00041988044
0.00041712957
0.00041393073
0.00041014021
0.0004056692
0.00040042569
0.00039430913
0.00038721749
0.00037905392
0.00036973384
0.00035919373
0.00034740114
0.00033436499
0.00032014471
0.00030485646
0.00028867447
0.00027182585
0.00025457848
0.00023722239
0.00022004708
0.00020331786
0.0001872554
0.00017202184
0.00015771525
0.00014437269
0.00013198204
0.00012049789
0.00010986347
0.00010005496
9.0981645e-05
-3.185701e-05
-2.3835476e-05
-2.049794e-05
-1.5721879e-05
-1.2653612e-05
-9.5480089e-06
-7.0171254e-06
-4.7137293e-06
-2.681352e-06
-8.6447363e-07
8.0713678e-07
2.2469226e-06
3.7272721e-06
4.7464363e-06
6.2888576e-06
-3.1877924e-05
-2.3757297e-05
-2.0483894e-05
-1.5716436e-05
-1.2651652e-05
-9.5532648e-06
-7.0211788e-06
-4.7180911e-06
-2.6836604e-06
-8.6463024e-07
8.0977246e-07
2.2519729e-06
3.7364923e-06
4.7533525e-06
6.3127074e-06
-3.1924374e-05
-2.3569081e-05
-2.0426265e-05
-1.5657194e-05
-1.2603501e-05
-9.5164006e-06
-6.9859154e-06
-4.6864252e-06
-2.6526075e-06
-8.3406267e-07
8.4056764e-07
2.2823553e-06
3.7699555e-06
4.7764873e-06
6.3661545e-06
-3.198824e-05
-2.3257237e-05
-2.0315284e-05
-1.553509e-05
-1.2502332e-05
-9.4314142e-06
-6.9067746e-06
-4.6150161e-06
-2.5853894e-06
-7.7072128e-07
9.0101142e-07
2.3388602e-06
3.8283142e-06
4.8155873e-06
6.4497782e-06
-3.2062987e-05
-2.2820155e-05
-2.0147674e-05
-1.534984e-05
-1.2347773e-05
-9.2986328e-06
-6.7843665e-06
-4.5045958e-06
-2.4828001e-06
-6.7538528e-07
9.9044638e-07
2.4209267e-06
3.9111825e-06
4.8706519e-06
6.5633692e-06
-3.2138857e-05
-2.2259172e-05
-1.9919422e-05
-1.5100564e-05
-1.213833e-05
-9.1171198e-06
-6.6179733e-06
-4.3545716e-06
-2.3443835e-06
-5.4768673e-07
1.1091742e-06
2.5288431e-06
4.0186514e-06
4.9423062e-06
6.7063398e-06
-3.2199641e-05
-2.1577201e-05
-1.9625892e-05
-1.4785886e-05
-1.1871776e-05
-8.8853168e-06
-6.4063283e-06
-4.1638758e-06
-2.1692944e-06
-3.8694892e-07
1.2577019e-06
2.6630564e-06
4.1507863e-06
5.0313208e-06
6.8775818e-06
-3.2222533e-05
-2.0774791e-05
-1.9263754e-05
-1.4405062e-05
-1.154587e-05
-8.6017684e-06
-6.1483059e-06
-3.9315974e-06
-1.9568525e-06
-1.9266178e-07
1.4363577e-06
2.8238685e-06
4.3074278e-06
5.1384811e-06
7.0754118e-06
-3.2200519e-05
-1.9843481e-05
-1.8826864e-05
-1.3958173e-05
-1.115843e-05
-8.2650763e-06
-5.8429069e-06
-3.6569612e-06
-1.7065128e-06
3.5551658e-08
1.6453295e-06
3.0114691e-06
4.4882396e-06
5.2646063e-06
7.2976041e-06
-3.2148995e-05
-1.8804858e-05
-1.8275199e-05
-1.344272e-05
-1.07074e-05
-7.8737655e-06
-5.4891426e-06
-3.3392248e-06
-1.4177726e-06
2.9801827e-07
1.88474e-06
3.2259932e-06
4.6927743e-06
5.4105631e-06
7.5414498e-06
-3.2044517e-05
-1.7685655e-05
-1.7561977e-05
-1.2855211e-05
-1.0191334e-05
-7.4263563e-06
-5.0859626e-06
-2.9776101e-06
-1.0901092e-06
5.9506985e-07
2.1546986e-06
3.4675602e-06
4.9205269e-06
5.5772676e-06
7.8038344e-06
-3.1731334e-05
-1.6438534e-05
-1.6769799e-05
-1.2180479e-05
-9.6069624e-06
-6.921296e-06
-4.6322139e-06
-2.5712526e-06
-7.2293498e-07
9.270844e-07
2.4553418e-06
3.736306e-06
5.1709828e-06
5.7656785e-06
8.0813366e-06
-3.1141675e-05
-1.508297e-05
-1.5935835e-05
-1.1436176e-05
-8.9534671e-06
-6.3569698e-06
-4.1266307e-06
-2.1191776e-06
-3.1557309e-07
1.2945085e-06
2.7868576e-06
4.0324016e-06
5.4436549e-06
5.97678e-06
8.3703461e-06
-3.0322975e-05
-1.3704218e-05
-1.4982472e-05
-1.0617537e-05
-8.2286984e-06
-5.7314198e-06
-3.5677931e-06
-1.6203105e-06
1.3272764e-07
1.6978458e-06
3.1494795e-06
4.3560492e-06
5.7380988e-06
6.2115435e-06
8.6671932e-06
-2.9215729e-05
-1.2250161e-05
-1.3892261e-05
-9.718876e-06
-7.4295109e-06
-5.0423931e-06
-2.9541908e-06
-1.073553e-06
6.2272264e-07
2.1375977e-06
3.5434413e-06
4.7074421e-06
6.0538986e-06
6.4708643e-06
8.9682874e-06
-2.7756405e-05
-1.0724712e-05
-1.2657334e-05
-8.7354416e-06
-6.5529144e-06
-4.2876766e-06
-2.2844207e-06
-4.7794947e-07
1.1550311e-06
2.6141465e-06
3.9688824e-06
5.0866858e-06
6.390618e-06
6.7554714e-06
9.2702699e-06
-2.5883627e-05
-9.1413504e-06
-1.1269759e-05
-7.6625998e-06
-5.5965164e-06
-3.4654469e-06
-1.557465e-06
1.6707608e-07
1.729936e-06
3.1275886e-06
4.4257114e-06
5.4936789e-06
6.7477167e-06
7.0658149e-06
9.5701742e-06
-2.3532326e-05
-7.5077765e-06
-9.7215487e-06
-6.4950683e-06
-4.5583294e-06
-2.5742925e-06
-7.7279407e-07
8.6157557e-07
2.3472298e-06
3.6775831e-06
4.9134689e-06
5.9279818e-06
7.1244494e-06
7.4019275e-06
9.8654013e-06
-2.0633964e-05
-5.8206914e-06
-8.0038073e-06
-5.2249055e-06
-3.4358554e-06
-1.6128084e-06
6.9793933e-08
1.6050943e-06
3.0061609e-06
4.2632643e-06
5.4312286e-06
6.3887046e-06
7.5197738e-06
7.763298e-06
1.0153763e-05
-1.715771e-05
-4.0882642e-06
-6.1218872e-06
-3.8493404e-06
-2.2313466e-06
-5.8307856e-07
9.6794497e-07
2.3952343e-06
3.7045084e-06
4.882651e-06
5.9772276e-06
6.874268e-06
7.9322081e-06
8.1487767e-06
1.0433674e-05
-1.3175104e-05
-2.4095368e-06
-4.1544259e-06
-2.4053183e-06
-9.7285254e-07
4.9624225e-07
1.9086787e-06
3.2226162e-06
4.4354222e-06
5.5306809e-06
6.5476759e-06
7.3816743e-06
8.3593912e-06
8.5563563e-06
1.0703882e-05
-8.5034552e-06
-8.0164571e-07
-2.1705236e-06
-9.1634827e-07
3.212322e-07
1.6121668e-06
2.8821454e-06
4.0792243e-06
5.1923366e-06
6.2019247e-06
7.1380925e-06
7.9068635e-06
8.798021e-06
8.9826945e-06
1.096314e-05
-1.4371948e-06
1.8889375e-06
4.7664598e-07
1.0465526e-06
1.9155582e-06
2.9248209e-06
3.9845107e-06
5.0221879e-06
6.0085061e-06
6.9146444e-06
7.7573968e-06
8.4523791e-06
9.2481512e-06
9.4240316e-06
1.1213301e-05
9.4837711e-06
7.4820057e-06
4.918237e-06
4.2050957e-06
4.2479569e-06
4.6936876e-06
5.3719652e-06
6.1474415e-06
6.9434038e-06
7.7055344e-06
8.4276235e-06
9.0314034e-06
9.7185704e-06
9.8827234e-06
1.1467271e-05
6.8706314e-06
8.43366e-06
8.9768326e-06
9.9470488e-06
1.0480275e-05
1.1035878e-05
1.1274598e-05
1.1504023e-05
1.1182571e-05
1.113961e-05
9.738701e-06
9.7454367e-06
5.8678529e-06
7.5963731e-06
-3.0490265e-06
6.8683239e-06
8.4479855e-06
8.9845616e-06
9.9526362e-06
1.0485331e-05
1.1039287e-05
1.1277586e-05
1.1506131e-05
1.1184653e-05
1.1140772e-05
9.7403841e-06
9.7452737e-06
5.8700131e-06
7.5820664e-06
-3.0319366e-06
6.8637841e-06
8.4777848e-06
8.9996936e-06
9.9639575e-06
1.0495352e-05
1.1046183e-05
1.1283595e-05
1.151023e-05
1.1188618e-05
1.1142658e-05
9.7434859e-06
9.7446681e-06
5.8736675e-06
7.5558569e-06
-3.0133682e-06
6.8569622e-06
8.5240362e-06
9.0227239e-06
9.9814143e-06
1.0510559e-05
1.1056679e-05
1.1292616e-05
1.1516322e-05
1.1194395e-05
1.1145285e-05
9.7478946e-06
9.7435833e-06
5.8787921e-06
7.5206348e-06
-3.0005742e-06
6.8483605e-06
8.5870368e-06
9.0541561e-06
1.0005196e-05
1.05311e-05
1.1070813e-05
1.1304624e-05
1.1524356e-05
1.1201914e-05
1.1148587e-05
9.7535315e-06
9.7418922e-06
5.8854539e-06
7.4790171e-06
-2.9903475e-06
6.8388605e-06
8.6665876e-06
9.0943974e-06
1.0035327e-05
1.0557019e-05
1.1088561e-05
1.1319552e-05
1.1534224e-05
1.1211065e-05
1.1152407e-05
9.7603036e-06
9.7394182e-06
5.8936649e-06
7.433558e-06
-2.9788467e-06
6.8297269e-06
8.7620797e-06
9.1438189e-06
1.0071725e-05
1.0588288e-05
1.1109846e-05
1.133729e-05
1.1545779e-05
1.122171e-05
1.1156563e-05
9.7680978e-06
9.7359742e-06
5.9034185e-06
7.3868329e-06
-2.9628307e-06
6.8226601e-06
8.8724935e-06
9.2027601e-06
1.0114214e-05
1.0624811e-05
1.1134541e-05
1.1357676e-05
1.1558841e-05
1.1233677e-05
1.1160852e-05
9.7767819e-06
9.7313637e-06
5.9147064e-06
7.3415079e-06
-2.9387625e-06
6.8198464e-06
8.9964098e-06
9.2715095e-06
1.016253e-05
1.0666413e-05
1.1162466e-05
1.1380503e-05
1.1573192e-05
1.1246761e-05
1.1165048e-05
9.7862036e-06
9.7253738e-06
5.9275138e-06
7.3005785e-06
-2.9028514e-06
6.8239982e-06
9.1320521e-06
9.350285e-06
1.0216335e-05
1.0712846e-05
1.1193384e-05
1.140551e-05
1.1588577e-05
1.1260725e-05
1.1168898e-05
9.7961888e-06
9.7177702e-06
5.9418118e-06
7.2670131e-06
-2.8559983e-06
6.8383739e-06
9.2773575e-06
9.4392135e-06
1.0275247e-05
1.076379e-05
1.1227018e-05
1.1432392e-05
1.1604706e-05
1.1275297e-05
1.1172124e-05
9.806541e-06
9.7082943e-06
5.9575487e-06
7.2397218e-06
-2.8081938e-06
6.8667654e-06
9.4300751e-06
9.538311e-06
1.0338877e-05
1.0818863e-05
1.1263049e-05
1.1460802e-05
1.1621256e-05
1.1290174e-05
1.1174422e-05
9.8170412e-06
9.6966636e-06
5.974659e-06
7.212041e-06
-2.7684496e-06
6.9134379e-06
9.5878908e-06
9.6474608e-06
1.0406864e-05
1.0877633e-05
1.1301144e-05
1.1490363e-05
1.1637884e-05
1.1305027e-05
1.1175471e-05
9.8274497e-06
9.6825768e-06
5.993085e-06
7.1793816e-06
-2.7334305e-06
6.983008e-06
9.7485713e-06
9.7663933e-06
1.0478918e-05
1.0939637e-05
1.1340969e-05
1.1520687e-05
1.165423e-05
1.1319505e-05
1.1174932e-05
9.8375081e-06
9.665719e-06
6.0127924e-06
7.1415029e-06
-2.6948169e-06
7.0802452e-06
9.9101228e-06
9.8946675e-06
1.0554863e-05
1.1004403e-05
1.1382204e-05
1.1551392e-05
1.1669933e-05
1.1333248e-05
1.1172458e-05
9.8469434e-06
9.6457677e-06
6.0337543e-06
7.0984012e-06
-2.6482681e-06
7.2097667e-06
1.0070985e-05
1.0031658e-05
1.0634665e-05
1.1071497e-05
1.1424563e-05
1.1582122e-05
1.1684642e-05
1.1345894e-05
1.1167701e-05
9.8554734e-06
9.6223968e-06
6.0559386e-06
7.0497307e-06
-2.5926177e-06
7.3756457e-06
1.0230247e-05
1.0176571e-05
1.0718454e-05
1.1140543e-05
1.1467829e-05
1.1612563e-05
1.1698034e-05
1.1357093e-05
1.1160323e-05
9.8628125e-06
9.5952822e-06
6.0793077e-06
6.9950558e-06
-2.5276484e-06
7.5812961e-06
1.03875e-05
1.0328527e-05
1.0806512e-05
1.1211265e-05
1.1511856e-05
1.1642462e-05
1.1709832e-05
1.136652e-05
1.1150006e-05
9.8686809e-06
9.5641104e-06
6.103822e-06
6.9339537e-06
-2.4529272e-06
7.8291077e-06
1.0542789e-05
1.0486607e-05
1.0899254e-05
1.1283497e-05
1.1556589e-05
1.1671657e-05
1.1719825e-05
1.1373899e-05
1.1136478e-05
9.8728204e-06
9.5285944e-06
6.1294494e-06
6.866024e-06
-2.3678533e-06
8.1199208e-06
1.069678e-05
1.0649821e-05
1.0997185e-05
1.1357205e-05
1.1602076e-05
1.1700093e-05
1.1727888e-05
1.1379023e-05
1.1119519e-05
9.8750129e-06
9.488483e-06
6.1561895e-06
6.7908794e-06
-2.2717352e-06
8.4529503e-06
1.0850549e-05
1.0817138e-05
1.1100811e-05
1.1432429e-05
1.1648406e-05
1.1727777e-05
1.1733929e-05
1.1381702e-05
1.1098904e-05
9.8750312e-06
9.4434763e-06
6.1840719e-06
6.7080363e-06
-2.1637244e-06
8.8251631e-06
1.1005178e-05
1.0987246e-05
1.1210348e-05
1.1509059e-05
1.1695491e-05
1.175456e-05
1.173768e-05
1.1381553e-05
1.1074196e-05
9.8724283e-06
9.3930424e-06
6.2129269e-06
6.6167715e-06
-2.0429051e-06
9.2291502e-06
1.1162566e-05
1.115859e-05
1.1325824e-05
1.1587131e-05
1.1743399e-05
1.1780492e-05
1.1739144e-05
1.137838e-05
1.1045325e-05
9.8668268e-06
9.3371811e-06
6.241905e-06
6.5172357e-06
-1.9096086e-06
9.6564362e-06
1.1330963e-05
1.1333334e-05
1.1450377e-05
1.1670353e-05
1.17959e-05
1.1809342e-05
1.1742288e-05
1.1375765e-05
1.1016476e-05
9.8613087e-06
9.2804789e-06
6.2707859e-06
6.4147534e-06
-1.7668543e-06
1.2433826e-05
1.7210351e-05
2.0196786e-05
2.1483643e-05
2.1566675e-05
2.0946619e-05
1.9857557e-05
1.8377927e-05
1.7558124e-05
2.1911709e-05
2.3732969e-05
2.4502378e-05
2.4374778e-05
2.3534964e-05
2.2311598e-05
2.0848777e-05
1.9219942e-05
1.8408571e-05
2.8637852e-05
2.8978058e-05
2.8361346e-05
2.7148043e-05
2.5488674e-05
2.3666307e-05
2.1820292e-05
2.003975e-05
1.9278235e-05
3.4867076e-05
3.3930647e-05
3.2116036e-05
2.9877314e-05
2.7405765e-05
2.4988796e-05
2.2763617e-05
2.0834107e-05
2.0079965e-05
4.0993323e-05
3.8825985e-05
3.5828645e-05
3.255901e-05
2.9271182e-05
2.6267301e-05
2.3671055e-05
2.1592e-05
2.0836525e-05
4.693903e-05
4.3592754e-05
3.9442712e-05
3.5155242e-05
3.1063523e-05
2.7489986e-05
2.4537415e-05
2.2306805e-05
2.1543888e-05
5.2613205e-05
4.8152629e-05
4.290037e-05
3.7629087e-05
3.2762075e-05
2.8645512e-05
2.5356238e-05
2.2974406e-05
2.2199806e-05
5.7957845e-05
5.244736e-05
4.6154001e-05
3.9948377e-05
3.4347939e-05
2.9722444e-05
2.6112733e-05
2.3585192e-05
2.2803258e-05
6.2912516e-05
5.6423181e-05
4.9160682e-05
4.2084327e-05
3.5803734e-05
3.0707835e-05
2.6788414e-05
2.4127917e-05
2.3365106e-05
6.7412563e-05
6.0028204e-05
5.1881157e-05
4.4011184e-05
3.7113499e-05
3.1589821e-05
2.7391668e-05
2.4617498e-05
2.3876535e-05
7.1396324e-05
6.321427e-05
5.4280235e-05
4.5706095e-05
3.8263441e-05
3.2362884e-05
2.7933637e-05
2.5057954e-05
2.4316181e-05
7.4807699e-05
6.5938287e-05
5.632718e-05
4.7149178e-05
3.9241402e-05
3.3020405e-05
2.8398874e-05
2.5434434e-05
2.4679812e-05
7.7597791e-05
6.8163181e-05
5.7996047e-05
4.8323696e-05
4.0036671e-05
3.3555202e-05
2.8776922e-05
2.5736771e-05
2.4968596e-05
7.9726173e-05
6.9858543e-05
5.9265813e-05
4.9216131e-05
4.0640596e-05
3.3961458e-05
2.9062698e-05
2.5962827e-05
2.5186577e-05
8.1161303e-05
7.1000534e-05
6.011987e-05
4.9815536e-05
4.1045884e-05
3.4233846e-05
2.92529e-05
2.6116836e-05
2.5332103e-05
8.1881055e-05
7.1572259e-05
6.0546225e-05
5.0113669e-05
4.1246624e-05
3.4367969e-05
2.9345339e-05
2.6193864e-05
2.54031e-05
8.3595756e-06
4.9728617e-06
3.9018639e-06
4.1577076e-06
4.7056287e-06
5.3756504e-06
6.1289262e-06
6.9037069e-06
7.6593176e-06
8.3662825e-06
9.0175744e-06
9.563178e-06
1.0149813e-05
1.0322642e-05
1.1686166e-05
1.6440895e-05
1.2154545e-05
1.0099777e-05
9.2080455e-06
8.661167e-06
8.4452777e-06
8.5288364e-06
8.7974801e-06
9.1596906e-06
9.55775e-06
9.9540887e-06
1.0313518e-05
1.0698846e-05
1.0878011e-05
1.1845729e-05
1.8646104e-05
1.484948e-05
1.2863393e-05
1.1923396e-05
1.1287919e-05
1.09006e-05
1.0749418e-05
1.0751844e-05
1.083755e-05
1.0969167e-05
1.1116991e-05
1.1268677e-05
1.1445853e-05
1.1591122e-05
1.2089933e-05
1.9874826e-05
1.7732696e-05
1.6375954e-05
1.5483163e-05
1.4719823e-05
1.4094322e-05
1.3645727e-05
1.3328286e-05
1.3084716e-05
1.2889209e-05
1.2712921e-05
1.2569698e-05
1.2495455e-05
1.2479193e-05
1.2584782e-05
2.0363925e-05
1.9250438e-05
1.8335007e-05
1.7584083e-05
1.690554e-05
1.6298529e-05
1.5769898e-05
1.5312129e-05
1.4915743e-05
1.4577835e-05
1.4290616e-05
1.4033366e-05
1.3786368e-05
1.354474e-05
1.3336202e-05
2.0140251e-05
1.9557642e-05
1.90211e-05
1.8540352e-05
1.8076625e-05
1.762502e-05
1.7189942e-05
1.6771622e-05
1.6367974e-05
1.5976604e-05
1.5594589e-05
1.5218972e-05
1.4848217e-05
1.4482178e-05
1.4117385e-05
1.9297954e-05
1.8981744e-05
1.8685504e-05
1.8406644e-05
1.8119573e-05
1.7821623e-05
1.7515883e-05
1.7203161e-05
1.6883373e-05
1.6555815e-05
1.6219573e-05
1.5873947e-05
1.5517939e-05
1.5150154e-05
1.4765821e-05
1.7919144e-05
1.7753121e-05
1.7592637e-05
1.7432021e-05
1.725745e-05
1.7069867e-05
1.6877754e-05
1.6672301e-05
1.6440905e-05
1.6192752e-05
1.5934139e-05
1.5659572e-05
1.5365417e-05
1.5050701e-05
1.4713009e-05
1.688398e-05
1.6705107e-05
1.6600983e-05
1.6508344e-05
1.6396956e-05
1.6269817e-05
1.6130077e-05
1.5976956e-05
1.580908e-05
1.5625124e-05
1.5423763e-05
1.5203605e-05
1.496309e-05
1.4700976e-05
1.441752e-05
1.0083454e-05
1.1489896e-05
1.1499884e-05
1.1574886e-05
1.1755097e-05
1.1853585e-05
1.1845097e-05
1.1754314e-05
1.1382258e-05
1.0998967e-05
9.8650635e-06
9.2369723e-06
6.306881e-06
6.3274348e-06
-1.6269759e-06
1.0668063e-05
1.1614536e-05
1.1686961e-05
1.1712666e-05
1.1842305e-05
1.1910843e-05
1.1877007e-05
1.1755546e-05
1.1379002e-05
1.0961528e-05
9.8613591e-06
9.1626544e-06
6.3565213e-06
6.1890135e-06
-1.427318e-06
1.1412089e-05
1.1824731e-05
1.1914518e-05
1.1888586e-05
1.1938582e-05
1.1957833e-05
1.1882179e-05
1.1710033e-05
1.1323317e-05
1.0850386e-05
9.8057434e-06
8.9888072e-06
6.4007385e-06
5.9002239e-06
-1.075158e-06
1.2220886e-05
1.2233623e-05
1.2205647e-05
1.2115612e-05
1.2066118e-05
1.2006464e-05
1.1860498e-05
1.1612946e-05
1.1197591e-05
1.0651296e-05
9.6683807e-06
8.6990389e-06
6.4108702e-06
5.4353756e-06
-5.4236171e-07
1.3037522e-05
1.2801883e-05
1.260749e-05
1.2438158e-05
1.2289535e-05
1.2113647e-05
1.185028e-05
1.1490127e-05
1.0998627e-05
1.0359277e-05
9.4105544e-06
8.2983534e-06
6.3263955e-06
4.8409403e-06
1.3736395e-07
1.3807742e-05
1.3501683e-05
1.3186963e-05
1.2859979e-05
1.2535644e-05
1.2196752e-05
1.1784172e-05
1.1290004e-05
1.0695535e-05
9.9625385e-06
9.0023984e-06
7.8015213e-06
6.0821645e-06
4.2302862e-06
8.5783253e-07
1.44241e-05
1.4072686e-05
1.3688091e-05
1.3273195e-05
1.2823149e-05
1.2333982e-05
1.1790326e-05
1.1166151e-05
1.0437835e-05
9.569961e-06
8.510971e-06
7.1851274e-06
5.6376863e-06
3.6992995e-06
1.3629242e-06
1.439781e-05
1.4075228e-05
1.3711319e-05
1.3300265e-05
1.2832659e-05
1.2300386e-05
1.1693404e-05
1.0997176e-05
1.0192822e-05
9.255453e-06
8.1538352e-06
6.8394815e-06
5.2972742e-06
3.3334467e-06
1.5113321e-06
1.4125348e-05
1.3822669e-05
1.3497847e-05
1.3125685e-05
1.2690273e-05
1.2184108e-05
1.15978e-05
1.091799e-05
1.0128089e-05
9.2080202e-06
8.1328911e-06
6.8727106e-06
5.3888225e-06
3.6398164e-06
1.7595658e-06
)
;

boundaryField
{
    inlet
    {
        type            zeroGradient;
    }
    outlet
    {
        type            fixedValue;
        value           uniform 0;
    }
    cylinder
    {
        type            zeroGradient;
    }
    frontAndBack
    {
        type            empty;
    }
}


// ************************************************************************* //
