/*--------------------------------*- C++ -*----------------------------------*\
  =========                 |
  \\      /  F ield         | OpenFOAM: The Open Source CFD Toolbox
   \\    /   O peration     | Website:  https://openfoam.org
    \\  /    A nd           | Version:  14
     \\/     M anipulation  |
\*---------------------------------------------------------------------------*/
FoamFile
{
    format      ascii;
    class       volScalarField;
    location    "1500";
    object      p;
}
// * * * * * * * * * * * * * * * * * * * * * * * * * * * * * * * * * * * * * //

dimensions      [0 2 -2 0 0 0 0];

internalField   nonuniform List<scalar> 
5388
(
-0.00028799076
-0.00028778285
-0.000287504
-0.00028718793
-0.00028681338
-0.00028636357
-0.00028582367
-0.00028517623
-0.00028440009
-0.00028347008
-0.0002823565
-0.0002810245
-0.00027943338
-0.00027753604
-0.00027527841
-0.00027259923
-0.00026943009
-0.0002656961
-0.00026131728
-0.0002562111
-0.00025029632
-0.00024349832
-0.00023575602
-0.00022702996
-0.00021731087
-0.00020662769
-0.00019505332
-0.00018270682
-0.00016975062
-0.00015638269
-0.00014282339
-0.00012930433
-0.00011603307
-0.00010325093
-9.0985382e-05
-7.9741379e-05
-6.8591267e-05
-6.0002567e-05
-4.8798938e-05
-0.00028795393
-0.00028774542
-0.00028746586
-0.00028714891
-0.00028677331
-0.00028632223
-0.00028578079
-0.0002851315
-0.00028435313
-0.00028342044
-0.00028230363
-0.00028096777
-0.00027937204
-0.00027746924
-0.00027520519
-0.00027251855
-0.00026934085
-0.00026559718
-0.00026120765
-0.00025608993
-0.00025016305
-0.00024335284
-0.00023559869
-0.00022686171
-0.00021713326
-0.00020644286
-0.00019486395
-0.00018251595
-0.00016956148
-0.00015619846
-0.00014264706
-0.00012913825
-0.00011587957
-0.00010311061
-9.0860663e-05
-7.9630131e-05
-6.8491126e-05
-5.9947094e-05
-4.8637413e-05
-0.00028791364
-0.00028770337
-0.00028742154
-0.00028710188
-0.00028672307
-0.00028626818
-0.00028572222
-0.00028506756
-0.00028428286
-0.0002833427
-0.00028221715
-0.00028087106
-0.00027926347
-0.00027734698
-0.00027506728
-0.00027236292
-0.0002691654
-0.00026539992
-0.0002609868
-0.00025584408
-0.00024989141
-0.00024305538
-0.00023527638
-0.00022651665
-0.00021676881
-0.00020606356
-0.00019447541
-0.00018212451
-0.00016917382
-0.0001558211
-0.00014228615
-0.00012879868
-0.00011556596
-0.00010282471
-9.0606165e-05
-7.9405421e-05
-6.8285623e-05
-5.9840094e-05
-4.8306695e-05
-0.00028784706
-0.00028763388
-0.00028734828
-0.00028702417
-0.00028664009
-0.00028617896
-0.00028562562
-0.00028496228
-0.00028416737
-0.00028321527
-0.00028207581
-0.00028071359
-0.0002790874
-0.00027714961
-0.0002748457
-0.00027211408
-0.00026888622
-0.00026508739
-0.00026063826
-0.00025545743
-0.00024946544
-0.00024259009
-0.00023477333
-0.00022597917
-0.00021620211
-0.00020547472
-0.00019387307
-0.00018151843
-0.00016857431
-0.00015523818
-0.00014172929
-0.00012827539
-0.0001150831
-0.00010238544
-9.0214884e-05
-7.9061866e-05
-6.7969342e-05
-5.9678748e-05
-4.7796478e-05
-0.0002877373
-0.00028752011
-0.00028722936
-0.00028689909
-0.00028650775
-0.00028603801
-0.0002854745
-0.00028479916
-0.00028399014
-0.00028302151
-0.00028186277
-0.00028047819
-0.00027882622
-0.0002768589
-0.00027452148
-0.00027175218
-0.00026848249
-0.00026463789
-0.00026013952
-0.00025490681
-0.00024886154
-0.00024193318
-0.00023406572
-0.00022522561
-0.0002154099
-0.00020465363
-0.00019303502
-0.00018067685
-0.0001677433
-0.00015443145
-0.0001409597
-0.00012755315
-0.00011441734
-0.00010178089
-8.9676367e-05
-7.8590199e-05
-6.7535273e-05
-5.94546e-05
-4.7102017e-05
-0.00028755024
-0.00028732797
-0.00028703068
-0.00028669259
-0.00028629201
-0.00028581133
-0.00028523488
-0.00028454427
-0.00028371732
-0.00028272769
-0.00028154447
-0.00028013151
-0.00027844682
-0.00027644208
-0.00027406219
-0.00027124521
-0.00026792262
-0.00026402019
-0.00025945969
-0.00025416167
-0.00024804948
-0.00024105477
-0.0002331242
-0.00022422728
-0.00021436432
-0.00020357351
-0.00019193575
-0.00017957572
-0.00016665838
-0.0001533802
-0.00013995854
-0.00012661491
-0.00011355343
-0.00010099778
-8.8979014e-05
-7.7979864e-05
-6.6975918e-05
-5.9156599e-05
-4.6221638e-05
-0.00028724188
-0.0002870135
-0.00028670838
-0.00028636086
-0.00028594914
-0.00028545528
-0.00028486323
-0.00028415423
-0.00028330565
-0.00028229071
-0.00028107799
-0.00027963081
-0.0002779067
-0.00027585684
-0.00027342581
-0.00027055145
-0.00026716526
-0.00026319341
-0.00025855848
-0.00025318239
-0.00024699051
-0.00023991713
-0.0002319122
-0.00022294896
-0.00021303169
-0.00020220241
-0.00019054524
-0.00017818706
-0.00016529376
-0.00015206084
-0.00013870445
-0.00012544143
-0.0001124743
-0.00010002131
-8.8109874e-05
-7.7218925e-05
-6.6282983e-05
-5.8771067e-05
-4.5155221e-05
-0.00028675185
-0.0002865164
-0.00028620227
-0.00028584383
-0.0002854192
-0.00028491006
-0.00028429994
-0.00028356964
-0.00028269602
-0.00028165177
-0.00028040489
-0.00027891813
-0.00027714841
-0.00027504642
-0.00027255631
-0.00026961571
-0.00026615622
-0.00026210446
-0.00025738405
-0.00025191856
-0.00024563576
-0.00023847313
-0.00023038451
-0.00022134758
-0.00021137128
-0.00020050211
-0.00018882791
-0.0001764781
-0.00016361949
-0.00015044611
-0.00013717293
-0.00012401077
-0.00011116066
-9.8834693e-05
-8.7054183e-05
-7.6293674e-05
-6.5446914e-05
-5.8281349e-05
-4.3903268e-05
-0.0002860029
-0.00028575956
-0.00028543541
-0.00028506473
-0.00028462562
-0.00028409935
-0.00028346898
-0.00028271479
-0.00028181313
-0.00028073605
-0.00027945093
-0.00027791986
-0.00027609914
-0.00027393888
-0.0002713828
-0.00026836835
-0.00026482723
-0.0002606867
-0.00025587157
-0.00025030741
-0.00024392479
-0.00023666488
-0.00022848604
-0.00021937108
-0.00020933427
-0.00019842717
-0.00018674186
-0.00017441051
-0.00016160086
-0.00014850469
-0.00013533618
-0.00012229836
-0.00010959102
-9.7418922e-05
-8.5794994e-05
-7.5188326e-05
-6.4456479e-05
-5.766825e-05
-4.247095e-05
-0.00028489773
-0.00028464584
-0.00028431089
-0.00028392689
-0.00028347202
-0.0002829271
-0.0002822747
-0.00028149455
-0.00028056239
-0.00027944964
-0.00027812299
-0.00027654384
-0.00027466781
-0.00027244444
-0.00026981702
-0.00026672281
-0.00026309376
-0.00025885785
-0.00025394137
-0.00024827215
-0.00024178399
-0.00023442229
-0.00022615052
-0.00021695722
-0.00020686268
-0.00019592407
-0.00018423808
-0.00017193982
-0.00015919791
-0.00014620113
-0.00013316437
-0.00012027572
-0.00010773905
-9.575223e-05
-8.4312835e-05
-7.3884685e-05
-6.329825e-05
-5.6911286e-05
-4.0883219e-05
-0.00028331669
-0.0002830558
-0.00028270956
-0.00028231149
-0.00028183995
-0.00028127532
-0.00028059965
-0.00027979208
-0.00027882774
-0.00027767738
-0.00027630697
-0.00027467721
-0.00027274305
-0.00027045344
-0.00026775128
-0.00026457374
-0.00026085308
-0.00025651823
-0.00025149715
-0.00024572028
-0.00023912508
-0.00023166165
-0.00022329913
-0.00021403244
-0.00020388837
-0.00019293023
-0.00018125959
-0.00016901454
-0.00015636456
-0.00014349441
-0.00013062343
-0.00011790039
-0.00010556401
-9.3809101e-05
-8.2585389e-05
-7.2361655e-05
-6.1955509e-05
-5.5986077e-05
-3.91468e-05
-0.000281116
-0.00028084594
-0.0002804883
-0.0002800758
-0.00027958716
-0.00027900235
-0.00027830285
-0.00027746723
-0.00027646999
-0.00027528121
-0.00027386617
-0.00027218486
-0.00027019158
-0.00026783477
-0.00026505699
-0.00026179541
-0.0002579828
-0.0002535492
-0.00024842453
-0.00024254218
-0.00023584368
-0.00022828431
-0.00021983939
-0.00021051069
-0.00020033204
-0.00018937318
-0.0001777407
-0.00016557558
-0.00015304758
-0.00014033047
-0.00012764758
-0.00011510078
-0.00010302442
-9.15611e-05
-8.0586866e-05
-7.0594751e-05
-6.0406748e-05
-5.4854555e-05
-3.7222886e-05
-0.00027812447
-0.00027784537
-0.00027747664
-0.00027704988
-0.0002765443
-0.00027593954
-0.0002752165
-0.00027435321
-0.00027332355
-0.00027209697
-0.0002706381
-0.00026890627
-0.00026685523
-0.00026443297
-0.00026158186
-0.00025823923
-0.00025433852
-0.00024981113
-0.00024458925
-0.00023860954
-0.000231818
-0.00022417551
-0.00021566403
-0.0002062926
-0.00019610243
-0.00018516992
-0.0001736068
-0.00016155731
-0.0001491916
-0.00013664954
-0.00012410013
-0.00011198278
-0.00010029901
-8.8975981e-05
-7.8286688e-05
-6.8555971e-05
-5.8627194e-05
-5.348319e-05
-3.5120587e-05
-0.00027414519
-0.00027385757
-0.00027347855
-0.00027303829
-0.00027251669
-0.00027189306
-0.00027114781
-0.00027025844
-0.00026919828
-0.00026793621
-0.00026643629
-0.00026465731
-0.00026255257
-0.00026006976
-0.00025715123
-0.00025373469
-0.00024975449
-0.00024514372
-0.00023983711
-0.00023377503
-0.00022690828
-0.00021920375
-0.00021065038
-0.00020126477
-0.00019109572
-0.00018022648
-0.00016877437
-0.00015688898
-0.00014475188
-0.00013250052
-0.00012023622
-0.00010843706
-9.7053355e-05
-8.6016127e-05
-7.5652119e-05
-6.621341e-05
-5.6588222e-05
-5.1837511e-05
-3.2854269e-05
-0.00026894926
-0.00026865376
-0.00026826484
-0.00026781251
-0.00026727668
-0.00026663629
-0.00026587133
-0.00026495888
-0.00026387182
-0.0002625786
-0.00026104281
-0.00025922289
-0.00025707187
-0.00025453738
-0.00025156198
-0.00024808404
-0.00024403915
-0.00023936235
-0.00023399132
-0.00022787037
-0.00022095549
-0.00021321985
-0.00020465957
-0.00019529891
-0.00018519408
-0.00017443471
-0.00016314237
-0.00015146656
-0.0001395804
-0.00012765084
-0.00011586052
-0.00010430277
-9.3141412e-05
-8.2587542e-05
-7.2631742e-05
-6.3530084e-05
-5.4256236e-05
-4.9877831e-05
-3.0416378e-05
-0.00026228783
-0.00026198581
-0.0002615884
-0.00026112629
-0.000260579
-0.00025992513
-0.00025914437
-0.00025821349
-0.00025710509
-0.00025578728
-0.00025422344
-0.00025237182
-0.00025018542
-0.00024761209
-0.00024459491
-0.00024107324
-0.00023698427
-0.00023226546
-0.00022685782
-0.0002207101
-0.00021378379
-0.00020605859
-0.00019753787
-0.00018825341
-0.00017826847
-0.00016767836
-0.00015660788
-0.00014520561
-0.00013363608
-0.00012206092
-0.00011062483
-9.9498293e-05
-8.8843334e-05
-7.8732789e-05
-6.9196652e-05
-6.0467593e-05
-5.1592939e-05
-4.756075e-05
-2.7792637e-05
-0.00025386354
-0.00025355709
-0.00025315391
-0.0002526852
-0.00025213023
-0.00025146739
-0.00025067624
-0.0002497334
-0.00024861136
-0.0002472782
-0.00024569731
-0.00024382709
-0.00024162089
-0.00023902715
-0.00023598995
-0.00023245007
-0.00022834676
-0.00022362027
-0.00021821527
-0.00021208515
-0.00020519706
-0.00019753728
-0.0001891164
-0.00017997346
-0.0001701783
-0.00015983122
-0.00014905946
-0.00013801064
-0.00012684385
-0.00011571552
-0.0001047655
-9.4148881e-05
-8.3995942e-05
-7.4366722e-05
-6.5297865e-05
-5.6981963e-05
-4.8555054e-05
-4.4839804e-05
-2.4963218e-05
-0.00024340272
-0.00024309467
-0.00024268945
-0.00024221844
-0.00024166088
-0.00024099514
-0.00024020079
-0.00023925454
-0.00023812898
-0.0002367924
-0.00023520848
-0.00023333612
-0.00023112933
-0.00022853754
-0.00022550621
-0.00022197804
-0.00021789487
-0.00021320033
-0.00020784345
-0.00020178289
-0.00019499198
-0.00018746374
-0.00017921572
-0.0001702936
-0.00016077277
-0.00015075723
-0.00014037521
-0.00012977192
-0.0001191002
-0.00010850877
-9.8130843e-05
-8.8095546e-05
-7.8507683e-05
-6.9427166e-05
-6.0882777e-05
-5.3025224e-05
-4.5095135e-05
-4.1665907e-05
-2.189986e-05
-0.00023051414
-0.00023020785
-0.00022980501
-0.00022933688
-0.00022878287
-0.00022812159
-0.00022733289
-0.00022639383
-0.00022527747
-0.0002239527
-0.00022238401
-0.00022053133
-0.00021835002
-0.00021579121
-0.00021280251
-0.00020932928
-0.00020531657
-0.00020071182
-0.00019546847
-0.00018955025
-0.00018293617
-0.00017562547
-0.00016764214
-0.00015903786
-0.00014989277
-0.00014031335
-0.00013042724
-0.00012037539
-0.00011030247
-0.00010034642
-9.0628992e-05
-8.1257871e-05
-7.2317008e-05
-6.385695e-05
-5.5896939e-05
-4.8547212e-05
-4.116348e-05
-3.7989601e-05
-1.8567969e-05
-0.00021500859
-0.00021470855
-0.00021431399
-0.00021385553
-0.00021331306
-0.00021266571
-0.00021189384
-0.0002109751
-0.00020988334
-0.00020858835
-0.00020705573
-0.00020524677
-0.00020311847
-0.00020062397
-0.00019771337
-0.00019433509
-0.00019043799
-0.00018597422
-0.00018090288
-0.00017519426
-0.00016883444
-0.00016182967
-0.00015421008
-0.00014603201
-0.00013737807
-0.00012835453
-0.00011908563
-0.00010970538
-0.00010034792
-9.1137782e-05
-8.2181845e-05
-7.3568151e-05
-6.5360912e-05
-5.7596783e-05
-5.0285101e-05
-4.3497587e-05
-3.6710977e-05
-3.3765135e-05
-1.4938273e-05
-0.00019624566
-0.00019595642
-0.00019557612
-0.00019513438
-0.00019461191
-0.0001939887
-0.00019324602
-0.00019236262
-0.00019131368
-0.00019007063
-0.00018860107
-0.0001868687
-0.00018483344
-0.00018245188
-0.00017967812
-0.00017646512
-0.00017276666
-0.00016853999
-0.00016374925
-0.0001583695
-0.00015239125
-0.00014582497
-0.00013870473
-0.00013109011
-0.00012306541
-0.0001147359
-0.00010622121
-9.7646622e-05
-8.9133637e-05
-8.0791118e-05
-7.2708609e-05
-6.4954335e-05
-5.7573103e-05
-5.058626e-05
-4.399225e-05
-3.7826997e-05
-3.1689073e-05
-2.8937412e-05
-1.0953173e-05
-0.00017455308
-0.00017428121
-0.00017392383
-0.00017350869
-0.00017301769
-0.00017243206
-0.00017173423
-0.00017090427
-0.00016991889
-0.00016875134
-0.00016737127
-0.00016574471
-0.00016383426
-0.00016159953
-0.0001589981
-0.000155987
-0.00015252492
-0.00014857508
-0.00014410882
-0.00013910961
-0.00013357692
-0.00012752958
-0.00012100789
-0.00011407419
-0.00010681123
-9.9318273e-05
-9.1704743e-05
-8.4082068e-05
-7.655488e-05
-6.9213113e-05
-6.2126479e-05
-5.5342738e-05
-4.8887567e-05
-4.2766654e-05
-3.6966697e-05
-3.1491514e-05
-2.6050372e-05
-2.3394699e-05
-6.3399768e-06
-0.0001483071
-0.00014805785
-0.00014773029
-0.00014735005
-0.00014690068
-0.00014636516
-0.0001457277
-0.00014497048
-0.00014407279
-0.00014301096
-0.00014175838
-0.00014028552
-0.00013856019
-0.00013654808
-0.00013421359
-0.0001315212
-0.0001284372
-0.00012493202
-0.00012098304
-0.00011657787
-0.00011171795
-0.00010642198
-0.00010072854
-9.4696897e-05
-8.8405206e-05
-8.1945809e-05
-7.5417986e-05
-6.8919353e-05
-6.253737e-05
-5.6342473e-05
-5.0384022e-05
-4.4689711e-05
-3.9267221e-05
-3.4107605e-05
-2.9187161e-05
-2.4485735e-05
-1.9797122e-05
-1.7062885e-05
-8.6822788e-07
-0.00011996664
-0.00011974789
-0.00011946056
-0.00011912694
-0.0001187326
-0.00011826263
-0.00011770316
-0.00011703853
-0.00011625051
-0.00011531831
-0.00011421848
-0.00011292504
-0.00011140971
-0.00010964242
-0.00010759225
-0.00010522882
-0.00010252427
-9.9455776e-05
-9.6008608e-05
-9.2179334e-05
-8.7978793e-05
-8.3434228e-05
-7.8590044e-05
-7.3506767e-05
-6.8257987e-05
-6.2925319e-05
-5.7591772e-05
-5.2334329e-05
-4.7217011e-05
-4.2285732e-05
-3.7565994e-05
-3.3063786e-05
-2.8768837e-05
-2.4659032e-05
-2.0706035e-05
-1.6885436e-05
-1.306377e-05
-1.0379403e-05
2.9936558e-06
-8.4947651e-05
-8.4769291e-05
-8.4535071e-05
-8.4263269e-05
-8.3942229e-05
-8.3559946e-05
-8.3105332e-05
-8.2565943e-05
-8.192738e-05
-8.11733e-05
-8.0285469e-05
-7.9243877e-05
-7.8027024e-05
-7.6612445e-05
-7.4977544e-05
-7.3100786e-05
-7.0963301e-05
-6.8550899e-05
-6.5856414e-05
-6.2882211e-05
-5.9642509e-05
-5.616505e-05
-5.2491496e-05
-4.8676029e-05
-4.4781851e-05
-4.0875788e-05
-3.7021673e-05
-3.3273607e-05
-2.9670372e-05
-2.6232127e-05
-2.2960099e-05
-1.9839336e-05
-1.6843619e-05
-1.3940859e-05
-1.1107593e-05
-8.3397653e-06
-5.576847e-06
-3.5989104e-06
1.2167292e-06
-4.4782676e-05
-4.4651414e-05
-4.4479051e-05
-4.4279309e-05
-4.404376e-05
-4.3763799e-05
-4.3431616e-05
-4.3038552e-05
-4.2574712e-05
-4.2029041e-05
-4.1389451e-05
-4.0643021e-05
-3.9776335e-05
-3.8776021e-05
-3.7629514e-05
-3.6326065e-05
-3.485799e-05
-3.3222106e-05
-3.142123e-05
-2.946557e-05
-2.7373799e-05
-2.5173502e-05
-2.2900702e-05
-2.0598115e-05
-1.8311888e-05
-1.60869e-05
-1.396118e-05
-1.1960517e-05
-1.0094527e-05
-8.3552642e-06
-6.7188699e-06
-5.1501254e-06
-3.6084574e-06
-2.0517367e-06
-4.6250104e-07
1.1395307e-06
2.790948e-06
4.0571754e-06
6.32792e-06
-3.454521e-06
-3.3778362e-06
-3.2772519e-06
-3.1608162e-06
-3.0237712e-06
-2.8612912e-06
-2.6690897e-06
-2.4424999e-06
-2.1762861e-06
-1.864743e-06
-1.5018394e-06
-1.0814262e-06
-5.9755762e-07
-4.4962054e-08
5.8030783e-07
1.2800268e-06
2.0527542e-06
2.8926497e-06
3.7882843e-06
4.721694e-06
5.6680406e-06
6.5962912e-06
7.47123e-06
8.2568506e-06
8.9208105e-06
9.4393122e-06
9.8015866e-06
1.0013107e-05
1.0096745e-05
1.009133e-05
1.0047529e-05
1.0021279e-05
1.0067318e-05
1.0241778e-05
1.0554969e-05
1.0952002e-05
1.1465664e-05
1.1902341e-05
1.2900439e-05
4.117247e-05
4.1189216e-05
4.1210964e-05
4.1235679e-05
4.1264071e-05
4.1296721e-05
4.1333875e-05
4.1375575e-05
4.1421595e-05
4.1471284e-05
4.1523364e-05
4.1575656e-05
4.1624743e-05
4.166555e-05
4.1690852e-05
4.169075e-05
4.1652166e-05
4.1558464e-05
4.1389326e-05
4.1121034e-05
4.0727328e-05
4.0180974e-05
3.9456178e-05
3.85319e-05
3.7395889e-05
3.6048946e-05
3.4508487e-05
3.2810351e-05
3.100799e-05
2.9168757e-05
2.7367554e-05
2.567803e-05
2.4166226e-05
2.2909918e-05
2.1906741e-05
2.1030317e-05
2.0345569e-05
1.9812833e-05
1.9609163e-05
8.6963041e-05
8.6914561e-05
8.6850537e-05
8.6775628e-05
8.6686188e-05
8.6578278e-05
8.6447911e-05
8.6290327e-05
8.609969e-05
8.5868895e-05
8.5589346e-05
8.5250665e-05
8.4840383e-05
8.4343611e-05
8.3742718e-05
8.3017075e-05
8.2142918e-05
8.1093466e-05
7.983944e-05
7.8350186e-05
7.6595621e-05
7.4549127e-05
7.2191367e-05
6.9514681e-05
6.6527447e-05
6.325757e-05
5.9754225e-05
5.6087085e-05
5.2342662e-05
4.8618009e-05
4.5012116e-05
4.1613827e-05
3.8497501e-05
3.5787269e-05
3.344672e-05
3.1212376e-05
2.9300967e-05
2.7738675e-05
2.6387299e-05
0.00013382686
0.00013371034
0.00013355684
0.00013337794
0.00013316544
0.00013291064
0.0001326051
0.00013223895
0.00013180039
0.00013127544
0.00013064762
0.00012989771
0.00012900341
0.00012793913
0.00012667587
0.00012518132
0.00012342029
0.00012135559
0.00011894953
0.00011616618
0.00011297443
0.00010935188
0.00010528931
0.00010079531
9.5900512e-05
9.0660239e-05
8.5154826e-05
7.9486656e-05
7.3773881e-05
6.8141481e-05
6.2709212e-05
5.7572101e-05
5.2807154e-05
4.8655896e-05
4.4938231e-05
4.1347756e-05
3.8336502e-05
3.5602912e-05
3.3130902e-05
0.00018053871
0.00018035233
0.00018010698
0.00017982138
0.00017948267
0.00017907732
0.00017859233
0.00017801272
0.00017732066
0.00017649524
0.00017551216
0.0001743434
0.00017295697
0.0001713168
0.00016938281
0.00016711142
0.0001644564
0.00016137046
0.00015780763
0.0001537265
0.00014909446
0.0001438928
0.00013812217
0.00013180775
0.0001250033
0.00011779271
0.00011028839
0.00010262577
9.4954105e-05
8.7424394e-05
8.0170942e-05
7.3281632e-05
6.6847804e-05
6.1312728e-05
5.6225412e-05
5.1329579e-05
4.7184526e-05
4.3230286e-05
3.9693056e-05
0.00022633014
0.00022607411
0.00022573718
0.00022534519
0.00022488063
0.00022432514
0.00022366121
0.00022286871
0.00022192381
0.00022079869
0.00021946121
0.00021787456
0.00021599707
0.00021378218
0.0002111788
0.00020813211
0.00020458504
0.00020048057
0.000195765
0.00019039234
0.00018432961
0.00017756299
0.00017010398
0.00016199495
0.0001533128
0.00014416955
0.00013470888
0.00012509832
0.00011551753
0.00010614297
9.7124924e-05
8.8571884e-05
8.0751096e-05
7.3652652e-05
6.6890299e-05
6.0811539e-05
5.547585e-05
5.049425e-05
4.5951602e-05
0.00027015813
0.00026983428
0.00026940818
0.00026891261
0.00026832555
0.00026762396
0.00026678593
0.00026578638
0.00026459565
0.00026317928
0.00026149755
0.00025950524
0.00025715137
0.00025437939
0.0002511277
0.00024733085
0.00024292153
0.00023783356
0.00023200602
0.00022538867
0.00021794835
0.00020967609
0.00020059413
0.0001907617
0.00018027838
0.00016928353
0.00015795107
0.00014647945
0.00013507765
0.0001239486
0.00011327199
0.00010321206
9.4013647e-05
8.5226985e-05
7.6918137e-05
6.9805824e-05
6.3319385e-05
5.7310132e-05
5.1804674e-05
0.00031109936
0.00031071138
0.00031020098
0.00030960747
0.00030890459
0.00030806487
0.00030706226
0.00030586697
0.00030444389
0.00030275225
0.00030074522
0.00029836961
0.00029556571
0.00029226756
0.0002884037
0.00028389873
0.00027867582
0.00027266033
0.00026578486
0.00025799553
0.00024925947
0.00023957276
0.00022896814
0.00021752099
0.00020535223
0.0001926267
0.00017954617
0.00016633698
0.00015323364
0.00014046014
0.00012821187
0.0001166519
0.00010593864
9.5918049e-05
8.6552394e-05
7.8184114e-05
7.0559511e-05
6.356337e-05
5.7156377e-05
0.00034820229
0.00034775563
0.00034716799
0.00034648477
0.00034567582
0.0003447096
0.00034355629
0.00034218182
0.00034054608
0.00033860254
0.00033629792
0.00033357178
0.00033035649
0.00032657753
0.00032215456
0.0003170032
0.00031103804
0.00030417692
0.00029634663
0.00028749016
0.00027757503
0.00026660211
0.00025461385
0.00024170047
0.00022800238
0.00021370756
0.00019904283
0.00018425941
0.00016961426
0.0001553496
0.00014167356
0.0001287492
0.00011669963
0.00010549887
9.5113283e-05
8.5666665e-05
7.7034822e-05
6.9141472e-05
6.1918048e-05
0.00038062008
0.00038012061
0.00037946122
0.00037869887
0.0003777968
0.00037671932
0.00037543338
0.00037390122
0.00037207832
0.00036991313
0.00036734665
0.0003643121
0.00036073485
0.00035653293
0.00035161816
0.00034589836
0.00033928065
0.00033167634
0.00032300732
0.00031321403
0.00030226457
0.00029016425
0.00027696424
0.00026276788
0.00024773269
0.00023206676
0.0002160186
0.00019986082
0.00018386965
0.00016830287
0.00015337976
0.00013926773
0.00012607875
0.00011382704
0.00010249524
9.2122319e-05
8.2623184e-05
7.3946402e-05
6.6011158e-05
0.00040755696
0.00040701207
0.00040628893
0.00040546021
0.00040448054
0.00040331008
0.00040191326
0.00040024929
0.00039827002
0.00039591967
0.00039313451
0.00038984246
0.00038596314
0.00038140835
0.00037608348
0.00036988983
0.00036272838
0.00035450504
0.00034513763
0.00033456448
0.00032275421
0.00030971583
0.00029550783
0.0002802445
0.00026409767
0.00024729217
0.00023009445
0.0002127948
0.00019568519
0.00017903612
0.00016307587
0.00014797635
0.00013384702
0.00012071877
0.00010858262
9.7439516e-05
8.7222189e-05
7.7894343e-05
6.9368505e-05
0.00042839471
0.0004278152
0.00042704306
0.00042616397
0.00042512526
0.00042388368
0.00042240144
0.00042063518
0.00041853374
0.00041603833
0.00041308186
0.00040958822
0.0004054725
0.00040064174
0.0003949963
0.00038843256
0.00038084679
0.00037214088
0.00036222966
0.00035105004
0.00033857123
0.00032480528
0.0003098164
0.00029372738
0.00027672097
0.00025903481
0.00024094907
0.00022276744
0.00020479394
0.00018730866
0.00017054668
0.00015468348
0.00013982875
0.00012602199
0.00011325785
0.00010151863
9.0747097e-05
8.0916519e-05
7.1935118e-05
0.00044251717
0.00044191435
0.00044110918
0.00044019693
0.00043911974
0.00043783208
0.00043629469
0.000434462
0.00043227996
0.00042968766
0.00042661659
0.0004229882
0.00041871434
0.00041369872
0.00040783833
0.0004010261
0.00039315505
0.00038412414
0.00037384607
0.00036225659
0.00034932518
0.00033506586
0.00031954676
0.0003028965
0.00028530543
0.00026702003
0.00024832987
0.00022954785
0.00021098615
0.00019293139
0.00017562321
0.00015923959
0.00014389104
0.00012962128
0.0001164267
0.00010428108
9.3132458e-05
8.2959856e-05
7.3668557e-05
0.00044981661
0.00044942498
0.00044877896
0.00044798514
0.00044698891
0.00044572891
0.00044411555
0.00044204093
0.00043950386
0.00043664063
0.00043346041
0.00042977683
0.00042542813
0.00042031792
0.00041434719
0.00040740796
0.00039939123
0.00039019448
0.00037972932
0.00036793103
0.00035476929
0.00034025919
0.00032447084
0.00030753584
0.00028964834
0.00027105924
0.00025206283
0.00023297662
0.00021411689
0.00019577355
0.00017818853
0.00016154112
0.00014594234
0.00013143768
0.00011802426
0.00010567268
9.4333234e-05
8.3987629e-05
7.4539359e-05
-4.3704276e-05
-3.5277734e-05
-3.150772e-05
-2.6446901e-05
-2.3098387e-05
-1.9798874e-05
-1.7100961e-05
-1.4679555e-05
-1.2560679e-05
-1.0686694e-05
-8.9903443e-06
-7.5342881e-06
-6.0884498e-06
-5.0615187e-06
-3.6274791e-06
-4.3749717e-05
-3.5223202e-05
-3.1515402e-05
-2.6461865e-05
-2.3115581e-05
-1.9821459e-05
-1.7120875e-05
-1.469809e-05
-1.2575708e-05
-1.0698187e-05
-8.9978865e-06
-7.5383315e-06
-6.0876809e-06
-5.0614523e-06
-3.6119907e-06
-4.3846664e-05
-3.5082548e-05
-3.1499617e-05
-2.6441595e-05
-2.3103477e-05
-1.9817501e-05
-1.7115889e-05
-1.4693892e-05
-1.256965e-05
-1.0690207e-05
-8.9874641e-06
-7.5261021e-06
-6.0708603e-06
-5.0512469e-06
-3.5745117e-06
-4.3985823e-05
-3.4840539e-05
-3.144902e-05
-2.6375638e-05
-2.3053984e-05
-1.9779843e-05
-1.7080376e-05
-1.4662306e-05
-1.2538872e-05
-1.0660021e-05
-8.9571269e-06
-7.4965461e-06
-6.0373808e-06
-5.0313597e-06
-3.5149184e-06
-4.4160414e-05
-3.4495026e-05
-3.1359946e-05
-2.6263318e-05
-2.2966452e-05
-1.9708513e-05
-1.7014653e-05
-1.4603768e-05
-1.2483872e-05
-1.0608117e-05
-8.9072546e-06
-7.4499551e-06
-5.9873878e-06
-5.0016091e-06
-3.4332021e-06
-4.4360651e-05
-3.404702e-05
-3.1227878e-05
-2.6103198e-05
-2.2838963e-05
-1.9602129e-05
-1.6917565e-05
-1.4517261e-05
-1.2403782e-05
-1.0533723e-05
-8.8371531e-06
-7.3856601e-06
-5.9203969e-06
-4.9610604e-06
-3.3295258e-06
-4.457109e-05
-3.3499408e-05
-3.1046981e-05
-2.5892956e-05
-2.2668619e-05
-1.9458449e-05
-1.6787186e-05
-1.4401087e-05
-1.2297157e-05
-1.0435596e-05
-8.745778e-06
-7.3027139e-06
-5.8358366e-06
-4.9085638e-06
-3.2044714e-06
-4.4766956e-05
-3.2849992e-05
-3.0811151e-05
-2.5630326e-05
-2.2452322e-05
-1.9275163e-05
-1.6621564e-05
-1.4253555e-05
-1.2162577e-05
-1.031253e-05
-8.6321411e-06
-7.2002051e-06
-5.7332501e-06
-4.8428752e-06
-3.0590816e-06
-4.4916992e-05
-3.20737e-05
-3.0513293e-05
-2.5313664e-05
-2.2186833e-05
-1.9049886e-05
-1.6418734e-05
-1.4072975e-05
-1.1998634e-05
-1.0163335e-05
-8.4952857e-06
-7.0772346e-06
-5.6122534e-06
-4.7626374e-06
-2.894822e-06
-4.5024986e-05
-3.1212787e-05
-3.0138112e-05
-2.4941831e-05
-2.1868938e-05
-1.8780025e-05
-1.6176617e-05
-1.3857575e-05
-1.1803857e-05
-9.9867767e-06
-8.3342292e-06
-6.932875e-06
-5.4724871e-06
-4.6663811e-06
-2.7135313e-06
-4.5134462e-05
-3.0299164e-05
-2.9623087e-05
-2.4512961e-05
-2.1495991e-05
-1.8462806e-05
-1.5892964e-05
-1.3605456e-05
-1.1576678e-05
-9.7815461e-06
-8.1479378e-06
-6.7661561e-06
-5.3135871e-06
-4.5525465e-06
-2.517356e-06
-4.5079855e-05
-2.927266e-05
-2.9017676e-05
-2.4009777e-05
-2.1063331e-05
-1.8095259e-05
-1.5565347e-05
-1.3314586e-05
-1.1315423e-05
-9.5462558e-06
-7.9353204e-06
-6.5760655e-06
-5.1351655e-06
-4.4195176e-06
-2.3086651e-06
-4.4733392e-05
-2.814502e-05
-2.8373164e-05
-2.3441754e-05
-2.0567982e-05
-1.7674286e-05
-1.5191209e-05
-1.2982827e-05
-1.1018341e-05
-9.2794607e-06
-7.6952443e-06
-6.3615649e-06
-4.9368065e-06
-4.2656722e-06
-2.0899484e-06
-4.4158652e-05
-2.6978251e-05
-2.7615636e-05
-2.2802986e-05
-2.000618e-05
-1.719653e-05
-1.4767904e-05
-1.2608003e-05
-1.0683666e-05
-8.9797163e-06
-7.4265815e-06
-6.121633e-06
-4.7180834e-06
-4.0894513e-06
-1.8637028e-06
-4.3301787e-05
-2.5742595e-05
-2.6726669e-05
-2.2087035e-05
-1.9373495e-05
-1.6658526e-05
-1.4292829e-05
-1.2188035e-05
-1.0309739e-05
-8.6456795e-06
-7.1282925e-06
-5.8553375e-06
-4.4786013e-06
-3.8894494e-06
-1.6323158e-06
-4.2096193e-05
-2.4440967e-05
-2.5696725e-05
-2.1288336e-05
-1.8665848e-05
-1.6057068e-05
-1.3763676e-05
-1.1721153e-05
-9.8951835e-06
-8.2762581e-06
-6.7995487e-06
-5.5619393e-06
-4.2180678e-06
-3.6645244e-06
-1.3979529e-06
-4.0478315e-05
-2.3083526e-05
-2.4516334e-05
-2.0401617e-05
-1.7880018e-05
-1.5389595e-05
-1.3178746e-05
-1.1206163e-05
-9.4391321e-06
-7.8707966e-06
-6.4398842e-06
-5.2410225e-06
-3.9363854e-06
-3.4139195e-06
-1.1624603e-06
-3.8382012e-05
-2.1676401e-05
-2.3176501e-05
-1.9421323e-05
-1.7013557e-05
-1.4654283e-05
-1.2537101e-05
-1.0642627e-05
-8.9414009e-06
-7.429237e-06
-6.049338e-06
-4.8926233e-06
-3.6337503e-06
-3.137385e-06
-9.2728774e-07
-3.5738415e-05
-2.021595e-05
-2.1667603e-05
-1.8339491e-05
-1.6063839e-05
-1.3849606e-05
-1.183839e-05
-1.0030834e-05
-8.4025299e-06
-6.9521905e-06
-5.6285374e-06
-4.5173227e-06
-3.3107303e-06
-2.835275e-06
-6.9343562e-07
-3.251743e-05
-1.8711355e-05
-1.9994069e-05
-1.7152772e-05
-1.503262e-05
-1.2977232e-05
-1.1084607e-05
-9.372878e-06
-7.8244491e-06
-6.4413493e-06
-5.1789541e-06
-4.1164128e-06
-2.9683716e-06
-2.5086145e-06
-4.6145006e-07
-2.8785257e-05
-1.7265302e-05
-1.8235145e-05
-1.589713e-05
-1.394656e-05
-1.2054382e-05
-1.0287454e-05
-8.6771184e-06
-7.213205e-06
-5.9011497e-06
-4.7038991e-06
-3.692491e-06
-2.6085494e-06
-2.1592384e-06
-2.3160569e-07
-2.4328376e-05
-1.5901335e-05
-1.6470595e-05
-1.4602948e-05
-1.2828545e-05
-1.1096973e-05
-9.4587047e-06
-7.9528327e-06
-6.5760921e-06
-5.3373253e-06
-4.2078825e-06
-3.2493565e-06
-2.2340268e-06
-1.7900361e-06
-4.1699019e-09
-1.7467754e-05
-1.3480631e-05
-1.4079579e-05
-1.2869126e-05
-1.144048e-05
-9.9677493e-06
-8.5204333e-06
-7.1564071e-06
-5.8890861e-06
-4.7373626e-06
-3.6852108e-06
-2.7857241e-06
-1.8448768e-06
-1.4040558e-06
2.2286933e-07
-6.879004e-06
-8.1624808e-06
-9.9036544e-06
-9.9630253e-06
-9.3448358e-06
-8.4115272e-06
-7.3212038e-06
-6.1955876e-06
-5.095128e-06
-4.0662617e-06
-3.1151686e-06
-2.2896229e-06
-1.4338505e-06
-1.0004261e-06
4.5813473e-07
-3.0330263e-06
-1.595256e-06
-9.8709993e-07
-2.8703304e-08
6.2613572e-07
1.2970644e-06
1.8052047e-06
2.2895745e-06
2.5495497e-06
2.8951448e-06
2.7377263e-06
3.0709634e-06
2.0272771e-06
2.8083269e-06
-1.1180393e-06
-3.0384261e-06
-1.5854195e-06
-9.8265133e-07
-2.5674961e-08
6.2896599e-07
1.2989045e-06
1.8067982e-06
2.2906848e-06
2.550503e-06
2.8958464e-06
2.7384227e-06
3.0712748e-06
2.0251899e-06
2.800608e-06
-1.1045895e-06
-3.0480629e-06
-1.563895e-06
-9.7304557e-07
-1.8815038e-08
6.3508469e-07
1.3029069e-06
1.8101843e-06
2.2930822e-06
2.5527612e-06
2.8971583e-06
2.7402452e-06
3.0718067e-06
2.0204213e-06
2.7871263e-06
-1.0856868e-06
-3.0625758e-06
-1.5303832e-06
-9.5840001e-07
-8.1691685e-09
6.4443066e-07
1.3090624e-06
1.815327e-06
2.296672e-06
2.5559971e-06
2.899084e-06
2.7426889e-06
3.0724932e-06
2.0128677e-06
2.7749676e-06
-1.0640523e-06
-3.081418e-06
-1.4845851e-06
-9.3821393e-07
6.4934182e-09
6.5719078e-07
1.317475e-06
1.8222791e-06
2.3014812e-06
2.5602414e-06
2.9015737e-06
2.7457769e-06
3.0732577e-06
2.0044306e-06
2.7729153e-06
-1.0384596e-06
-3.1035079e-06
-1.4265431e-06
-9.1197894e-07
2.5334254e-08
6.7351867e-07
1.3282289e-06
1.8310787e-06
2.3075196e-06
2.5654994e-06
2.9045695e-06
2.7495088e-06
3.0739858e-06
1.9993824e-06
2.7808865e-06
-1.0095507e-06
-3.1273125e-06
-1.3566389e-06
-8.7920109e-07
4.8446871e-08
6.9352582e-07
1.3413854e-06
1.8417432e-06
2.3147748e-06
2.5717393e-06
2.908007e-06
2.7538337e-06
3.0745537e-06
2.0007651e-06
2.7894528e-06
-9.8195378e-07
-3.1507796e-06
-1.2755649e-06
-8.393705e-07
7.5888298e-08
7.1729889e-07
1.3569923e-06
1.8542759e-06
2.323223e-06
2.5789168e-06
2.9118145e-06
2.7586863e-06
3.0748324e-06
2.0062325e-06
2.7897347e-06
-9.6051285e-07
-3.1712946e-06
-1.1843003e-06
-7.9196996e-07
1.0769341e-07
7.4490182e-07
1.3750867e-06
1.8686669e-06
2.3328314e-06
2.5869803e-06
2.9159131e-06
2.763996e-06
3.0746931e-06
2.0122158e-06
2.7818604e-06
-9.4268027e-07
-3.1856725e-06
-1.0840712e-06
-7.3649765e-07
1.4388831e-07
7.7637451e-07
1.395697e-06
1.8848943e-06
2.3435583e-06
2.5958695e-06
2.9202166e-06
2.7696864e-06
3.074011e-06
2.0184474e-06
2.7700401e-06
-9.2372622e-07
-3.1901815e-06
-9.7628686e-07
-6.7249213e-07
1.8450901e-07
8.1173426e-07
1.4188461e-06
1.9029261e-06
2.3553543e-06
2.6055159e-06
2.9246326e-06
2.7756752e-06
3.0726734e-06
2.0251174e-06
2.7570355e-06
-9.0248979e-07
-3.1806082e-06
-8.6245204e-07
-5.9955871e-07
2.2962386e-07
8.5097986e-07
1.4445572e-06
1.9227241e-06
2.368165e-06
2.6158444e-06
2.9290632e-06
2.7818747e-06
3.070566e-06
2.0322425e-06
2.7442251e-06
-8.7918908e-07
-3.152375e-06
-7.4405896e-07
-5.1739663e-07
2.7935695e-07
8.940983e-07
1.4728591e-06
1.9442489e-06
2.3819341e-06
2.6267756e-06
2.9334075e-06
2.7881932e-06
3.0675686e-06
2.0397564e-06
2.7310777e-06
-8.5390403e-07
-3.1007185e-06
-6.2246528e-07
-4.2582462e-07
3.3390953e-07
9.4107382e-07
1.5037937e-06
1.9674663e-06
2.3966084e-06
2.6382292e-06
2.9375634e-06
2.7945358e-06
3.0635583e-06
2.0475938e-06
2.716958e-06
-8.2655078e-07
-3.0209302e-06
-4.9876803e-07
-3.2480169e-07
3.9357609e-07
9.91899e-07
1.5374219e-06
1.9923549e-06
2.4121427e-06
2.6501282e-06
2.9414313e-06
2.8008075e-06
3.0584117e-06
2.0556995e-06
2.7014739e-06
-7.9701618e-07
-2.908651e-06
-3.7368723e-07
-2.1443991e-07
4.5875131e-07
1.046587e-06
1.57383e-06
2.0189136e-06
2.4285061e-06
2.6624035e-06
2.944918e-06
2.8069148e-06
3.052008e-06
2.0640228e-06
2.6843374e-06
-7.6518241e-07
-2.7602013e-06
-2.4747533e-07
-9.5006049e-08
5.2992483e-07
1.1051833e-06
1.6131335e-06
2.0471694e-06
2.4456877e-06
2.6749994e-06
2.9479404e-06
2.8127697e-06
3.0442313e-06
2.0725186e-06
2.6652757e-06
-7.3091807e-07
-2.5729163e-06
-1.1986883e-07
3.3089853e-08
6.0766183e-07
1.1677763e-06
1.6554788e-06
2.0771845e-06
2.4637034e-06
2.6878789e-06
2.9504311e-06
2.8182935e-06
3.0349749e-06
2.0811675e-06
2.6440252e-06
-6.9407528e-07
-2.3454423e-06
9.9066243e-09
1.6932029e-07
6.9257033e-07
1.2345041e-06
1.7010433e-06
2.1090629e-06
2.4826031e-06
2.701032e-06
2.9523456e-06
2.8234264e-06
3.024151e-06
2.0900012e-06
2.6203582e-06
-6.5448269e-07
-2.0779464e-06
1.4307842e-07
3.1307893e-07
7.8525784e-07
1.3055552e-06
1.7500324e-06
2.1429547e-06
2.5024768e-06
2.7144827e-06
2.9536675e-06
2.8281337e-06
3.0116988e-06
2.0989743e-06
2.5941057e-06
-6.1190443e-07
-1.7722259e-06
2.8120235e-07
4.6371044e-07
8.8626961e-07
1.3811417e-06
1.8026511e-06
2.1790344e-06
2.5234317e-06
2.7282671e-06
2.9543817e-06
2.8323768e-06
2.9975243e-06
2.1074048e-06
2.565018e-06
-5.6600587e-07
-1.4317653e-06
4.2581907e-07
6.2048987e-07
9.9598951e-07
1.4614307e-06
1.8590317e-06
2.2174335e-06
2.5455256e-06
2.7423577e-06
2.9543947e-06
2.8360201e-06
2.9813185e-06
2.1148785e-06
2.5320958e-06
-5.1665267e-07
-1.0631958e-06
5.7886073e-07
7.8262422e-07
1.1146123e-06
1.5466493e-06
1.9193376e-06
2.2583578e-06
2.5689352e-06
2.7568165e-06
2.9537736e-06
2.8389999e-06
2.9629933e-06
2.1220689e-06
2.493657e-06
-4.6492791e-07
-6.7544637e-07
7.4501188e-07
9.5037375e-07
1.2428579e-06
1.6380188e-06
1.9847763e-06
2.303148e-06
2.595173e-06
2.7730955e-06
2.9543286e-06
2.8428869e-06
2.9448941e-06
2.1311611e-06
2.453774e-06
-4.1180186e-07
-3.2828392e-06
1.7430356e-06
5.1885351e-06
7.1312503e-06
7.9901138e-06
8.2908708e-06
8.2180592e-06
7.8377295e-06
7.7179646e-06
5.773485e-06
7.8848925e-06
9.1818709e-06
9.7800703e-06
9.7717337e-06
9.4928589e-06
9.0428976e-06
8.4610802e-06
8.3035367e-06
1.2322159e-05
1.2970344e-05
1.288048e-05
1.2393338e-05
1.1573033e-05
1.0700114e-05
9.8590578e-06
9.0673083e-06
8.8931462e-06
1.8454784e-05
1.7810072e-05
1.6504237e-05
1.4979268e-05
1.3349307e-05
1.1885511e-05
1.0657355e-05
9.662742e-06
9.4716567e-06
2.449937e-05
2.2600207e-05
2.0093226e-05
1.7526673e-05
1.5084522e-05
1.3037726e-05
1.1430299e-05
1.0246151e-05
1.0025916e-05
3.0377002e-05
2.7272804e-05
2.3593899e-05
1.9999661e-05
1.6758146e-05
1.4144805e-05
1.2172269e-05
1.081322e-05
1.0530344e-05
3.6006668e-05
3.1753414e-05
2.6950619e-05
2.2362633e-05
1.8349924e-05
1.5195214e-05
1.2877437e-05
1.1348528e-05
1.0990304e-05
4.1322454e-05
3.5982921e-05
3.0115896e-05
2.4583742e-05
1.984098e-05
1.6177933e-05
1.3536885e-05
1.1840933e-05
1.141995e-05
4.6258297e-05
3.9905674e-05
3.3046418e-05
2.6634111e-05
2.1213834e-05
1.7081623e-05
1.4135972e-05
1.2281185e-05
1.1822795e-05
5.0747551e-05
4.3468239e-05
3.5702427e-05
2.8487666e-05
2.2452318e-05
1.789434e-05
1.4666817e-05
1.2673581e-05
1.2196903e-05
5.4726512e-05
4.6621058e-05
3.8048142e-05
3.0121153e-05
2.3541906e-05
1.8607133e-05
1.5137089e-05
1.3027226e-05
1.2524522e-05
5.8137154e-05
4.9319749e-05
4.0052154e-05
3.1514212e-05
2.4470128e-05
1.9214283e-05
1.5544564e-05
1.3332267e-05
1.2796985e-05
6.0928911e-05
5.1526069e-05
4.168782e-05
3.2649612e-05
2.5226163e-05
1.9709045e-05
1.5877679e-05
1.3577085e-05
1.3014442e-05
6.3059947e-05
5.320859e-05
4.2933459e-05
3.3513323e-05
2.580103e-05
2.0085329e-05
1.6130001e-05
1.3760218e-05
1.3179113e-05
6.4497568e-05
5.4342622e-05
4.3771886e-05
3.4093962e-05
2.6187206e-05
2.0337904e-05
1.62983e-05
1.388474e-05
1.328938e-05
6.521877e-05
5.4910573e-05
4.4190642e-05
3.4382966e-05
2.6378678e-05
2.0462474e-05
1.6380346e-05
1.3946822e-05
1.3343364e-05
-8.3661688e-06
-1.0608653e-05
-1.0775515e-05
-9.9003165e-06
-8.8214808e-06
-7.7004058e-06
-6.5680286e-06
-5.470109e-06
-4.4278502e-06
-3.4655415e-06
-2.5888154e-06
-1.8212065e-06
-1.0506794e-06
-6.1582918e-07
6.6260255e-07
3.9248099e-07
-2.8204074e-06
-4.1958692e-06
-4.6547253e-06
-4.7898214e-06
-4.621975e-06
-4.1981815e-06
-3.6264268e-06
-2.9824746e-06
-2.3295411e-06
-1.7020157e-06
-1.1143297e-06
-5.2521347e-07
-1.1120107e-07
8.4402479e-07
3.4012319e-06
4.1024981e-07
-1.0403906e-06
-1.6224037e-06
-1.9331114e-06
-2.0100529e-06
-1.8795239e-06
-1.6165616e-06
-1.2715536e-06
-9.0101313e-07
-5.3055929e-07
-1.5277239e-07
2.3463965e-07
5.7942306e-07
1.1466136e-06
5.4919908e-06
3.8930813e-06
2.9007588e-06
2.2645867e-06
1.7638962e-06
1.392289e-06
1.1495803e-06
1.0279561e-06
1.0159807e-06
1.0412485e-06
1.088426e-06
1.1990215e-06
1.3545832e-06
1.5240548e-06
1.7428882e-06
6.8320284e-06
6.0469671e-06
5.3698238e-06
4.7977384e-06
4.3046819e-06
3.8904807e-06
3.554433e-06
3.28803e-06
3.0839467e-06
2.937169e-06
2.8349795e-06
2.7609349e-06
2.7167501e-06
2.71402e-06
2.7256158e-06
7.5549141e-06
7.1778029e-06
6.7965338e-06
6.4389237e-06
6.1067034e-06
5.7968954e-06
5.5085352e-06
5.2411383e-06
4.9939666e-06
4.7659223e-06
4.5547448e-06
4.359525e-06
4.1757254e-06
4.0006738e-06
3.8304075e-06
7.7466081e-06
7.5591664e-06
7.3574861e-06
7.1558858e-06
6.9549556e-06
6.7532554e-06
6.5510142e-06
6.348924e-06
6.1474468e-06
5.9468868e-06
5.7475121e-06
5.5495019e-06
5.3529569e-06
5.158165e-06
4.9605443e-06
7.5056981e-06
7.4183579e-06
7.3159489e-06
7.2068945e-06
7.0935906e-06
6.9750376e-06
6.8506384e-06
6.7202977e-06
6.5838949e-06
6.4412052e-06
6.291965e-06
6.1358982e-06
5.9727044e-06
5.8020713e-06
5.6220296e-06
7.3498326e-06
7.271578e-06
7.2054797e-06
7.1384302e-06
7.0637172e-06
6.9818568e-06
6.8934129e-06
6.7979772e-06
6.6949982e-06
6.5840284e-06
6.464644e-06
6.3363945e-06
6.1987961e-06
6.0515763e-06
5.8963324e-06
-3.002473e-07
8.9874025e-07
1.1054874e-06
1.3647968e-06
1.7247933e-06
2.0484253e-06
2.3479068e-06
2.6229963e-06
2.7918041e-06
2.9588921e-06
2.8508713e-06
2.9330047e-06
2.1471075e-06
2.4244942e-06
-3.5779947e-07
2.0002114e-07
1.0433406e-06
1.2884002e-06
1.5091413e-06
1.8247147e-06
2.1222201e-06
2.3993347e-06
2.6529751e-06
2.8111855e-06
2.9585042e-06
2.8571068e-06
2.9086856e-06
2.171906e-06
2.3704265e-06
-2.8525425e-07
8.7007141e-07
1.3135592e-06
1.5588516e-06
1.7348143e-06
1.9783595e-06
2.2305538e-06
2.4711258e-06
2.6885824e-06
2.8266831e-06
2.9392758e-06
2.8467515e-06
2.8439164e-06
2.1900014e-06
2.2429494e-06
-1.7425838e-07
1.6713503e-06
1.8283162e-06
1.9724337e-06
2.0796277e-06
2.2217501e-06
2.4006109e-06
2.5867711e-06
2.7485574e-06
2.8468138e-06
2.9063476e-06
2.8143622e-06
2.7367312e-06
2.1786052e-06
2.034949e-06
-2.063136e-08
2.6732708e-06
2.6007874e-06
2.5616581e-06
2.5593112e-06
2.6019727e-06
2.7000051e-06
2.8084636e-06
2.8768562e-06
2.8940411e-06
2.8741393e-06
2.7540376e-06
2.5919647e-06
2.1199738e-06
1.7672036e-06
1.6622934e-07
3.7055356e-06
3.5376902e-06
3.407097e-06
3.3244103e-06
3.2522549e-06
3.1796022e-06
3.1070371e-06
3.0239568e-06
2.9319102e-06
2.8301733e-06
2.675183e-06
2.4493154e-06
2.0198929e-06
1.5047945e-06
3.6124247e-07
4.7985095e-06
4.5990386e-06
4.3936392e-06
4.1929681e-06
3.9912161e-06
3.7873263e-06
3.593408e-06
3.3985075e-06
3.1838354e-06
2.9471814e-06
2.6732795e-06
2.3304686e-06
1.8664346e-06
1.2690556e-06
4.9053599e-07
5.4589668e-06
5.2759273e-06
5.078403e-06
4.8694303e-06
4.6429036e-06
4.3962728e-06
4.1280857e-06
3.8372522e-06
3.5207765e-06
3.1704683e-06
2.7802383e-06
2.3278917e-06
1.7976787e-06
1.1313134e-06
5.1354757e-07
5.738932e-06
5.5718573e-06
5.400054e-06
5.2104915e-06
4.994099e-06
4.7492189e-06
4.4744209e-06
4.1666893e-06
3.8218819e-06
3.4349398e-06
2.9990858e-06
2.505552e-06
1.9428289e-06
1.2899021e-06
6.1001756e-07
-0.0002879908
-0.00028778288
-0.00028750403
-0.00028718796
-0.00028681341
-0.0002863636
-0.0002858237
-0.00028517626
-0.00028440012
-0.00028347011
-0.00028235653
-0.00028102453
-0.00027943341
-0.00027753607
-0.00027527844
-0.00027259927
-0.00026943015
-0.00026569615
-0.00026131732
-0.00025621113
-0.00025029634
-0.00024349836
-0.00023575609
-0.00022703004
-0.00021731096
-0.00020662776
-0.00019505338
-0.00018270686
-0.00016975065
-0.00015638271
-0.0001428234
-0.00012930433
-0.00011603306
-0.0001032509
-9.0985338e-05
-7.9741315e-05
-6.8591191e-05
-6.0002481e-05
-4.8798843e-05
-0.00028795389
-0.00028774538
-0.00028746582
-0.00028714887
-0.00028677327
-0.00028632219
-0.00028578075
-0.00028513146
-0.00028435309
-0.0002834204
-0.00028230359
-0.00028096773
-0.00027937201
-0.0002774692
-0.00027520516
-0.00027251852
-0.00026934081
-0.00026559714
-0.00026120761
-0.00025608989
-0.00025016302
-0.0002433528
-0.00023559865
-0.00022686166
-0.00021713319
-0.00020644277
-0.00019486387
-0.00018251589
-0.00016956144
-0.00015619843
-0.00014264703
-0.00012913823
-0.00011587956
-0.00010311061
-9.086068e-05
-7.9630168e-05
-6.8491181e-05
-5.9947159e-05
-4.8637485e-05
-0.00028791363
-0.00028770336
-0.00028742153
-0.00028710188
-0.00028672306
-0.00028626817
-0.00028572221
-0.00028506755
-0.00028428285
-0.00028334269
-0.00028221714
-0.00028087105
-0.00027926346
-0.00027734697
-0.00027506727
-0.00027236291
-0.00026916539
-0.0002653999
-0.00026098678
-0.00025584407
-0.0002498914
-0.00024305537
-0.00023527636
-0.00022651663
-0.00021676878
-0.00020606354
-0.00019447539
-0.00018212449
-0.0001691738
-0.00015582108
-0.00014228613
-0.00012879866
-0.00011556594
-0.00010282468
-9.0606145e-05
-7.9405402e-05
-6.8285609e-05
-5.9840079e-05
-4.8306683e-05
-0.00028784702
-0.00028763384
-0.00028734824
-0.00028702413
-0.00028664005
-0.00028617891
-0.00028562558
-0.00028496224
-0.00028416733
-0.00028321523
-0.00028207577
-0.00028071355
-0.00027908736
-0.00027714957
-0.00027484567
-0.00027211405
-0.00026888618
-0.00026508736
-0.00026063823
-0.00025545741
-0.00024946542
-0.00024259008
-0.00023477331
-0.00022597916
-0.0002162021
-0.00020547471
-0.00019387305
-0.00018151841
-0.00016857429
-0.00015523816
-0.00014172926
-0.00012827536
-0.00011508307
-0.00010238541
-9.0214846e-05
-7.9061823e-05
-6.7969299e-05
-5.9678701e-05
-4.7796432e-05
-0.00028773726
-0.00028752007
-0.00028722932
-0.00028689905
-0.00028650771
-0.00028603798
-0.00028547447
-0.00028479912
-0.0002839901
-0.00028302147
-0.00028186273
-0.00028047816
-0.00027882618
-0.00027685886
-0.00027452144
-0.00027175215
-0.00026848246
-0.00026463786
-0.00026013949
-0.00025490678
-0.00024886151
-0.00024193315
-0.0002340657
-0.00022522559
-0.00021540988
-0.00020465361
-0.000193035
-0.00018067683
-0.00016774327
-0.00015443142
-0.00014095967
-0.00012755312
-0.0001144173
-0.00010178085
-8.9676321e-05
-7.8590148e-05
-6.7535222e-05
-5.9454544e-05
-4.7101964e-05
-0.00028755019
-0.00028732792
-0.00028703064
-0.00028669254
-0.00028629196
-0.00028581129
-0.00028523483
-0.00028454423
-0.00028371727
-0.00028272765
-0.00028154443
-0.00028013147
-0.00027844678
-0.00027644203
-0.00027406214
-0.00027124517
-0.00026792258
-0.00026402015
-0.00025945965
-0.00025416163
-0.00024804945
-0.00024105474
-0.00023312417
-0.00022422725
-0.00021436429
-0.00020357348
-0.00019193573
-0.00017957569
-0.00016665835
-0.00015338016
-0.0001399585
-0.00012661487
-0.00011355339
-0.00010099773
-8.897896e-05
-7.7979804e-05
-6.6975859e-05
-5.9156534e-05
-4.6221577e-05
-0.00028724183
-0.00028701344
-0.00028670832
-0.0002863608
-0.00028594909
-0.00028545522
-0.00028486317
-0.00028415417
-0.00028330559
-0.00028229065
-0.00028107793
-0.00027963075
-0.00027790664
-0.00027585679
-0.00027342576
-0.0002705514
-0.00026716521
-0.00026319336
-0.00025855843
-0.00025318235
-0.00024699047
-0.00023991709
-0.00023191216
-0.00022294893
-0.00021303166
-0.00020220238
-0.00019054521
-0.00017818703
-0.00016529373
-0.0001520608
-0.00013870441
-0.00012544138
-0.00011247425
-0.00010002125
-8.8109811e-05
-7.7218854e-05
-6.6282913e-05
-5.8770989e-05
-4.5155148e-05
-0.00028675179
-0.00028651634
-0.00028620221
-0.00028584377
-0.00028541914
-0.00028491
-0.00028429988
-0.00028356957
-0.00028269596
-0.00028165171
-0.00028040483
-0.00027891807
-0.00027714835
-0.00027504636
-0.00027255625
-0.00026961566
-0.00026615617
-0.00026210441
-0.000257384
-0.00025191851
-0.00024563572
-0.00023847309
-0.00023038447
-0.00022134754
-0.00021137125
-0.00020050207
-0.00018882787
-0.00017647806
-0.00016361945
-0.00015044607
-0.00013717288
-0.00012401071
-0.0001111606
-9.8834624e-05
-8.705411e-05
-7.6293591e-05
-6.5446832e-05
-5.8281259e-05
-4.3903182e-05
-0.00028600283
-0.00028575949
-0.00028543534
-0.00028506466
-0.00028462556
-0.00028409928
-0.00028346891
-0.00028271473
-0.00028181306
-0.00028073599
-0.00027945087
-0.00027791979
-0.00027609907
-0.00027393882
-0.00027138274
-0.00026836829
-0.00026482717
-0.00026068664
-0.00025587152
-0.00025030736
-0.00024392474
-0.00023666484
-0.000228486
-0.00021937104
-0.00020933423
-0.00019842713
-0.00018674182
-0.00017441047
-0.00016160081
-0.00014850464
-0.00013533613
-0.0001222983
-0.00010959095
-9.7418843e-05
-8.579491e-05
-7.5188232e-05
-6.4456386e-05
-5.7668148e-05
-4.2470851e-05
-0.00028489766
-0.00028464577
-0.00028431082
-0.00028392682
-0.00028347195
-0.00028292703
-0.00028227463
-0.00028149448
-0.00028056232
-0.00027944957
-0.00027812292
-0.00027654377
-0.00027466774
-0.00027244437
-0.00026981695
-0.00026672275
-0.0002630937
-0.00025885779
-0.00025394132
-0.00024827209
-0.00024178394
-0.00023442224
-0.00022615047
-0.00021695718
-0.00020686263
-0.00019592403
-0.00018423804
-0.00017193977
-0.00015919786
-0.00014620107
-0.00013316431
-0.00012027565
-0.00010773897
-9.5752142e-05
-8.4312741e-05
-7.3884581e-05
-6.3298145e-05
-5.6911173e-05
-4.0883108e-05
-0.00028331662
-0.00028305573
-0.00028270949
-0.00028231142
-0.00028183988
-0.00028127525
-0.00028059958
-0.00027979201
-0.00027882767
-0.00027767731
-0.0002763069
-0.00027467714
-0.00027274298
-0.00027045337
-0.00026775122
-0.00026457368
-0.00026085302
-0.00025651817
-0.00025149709
-0.00024572022
-0.00023912503
-0.0002316616
-0.00022329909
-0.00021403239
-0.00020388832
-0.00019293019
-0.00018125955
-0.00016901449
-0.0001563645
-0.00014349435
-0.00013062336
-0.00011790032
-0.00010556392
-9.3809004e-05
-8.2585286e-05
-7.2361542e-05
-6.1955394e-05
-5.5985954e-05
-3.9146677e-05
-0.00028111593
-0.00028084587
-0.00028048823
-0.00028007573
-0.00027958709
-0.00027900228
-0.00027830278
-0.00027746716
-0.00027646992
-0.00027528115
-0.0002738661
-0.00027218479
-0.00027019152
-0.0002678347
-0.00026505692
-0.00026179535
-0.00025798274
-0.00025354914
-0.00024842447
-0.00024254213
-0.00023584363
-0.00022828426
-0.00021983934
-0.00021051064
-0.00020033199
-0.00018937313
-0.00017774065
-0.00016557553
-0.00015304752
-0.0001403304
-0.0001276475
-0.00011510069
-0.00010302433
-9.1560995e-05
-8.0586753e-05
-7.0594628e-05
-6.0406621e-05
-5.4854422e-05
-3.7222752e-05
-0.0002781244
-0.0002778453
-0.00027747657
-0.00027704981
-0.00027654423
-0.00027593947
-0.00027521643
-0.00027435314
-0.00027332348
-0.00027209691
-0.00027063803
-0.0002689062
-0.00026685517
-0.00026443291
-0.0002615818
-0.00025823917
-0.00025433846
-0.00024981108
-0.00024458919
-0.00023860949
-0.00023181795
-0.00022417546
-0.00021566398
-0.00020629256
-0.00019610238
-0.00018516987
-0.00017360675
-0.00016155725
-0.00014919154
-0.00013664947
-0.00012410004
-0.00011198268
-0.00010029891
-8.8975869e-05
-7.8286566e-05
-6.8555838e-05
-5.8627057e-05
-5.3483047e-05
-3.5120442e-05
-0.00027414512
-0.0002738575
-0.00027347848
-0.00027303823
-0.00027251662
-0.00027189299
-0.00027114775
-0.00027025837
-0.00026919821
-0.00026793615
-0.00026643622
-0.00026465725
-0.00026255251
-0.0002600697
-0.00025715117
-0.00025373463
-0.00024975443
-0.00024514366
-0.00023983706
-0.00023377498
-0.00022690823
-0.0002192037
-0.00021065033
-0.00020126473
-0.00019109567
-0.00018022643
-0.00016877432
-0.00015688892
-0.00014475182
-0.00013250044
-0.00012023613
-0.00010843696
-9.7053246e-05
-8.6016007e-05
-7.5651987e-05
-6.6213268e-05
-5.6588074e-05
-5.1837358e-05
-3.2854114e-05
-0.0002689492
-0.0002686537
-0.00026826478
-0.00026781245
-0.00026727662
-0.00026663623
-0.00026587127
-0.00026495882
-0.00026387176
-0.00026257854
-0.00026104275
-0.00025922284
-0.00025707182
-0.00025453732
-0.00025156193
-0.00024808399
-0.0002440391
-0.0002393623
-0.00023399127
-0.00022787033
-0.00022095545
-0.00021321981
-0.00020465953
-0.00019529886
-0.00018519403
-0.00017443466
-0.00016314231
-0.0001514665
-0.00013958033
-0.00012765075
-0.00011586043
-0.00010430266
-9.3141292e-05
-8.258741e-05
-7.2631599e-05
-6.3529932e-05
-5.4256077e-05
-4.9877668e-05
-3.0416213e-05
-0.00026228778
-0.00026198576
-0.00026158835
-0.00026112624
-0.00026057895
-0.00025992508
-0.00025914432
-0.00025821344
-0.00025710504
-0.00025578723
-0.00025422339
-0.00025237177
-0.00025018538
-0.00024761204
-0.00024459486
-0.00024107319
-0.00023698422
-0.00023226542
-0.00022685778
-0.00022071006
-0.00021378375
-0.00020605855
-0.00019753783
-0.00018825337
-0.00017826842
-0.0001676783
-0.00015660782
-0.00014520554
-0.000133636
-0.00012206083
-0.00011062473
-9.949818e-05
-8.8843206e-05
-7.8732648e-05
-6.9196499e-05
-6.046743e-05
-5.1592769e-05
-4.7560576e-05
-2.7792463e-05
-0.0002538635
-0.00025355705
-0.00025315387
-0.00025268516
-0.00025213019
-0.00025146735
-0.0002506762
-0.00024973336
-0.00024861132
-0.00024727817
-0.00024569727
-0.00024382705
-0.00024162086
-0.00023902712
-0.00023598991
-0.00023245003
-0.00022834673
-0.00022362024
-0.00021821524
-0.00021208512
-0.00020519703
-0.00019753725
-0.00018911636
-0.00017997342
-0.00017017825
-0.00015983117
-0.0001490594
-0.00013801057
-0.00012684377
-0.00011571543
-0.00010476539
-9.414876e-05
-8.3995806e-05
-7.4366572e-05
-6.5297702e-05
-5.6981791e-05
-4.8554875e-05
-4.483962e-05
-2.4963036e-05
-0.00024340269
-0.00024309464
-0.00024268942
-0.00024221841
-0.00024166085
-0.00024099511
-0.00024020077
-0.00023925451
-0.00023812896
-0.00023679238
-0.00023520846
-0.00023333609
-0.00023112931
-0.00022853752
-0.00022550619
-0.00022197802
-0.00021789484
-0.00021320031
-0.00020784342
-0.00020178287
-0.00019499195
-0.00018746371
-0.00017921569
-0.00017029356
-0.00016077273
-0.00015075718
-0.00014037515
-0.00012977185
-0.00011910011
-0.00010850867
-9.8130728e-05
-8.8095417e-05
-7.8507538e-05
-6.9427007e-05
-6.0882605e-05
-5.3025042e-05
-4.5094945e-05
-4.1665712e-05
-2.1899672e-05
-0.00023051412
-0.00023020784
-0.000229805
-0.00022933686
-0.00022878286
-0.00022812158
-0.00022733288
-0.00022639382
-0.00022527746
-0.00022395269
-0.000222384
-0.00022053132
-0.00021835001
-0.00021579121
-0.00021280251
-0.00020932928
-0.00020531656
-0.00020071181
-0.00019546846
-0.00018955024
-0.00018293615
-0.00017562545
-0.00016764211
-0.00015903782
-0.00014989273
-0.0001403133
-0.00013042718
-0.00012037531
-0.00011030238
-0.00010034632
-9.0628872e-05
-8.1257734e-05
-7.2316855e-05
-6.3856782e-05
-5.5896758e-05
-4.8547021e-05
-4.1163282e-05
-3.7989398e-05
-1.8567776e-05
-0.00021500859
-0.00021470855
-0.00021431399
-0.00021385553
-0.00021331307
-0.00021266572
-0.00021189384
-0.00021097511
-0.00020988335
-0.00020858835
-0.00020705574
-0.00020524677
-0.00020311847
-0.00020062398
-0.00019771338
-0.0001943351
-0.00019043799
-0.00018597422
-0.00018090287
-0.00017519426
-0.00016883443
-0.00016182965
-0.00015421006
-0.00014603198
-0.00013737803
-0.00012835447
-0.00011908556
-0.0001097053
-0.00010034783
-9.1137673e-05
-8.2181719e-05
-7.3568008e-05
-6.5360752e-05
-5.7596608e-05
-5.0284912e-05
-4.3497388e-05
-3.6710771e-05
-3.3764923e-05
-1.4938076e-05
-0.00019624568
-0.00019595643
-0.00019557614
-0.0001951344
-0.00019461193
-0.00019398872
-0.00019324604
-0.00019236264
-0.0001913137
-0.00019007065
-0.00018860109
-0.00018686872
-0.00018483346
-0.0001824519
-0.00017967814
-0.00017646514
-0.00017276668
-0.00016854001
-0.00016374926
-0.0001583695
-0.00015239125
-0.00014582496
-0.00013870471
-0.00013109008
-0.00012306537
-0.00011473585
-0.00010622115
-9.7646542e-05
-8.9133541e-05
-8.0791005e-05
-7.2708478e-05
-6.4954187e-05
-5.7572937e-05
-5.0586079e-05
-4.3992055e-05
-3.7826791e-05
-3.1688861e-05
-2.8937194e-05
-1.0952974e-05
-0.00017455311
-0.00017428125
-0.00017392387
-0.00017350872
-0.00017301772
-0.00017243209
-0.00017173426
-0.0001709043
-0.00016991893
-0.00016875138
-0.00016737131
-0.00016574475
-0.0001638343
-0.00016159956
-0.00015899813
-0.00015598703
-0.00015252495
-0.0001485751
-0.00014410884
-0.00013910962
-0.00013357693
-0.00012752957
-0.00012100788
-0.00011407416
-0.00010681119
-9.9318222e-05
-9.1704678e-05
-8.4081986e-05
-7.6554781e-05
-6.9212996e-05
-6.2126344e-05
-5.5342584e-05
-4.8887395e-05
-4.2766466e-05
-3.6966495e-05
-3.1491302e-05
-2.6050153e-05
-2.3394477e-05
-6.339776e-06
-0.00014830715
-0.0001480579
-0.00014773034
-0.0001473501
-0.00014690073
-0.00014636521
-0.00014572775
-0.00014497054
-0.00014407284
-0.00014301102
-0.00014175843
-0.00014028557
-0.00013856024
-0.00013654813
-0.00013421364
-0.00013152125
-0.00012843724
-0.00012493206
-0.00012098307
-0.00011657789
-0.00011171796
-0.00010642199
-0.00010072854
-9.4696875e-05
-8.8405171e-05
-8.1945759e-05
-7.5417919e-05
-6.891927e-05
-6.2537268e-05
-5.6342352e-05
-5.0383882e-05
-4.4689553e-05
-3.9267044e-05
-3.4107412e-05
-2.9186954e-05
-2.4485518e-05
-1.97969e-05
-1.7062659e-05
-8.6802864e-07
-0.00011996671
-0.00011974795
-0.00011946063
-0.00011912701
-0.00011873267
-0.0001182627
-0.00011770323
-0.00011703859
-0.00011625058
-0.00011531837
-0.00011421854
-0.00011292511
-0.00011140978
-0.00010964249
-0.00010759231
-0.00010522888
-0.00010252432
-9.9455823e-05
-9.6008648e-05
-9.2179365e-05
-8.7978814e-05
-8.3434237e-05
-7.8590041e-05
-7.350675e-05
-6.8257954e-05
-6.292527e-05
-5.7591705e-05
-5.2334245e-05
-4.7216907e-05
-4.2285608e-05
-3.7565851e-05
-3.3063623e-05
-2.8768656e-05
-2.4658835e-05
-2.0705823e-05
-1.6885214e-05
-1.3063544e-05
-1.0379177e-05
2.9938577e-06
-8.4947732e-05
-8.4769372e-05
-8.4535152e-05
-8.426335e-05
-8.394231e-05
-8.3560027e-05
-8.3105413e-05
-8.2566024e-05
-8.1927461e-05
-8.117338e-05
-8.0285549e-05
-7.9243956e-05
-7.8027101e-05
-7.661252e-05
-7.4977616e-05
-7.3100854e-05
-7.0963364e-05
-6.8550955e-05
-6.5856462e-05
-6.288225e-05
-5.9642537e-05
-5.6165065e-05
-5.2491497e-05
-4.8676015e-05
-4.478182e-05
-4.087574e-05
-3.7021606e-05
-3.3273521e-05
-2.9670266e-05
-2.6232001e-05
-2.2959952e-05
-1.9839169e-05
-1.6843433e-05
-1.3940657e-05
-1.1107378e-05
-8.3395408e-06
-5.5766179e-06
-3.5986809e-06
1.2169514e-06
-4.4782772e-05
-4.4651509e-05
-4.4479146e-05
-4.4279404e-05
-4.4043856e-05
-4.3763895e-05
-4.3431711e-05
-4.3038648e-05
-4.2574807e-05
-4.2029135e-05
-4.1389545e-05
-4.0643113e-05
-3.9776425e-05
-3.8776109e-05
-3.7629598e-05
-3.6326143e-05
-3.4858063e-05
-3.3222172e-05
-3.1421287e-05
-2.9465617e-05
-2.7373834e-05
-2.5173523e-05
-2.2900708e-05
-2.0598104e-05
-1.831186e-05
-1.6086853e-05
-1.3961114e-05
-1.196043e-05
-1.009442e-05
-8.3551359e-06
-6.7187207e-06
-5.149956e-06
-3.608269e-06
-2.0515314e-06
-4.6228213e-07
1.1397574e-06
2.7911785e-06
4.0574059e-06
6.3281454e-06
-3.4546276e-06
-3.3779428e-06
-3.2773585e-06
-3.1609228e-06
-3.0238778e-06
-2.8613976e-06
-2.669196e-06
-2.4426059e-06
-2.1763915e-06
-1.8648475e-06
-1.5019427e-06
-1.0815278e-06
-5.9765681e-07
-4.5058084e-08
5.8021589e-07
1.2799401e-06
2.0526739e-06
2.8925773e-06
3.7882214e-06
4.7216421e-06
5.6680014e-06
6.5962662e-06
7.4712209e-06
8.2568586e-06
8.9208367e-06
9.4393576e-06
9.8016521e-06
1.0013194e-05
1.0096852e-05
1.009146e-05
1.0047679e-05
1.002145e-05
1.0067508e-05
1.0241985e-05
1.055519e-05
1.0952228e-05
1.1465893e-05
1.190257e-05
1.2900661e-05
4.1172355e-05
4.1189101e-05
4.1210849e-05
4.1235564e-05
4.1263956e-05
4.1296606e-05
4.1333761e-05
4.1375461e-05
4.1421481e-05
4.1471172e-05
4.1523253e-05
4.1575547e-05
4.1624637e-05
4.1665447e-05
4.1690754e-05
4.1690658e-05
4.1652081e-05
4.1558387e-05
4.1389258e-05
4.1120978e-05
4.0727286e-05
4.0180946e-05
3.9456166e-05
3.8531905e-05
3.7395913e-05
3.604899e-05
3.4508551e-05
3.2810436e-05
3.1008097e-05
2.9168886e-05
2.7367704e-05
2.5678201e-05
2.4166415e-05
2.2910125e-05
2.1906962e-05
2.1030541e-05
2.0345793e-05
1.9813056e-05
1.9609379e-05
8.6962921e-05
8.691444e-05
8.6850417e-05
8.6775508e-05
8.6686068e-05
8.6578158e-05
8.6447791e-05
8.6290209e-05
8.6099572e-05
8.5868779e-05
8.5589231e-05
8.5250552e-05
8.4840273e-05
8.4343505e-05
8.3742617e-05
8.3016979e-05
8.2142829e-05
8.1093386e-05
7.983937e-05
7.8350128e-05
7.6595576e-05
7.4549096e-05
7.2191352e-05
6.9514684e-05
6.6527468e-05
6.325761e-05
5.9754286e-05
5.6087167e-05
5.2342767e-05
4.8618135e-05
4.5012263e-05
4.1613994e-05
3.8497688e-05
3.5787475e-05
3.3446939e-05
3.1212589e-05
2.9301181e-05
2.7738891e-05
2.6387507e-05
0.00013382674
0.00013371022
0.00013355672
0.00013337782
0.00013316532
0.00013291052
0.00013260497
0.00013223883
0.00013180027
0.00013127532
0.0001306475
0.00012989759
0.0001290033
0.00012793903
0.00012667577
0.00012518123
0.0001234202
0.00012135551
0.00011894946
0.00011616612
0.00011297438
0.00010935185
0.00010528929
0.00010079531
9.590053e-05
9.0660277e-05
8.5154884e-05
7.9486735e-05
7.3773981e-05
6.8141602e-05
6.2709355e-05
5.7572263e-05
5.2807336e-05
4.8656097e-05
4.4938434e-05
4.134796e-05
3.8336709e-05
3.5603119e-05
3.31311e-05
0.00018053859
0.00018035221
0.00018010686
0.00017982126
0.00017948255
0.0001790772
0.00017859221
0.0001780126
0.00017732054
0.00017649513
0.00017551205
0.00017434329
0.00017295686
0.00017131669
0.00016938271
0.00016711133
0.00016445631
0.00016137038
0.00015780756
0.00015372644
0.00014909441
0.00014389277
0.00013812215
0.00013180775
0.00012500332
0.00011779274
0.00011028845
0.00010262584
9.4954201e-05
8.7424509e-05
8.0171077e-05
7.3281786e-05
6.6847976e-05
6.1312913e-05
5.6225598e-05
5.1329779e-05
4.7184726e-05
4.3230482e-05
3.9693241e-05
0.00022633002
0.00022607399
0.00022573707
0.00022534508
0.00022488051
0.00022432503
0.0002236611
0.0002228686
0.0002219237
0.00022079858
0.0002194611
0.00021787446
0.00021599697
0.00021378208
0.00021117871
0.00020813202
0.00020458496
0.00020048049
0.00019576493
0.00019039228
0.00018432957
0.00017756296
0.00017010396
0.00016199495
0.00015331282
0.00014416959
0.00013470893
0.00012509839
0.00011551762
0.00010614307
9.7125049e-05
8.8572027e-05
8.0751254e-05
7.3652821e-05
6.689048e-05
6.0811727e-05
5.5476034e-05
5.049443e-05
4.5951773e-05
0.00027015802
0.00026983417
0.00026940807
0.0002689125
0.00026832544
0.00026762385
0.00026678582
0.00026578627
0.00026459555
0.00026317917
0.00026149745
0.00025950514
0.00025715128
0.0002543793
0.00025112761
0.00024733077
0.00024292146
0.00023783349
0.00023200596
0.00022538862
0.00021794831
0.00020967606
0.00020059411
0.0001907617
0.00018027839
0.00016928356
0.00015795112
0.00014647951
0.00013507773
0.0001239487
0.00011327211
0.00010321219
9.4013793e-05
8.5227145e-05
7.6918311e-05
6.9805992e-05
6.3319551e-05
5.7310294e-05
5.1804828e-05
0.00031109926
0.00031071128
0.00031020087
0.00030960736
0.00030890448
0.00030806476
0.00030706215
0.00030586687
0.00030444379
0.00030275215
0.00030074512
0.00029836951
0.00029556562
0.00029226747
0.00028840361
0.00028389865
0.00027867574
0.00027266026
0.0002657848
0.00025799548
0.00024925942
0.00023957273
0.00022896812
0.00021752098
0.00020535224
0.00019262673
0.00017954622
0.00016633704
0.00015323371
0.00014046023
0.00012821197
0.00011665202
0.00010593878
9.5918197e-05
8.6552548e-05
7.8184265e-05
7.0559658e-05
6.3563512e-05
5.7156514e-05
0.0003482022
0.00034775553
0.0003471679
0.00034648468
0.00034567572
0.00034470951
0.0003435562
0.00034218173
0.00034054599
0.00033860245
0.00033629783
0.0003335717
0.00033035641
0.00032657745
0.00032215448
0.00031700312
0.00031103798
0.00030417686
0.00029634658
0.00028749012
0.000277575
0.00026660209
0.00025461384
0.00024170046
0.00022800239
0.00021370759
0.00019904287
0.00018425946
0.00016961432
0.00015534968
0.00014167365
0.00012874931
0.00011669975
0.000105499
9.5113416e-05
8.5666794e-05
7.7034946e-05
6.9141593e-05
6.1918165e-05
0.00038061998
0.00038012051
0.00037946112
0.00037869877
0.00037779671
0.00037671923
0.00037543328
0.00037390112
0.00037207823
0.00036991304
0.00036734656
0.00036431201
0.00036073476
0.00035653284
0.00035161808
0.00034589828
0.00033928058
0.00033167628
0.00032300726
0.00031321397
0.00030226453
0.00029016422
0.00027696422
0.00026276787
0.0002477327
0.00023206678
0.00021601862
0.00019986086
0.0001838697
0.00016830293
0.00015337984
0.00013926782
0.00012607886
0.00011382715
0.00010249535
9.2122424e-05
8.2623285e-05
7.3946501e-05
6.6011255e-05
0.0004075569
0.00040701201
0.00040628887
0.00040546015
0.00040448048
0.00040331002
0.0004019132
0.00040024923
0.00039826996
0.00039591961
0.00039313445
0.0003898424
0.00038596308
0.0003814083
0.00037608342
0.00036988978
0.00036272834
0.000354505
0.0003451376
0.00033456445
0.00032275419
0.00030971581
0.00029550782
0.0002802445
0.00026409768
0.00024729218
0.00023009447
0.00021279482
0.00019568523
0.00017903617
0.00016307594
0.00014797644
0.00013384711
0.00012071885
0.0001085827
9.7439593e-05
8.7222265e-05
7.789442e-05
6.9368584e-05
0.00042839463
0.00042781511
0.00042704297
0.00042616389
0.00042512518
0.00042388359
0.00042240136
0.0004206351
0.00041853366
0.00041603825
0.00041308178
0.00040958814
0.00040547243
0.00040064166
0.00039499623
0.00038843249
0.00038084673
0.00037214082
0.00036222961
0.00035105001
0.00033857121
0.00032480526
0.00030981638
0.00029372736
0.00027672096
0.00025903481
0.00024094907
0.00022276745
0.00020479396
0.0001873087
0.00017054673
0.00015468355
0.00013982882
0.00012602206
0.0001132579
0.00010151868
9.0747146e-05
8.0916575e-05
7.1935182e-05
0.00044251717
0.00044191435
0.00044110919
0.00044019693
0.00043911974
0.00043783208
0.00043629469
0.00043446201
0.00043227997
0.00042968766
0.0004266166
0.00042298821
0.00041871435
0.00041369873
0.00040783834
0.00040102612
0.00039315506
0.00038412416
0.00037384609
0.00036225661
0.0003493252
0.00033506587
0.00031954676
0.0003028965
0.00028530542
0.00026702002
0.00024832986
0.00022954786
0.00021098617
0.00019293144
0.00017562327
0.00015923965
0.00014389108
0.0001296213
0.00011642671
0.0001042811
9.3132491e-05
8.2959904e-05
7.3668607e-05
0.00044981654
0.00044942491
0.00044877888
0.00044798506
0.00044698883
0.00044572883
0.00044411547
0.00044204085
0.00043950378
0.00043664056
0.00043346033
0.00042977676
0.00042542805
0.00042031784
0.00041434712
0.00040740788
0.00039939116
0.00039019441
0.00037972925
0.00036793096
0.00035476922
0.0003402591
0.00032447075
0.00030753575
0.00028964827
0.00027105922
0.00025206287
0.00023297675
0.00021411707
0.00019577374
0.00017818866
0.00016154117
0.00014594231
0.00013143759
0.00011802419
0.00010567267
9.43333e-05
8.3987694e-05
7.4539367e-05
-4.3704182e-05
-3.5277632e-05
-3.1507614e-05
-2.6446784e-05
-2.3098264e-05
-1.979874e-05
-1.7100819e-05
-1.4679412e-05
-1.256054e-05
-1.0686574e-05
-8.9902561e-06
-7.5342387e-06
-6.0884473e-06
-5.0615607e-06
-3.6275622e-06
-4.3749798e-05
-3.5223288e-05
-3.1515494e-05
-2.6461971e-05
-2.3115688e-05
-1.9821588e-05
-1.7121011e-05
-1.4698231e-05
-1.2575852e-05
-1.0698317e-05
-8.9979847e-06
-7.5383864e-06
-6.087687e-06
-5.0613981e-06
-3.6119016e-06
-4.3846651e-05
-3.5082543e-05
-3.1499607e-05
-2.6441596e-05
-2.3103473e-05
-1.9817504e-05
-1.7115895e-05
-1.4693901e-05
-1.2569663e-05
-1.0690218e-05
-8.9874714e-06
-7.5261002e-06
-6.0708516e-06
-5.0512206e-06
-3.5744856e-06
-4.3985774e-05
-3.48405e-05
-3.1448973e-05
-2.6375601e-05
-2.3053941e-05
-1.9779802e-05
-1.7080338e-05
-1.4662269e-05
-1.253884e-05
-1.0659992e-05
-8.9571025e-06
-7.4965232e-06
-6.0373636e-06
-5.0313381e-06
-3.5149076e-06
-4.4160356e-05
-3.449498e-05
-3.1359893e-05
-2.6263273e-05
-2.2966404e-05
-1.9708467e-05
-1.701461e-05
-1.4603728e-05
-1.2483836e-05
-1.0608084e-05
-8.9072259e-06
-7.449927e-06
-5.9873642e-06
-5.0015796e-06
-3.4331825e-06
-4.4360584e-05
-3.4046965e-05
-3.1227818e-05
-2.6103146e-05
-2.2838909e-05
-1.9602078e-05
-1.6917517e-05
-1.4517215e-05
-1.2403741e-05
-1.0533685e-05
-8.8371192e-06
-7.3856261e-06
-5.9203667e-06
-4.961023e-06
-3.3294974e-06
-4.4571012e-05
-3.3499342e-05
-3.1046911e-05
-2.5892893e-05
-2.2668556e-05
-1.9458388e-05
-1.6787128e-05
-1.4401033e-05
-1.2297108e-05
-1.0435551e-05
-8.7457367e-06
-7.3026726e-06
-5.8357997e-06
-4.9085196e-06
-3.2044362e-06
-4.4766866e-05
-3.2849914e-05
-3.0811071e-05
-2.5630253e-05
-2.2452249e-05
-1.9275093e-05
-1.6621497e-05
-1.4253492e-05
-1.2162519e-05
-1.0312476e-05
-8.6320924e-06
-7.2001566e-06
-5.7332067e-06
-4.8428248e-06
-3.0590399e-06
-4.4916891e-05
-3.2073611e-05
-3.0513203e-05
-2.531358e-05
-2.2186752e-05
-1.9049807e-05
-1.6418659e-05
-1.4072904e-05
-1.1998568e-05
-1.0163274e-05
-8.49523e-06
-7.0771794e-06
-5.6122036e-06
-4.7625812e-06
-2.8947738e-06
-4.5024875e-05
-3.1212686e-05
-3.0138013e-05
-2.4941738e-05
-2.1868848e-05
-1.8779937e-05
-1.6176534e-05
-1.3857496e-05
-1.1803784e-05
-9.9867084e-06
-8.3341667e-06
-6.9328135e-06
-5.4724311e-06
-4.6663196e-06
-2.7134765e-06
-4.5134342e-05
-3.0299053e-05
-2.9622979e-05
-2.451286e-05
-2.1495892e-05
-1.8462711e-05
-1.5892873e-05
-1.3605369e-05
-1.1576597e-05
-9.781471e-06
-8.1478686e-06
-6.7660887e-06
-5.3135249e-06
-4.55248e-06
-2.5172948e-06
-4.5079725e-05
-2.9272539e-05
-2.901756e-05
-2.4009667e-05
-2.1063225e-05
-1.8095156e-05
-1.5565248e-05
-1.3314493e-05
-1.1315335e-05
-9.5461739e-06
-7.9352446e-06
-6.5759924e-06
-5.1350971e-06
-4.4194464e-06
-2.3085978e-06
-4.4733252e-05
-2.814489e-05
-2.8373039e-05
-2.3441636e-05
-2.0567867e-05
-1.7674176e-05
-1.5191104e-05
-1.2982727e-05
-1.1018246e-05
-9.2793725e-06
-7.695162e-06
-6.3614863e-06
-4.9367322e-06
-4.2655964e-06
-2.0898752e-06
-4.4158502e-05
-2.6978112e-05
-2.7615502e-05
-2.2802859e-05
-2.0006058e-05
-1.7196413e-05
-1.4767791e-05
-1.2607896e-05
-1.0683565e-05
-8.9796218e-06
-7.4264929e-06
-6.121549e-06
-4.7180033e-06
-4.0893709e-06
-1.8636241e-06
-4.3301626e-05
-2.5742448e-05
-2.6726526e-05
-2.20869e-05
-1.9373365e-05
-1.6658402e-05
-1.4292709e-05
-1.2187921e-05
-1.0309631e-05
-8.6455789e-06
-7.1281979e-06
-5.8552482e-06
-4.4785158e-06
-3.8893645e-06
-1.632232e-06
-4.2096022e-05
-2.4440811e-05
-2.5696573e-05
-2.1288194e-05
-1.8665711e-05
-1.6056936e-05
-1.376355e-05
-1.1721033e-05
-9.8950695e-06
-8.2761517e-06
-6.7994484e-06
-5.561845e-06
-4.2179772e-06
-3.664435e-06
-1.3978646e-06
-4.0478133e-05
-2.3083363e-05
-2.4516175e-05
-2.0401467e-05
-1.7879874e-05
-1.5389458e-05
-1.3178614e-05
-1.1206037e-05
-9.4390124e-06
-7.8706847e-06
-6.4397786e-06
-5.2409233e-06
-3.9362901e-06
-3.4138258e-06
-1.1623677e-06
-3.8381819e-05
-2.1676231e-05
-2.3176333e-05
-1.9421166e-05
-1.7013407e-05
-1.465414e-05
-1.2536963e-05
-1.0642496e-05
-8.9412759e-06
-7.4291201e-06
-6.0492276e-06
-4.8925196e-06
-3.6336506e-06
-3.1372871e-06
-9.2719147e-07
-3.5738212e-05
-2.0215774e-05
-2.1667428e-05
-1.8339328e-05
-1.6063683e-05
-1.3849456e-05
-1.1838247e-05
-1.0030697e-05
-8.4024003e-06
-6.952069e-06
-5.6284227e-06
-4.5172148e-06
-3.3106267e-06
-2.8351732e-06
-6.9333604e-07
-3.2517217e-05
-1.8711172e-05
-1.9993888e-05
-1.7152603e-05
-1.5032458e-05
-1.2977078e-05
-1.1084459e-05
-9.3727369e-06
-7.8243154e-06
-6.4412239e-06
-5.1788356e-06
-4.1163011e-06
-2.9682645e-06
-2.5085091e-06
-4.6134754e-07
-2.8785035e-05
-1.7265113e-05
-1.8234959e-05
-1.5896955e-05
-1.3946394e-05
-1.2054223e-05
-1.0287302e-05
-8.6769735e-06
-7.2130677e-06
-5.9010209e-06
-4.7037773e-06
-3.6923759e-06
-2.6084392e-06
-2.1591298e-06
-2.3150062e-07
-2.4328147e-05
-1.590114e-05
-1.6470404e-05
-1.4602768e-05
-1.2828373e-05
-1.109681e-05
-9.4585489e-06
-7.9526846e-06
-6.575952e-06
-5.3371937e-06
-4.2077579e-06
-3.2492385e-06
-2.2339139e-06
-1.7899247e-06
-4.0626366e-09
-1.7467521e-05
-1.348043e-05
-1.4079384e-05
-1.2868941e-05
-1.1440305e-05
-9.9675823e-06
-8.5202744e-06
-7.1562563e-06
-5.8889437e-06
-4.7372286e-06
-3.6850838e-06
-2.7856035e-06
-1.8447616e-06
-1.4039421e-06
2.2297841e-07
-6.8787733e-06
-8.1622742e-06
-9.9034567e-06
-9.9628375e-06
-9.3446576e-06
-8.4113579e-06
-7.3210429e-06
-6.1954353e-06
-5.0949842e-06
-4.066126e-06
-3.1150397e-06
-2.2895001e-06
-1.4337331e-06
-1.0003105e-06
4.5824541e-07
-3.0331405e-06
-1.5953919e-06
-9.8722314e-07
-2.8796079e-08
6.2607264e-07
1.2970237e-06
1.8051963e-06
2.2895045e-06
2.549545e-06
2.8950169e-06
2.737781e-06
3.0708987e-06
2.0273092e-06
2.8081553e-06
-1.1180161e-06
-3.0382655e-06
-1.5852685e-06
-9.8247191e-07
-2.5549115e-08
6.2906179e-07
1.2989537e-06
1.806849e-06
2.290707e-06
2.5506877e-06
2.8957513e-06
2.7386866e-06
3.0712126e-06
2.0252655e-06
2.8004921e-06
-1.1046686e-06
-3.0480113e-06
-1.5638562e-06
-9.7298875e-07
-1.8778597e-08
6.3512207e-07
1.3029279e-06
1.8102162e-06
2.2930761e-06
2.552862e-06
2.8970855e-06
2.7403754e-06
3.0717473e-06
2.0206179e-06
2.7870773e-06
-1.0856899e-06
-3.0625538e-06
-1.5303766e-06
-9.5837883e-07
-8.1574923e-09
6.4445246e-07
1.3090779e-06
1.8153562e-06
2.2966599e-06
2.5560748e-06
2.8990175e-06
2.742785e-06
3.072441e-06
2.0130781e-06
2.7749435e-06
-1.064031e-06
-3.0813859e-06
-1.4845686e-06
-9.3818368e-07
6.5138329e-09
6.5721976e-07
1.3174977e-06
1.8223135e-06
2.301478e-06
2.5603241e-06
2.9015163e-06
2.7458771e-06
3.0732126e-06
2.0046185e-06
2.7728971e-06
-1.0384453e-06
-3.1034664e-06
-1.4265163e-06
-9.1194007e-07
2.5363426e-08
6.7355463e-07
1.3282588e-06
1.8311179e-06
2.3075262e-06
2.5655863e-06
2.9045231e-06
2.7496108e-06
3.0739445e-06
1.9995499e-06
2.7808633e-06
-1.0095501e-06
-3.1272654e-06
-1.3566051e-06
-8.791577e-07
4.8481959e-08
6.9356658e-07
1.3414213e-06
1.8417863e-06
2.3147899e-06
2.5718276e-06
2.9079712e-06
2.7539343e-06
3.0745152e-06
2.0009167e-06
2.7894222e-06
-9.8196552e-07
-3.1507278e-06
-1.2755247e-06
-8.3932341e-07
7.5928775e-08
7.1734399e-07
1.3570338e-06
1.8543225e-06
2.3232461e-06
2.5790058e-06
2.9117886e-06
2.7587856e-06
3.0747969e-06
2.0063705e-06
2.789705e-06
-9.6053444e-07
-3.1712383e-06
-1.1842535e-06
-7.9191908e-07
1.0773929e-07
7.4495127e-07
1.3751335e-06
1.8687169e-06
2.3328622e-06
2.5870698e-06
2.9158964e-06
2.7640948e-06
3.0746609e-06
2.0123417e-06
2.7818401e-06
-9.4271015e-07
-3.185612e-06
-1.0840178e-06
-7.3644296e-07
1.4393945e-07
7.7642831e-07
1.3957488e-06
1.8849475e-06
2.3435965e-06
2.5959593e-06
2.9202087e-06
2.7697851e-06
3.0739822e-06
2.0185626e-06
2.7700218e-06
-9.2376334e-07
-3.190117e-06
-9.7622714e-07
-6.724336e-07
1.8456515e-07
8.1179235e-07
1.4189027e-06
1.9029823e-06
2.3553996e-06
2.605606e-06
2.9246329e-06
2.775774e-06
3.0726481e-06
2.0252231e-06
2.7570075e-06
-9.0253315e-07
-3.1805398e-06
-8.6238631e-07
-5.9949631e-07
2.296847e-07
8.510422e-07
1.4446182e-06
1.9227832e-06
2.3682168e-06
2.6159346e-06
2.9290713e-06
2.7819738e-06
3.0705442e-06
2.0323398e-06
2.744186e-06
-8.7923798e-07
-3.1523025e-06
-7.439876e-07
-5.1733029e-07
2.7942219e-07
8.9416484e-07
1.4729243e-06
1.9443107e-06
2.3819921e-06
2.6268657e-06
2.9334227e-06
2.7882926e-06
3.0675505e-06
2.0398462e-06
2.7310313e-06
-8.5395781e-07
-3.100642e-06
-6.223887e-07
-4.2575426e-07
3.3397888e-07
9.4114448e-07
1.5038628e-06
1.9675308e-06
2.3966722e-06
2.6383192e-06
2.9375853e-06
2.7946356e-06
3.0635439e-06
2.0476769e-06
2.7169072e-06
-8.2660877e-07
-3.0208495e-06
-4.9868666e-07
-3.247273e-07
3.9364924e-07
9.9197368e-07
1.5374947e-06
1.9924219e-06
2.4122118e-06
2.6502181e-06
2.9414595e-06
2.8009075e-06
3.058401e-06
2.0557765e-06
2.7014202e-06
-7.9707772e-07
-2.908566e-06
-3.7360148e-07
-2.1436149e-07
4.58828e-07
1.0466655e-06
1.5739063e-06
2.0189829e-06
2.4285801e-06
2.6624933e-06
2.9449519e-06
2.8070151e-06
3.0520011e-06
2.0640945e-06
2.6842819e-06
-7.6524689e-07
-2.7601121e-06
-2.4738562e-07
-9.4923651e-08
5.3000483e-07
1.1052656e-06
1.613213e-06
2.0472409e-06
2.4457662e-06
2.675089e-06
2.9479795e-06
2.8128699e-06
3.0442281e-06
2.0725854e-06
2.6652193e-06
-7.3098488e-07
-2.5728228e-06
-1.1977554e-07
3.3176099e-08
6.077449e-07
1.167862e-06
1.6555613e-06
2.077258e-06
2.463786e-06
2.6879683e-06
2.950475e-06
2.8183936e-06
3.0349755e-06
2.0812298e-06
2.6439687e-06
-6.9414388e-07
-2.3453447e-06
1.0003136e-08
1.6941021e-07
6.9265629e-07
1.234593e-06
1.7011287e-06
2.1091384e-06
2.4826893e-06
2.7011213e-06
2.9523939e-06
2.8235261e-06
3.0241554e-06
2.0900592e-06
2.6203023e-06
-6.5455251e-07
-2.0778449e-06
1.4317781e-07
3.1317227e-07
7.8534654e-07
1.305647e-06
1.7501204e-06
2.1430321e-06
2.5025661e-06
2.7145719e-06
2.9537199e-06
2.8282326e-06
3.0117069e-06
2.0990284e-06
2.5940509e-06
-6.1197476e-07
-1.7721208e-06
2.8130429e-07
4.6380695e-07
8.8636087e-07
1.3812362e-06
1.8027416e-06
2.1791136e-06
2.5235238e-06
2.7283563e-06
2.9544379e-06
2.8324747e-06
2.9975362e-06
2.1074558e-06
2.5649649e-06
-5.6607591e-07
-1.4316571e-06
4.2592323e-07
6.2058922e-07
9.960832e-07
1.4615273e-06
1.8591245e-06
2.2175146e-06
2.5456199e-06
2.7424471e-06
2.9544544e-06
2.8361166e-06
2.9813343e-06
2.1149266e-06
2.5320453e-06
-5.1672235e-07
-1.063085e-06
5.7896674e-07
7.827261e-07
1.1147082e-06
1.5467479e-06
1.9194325e-06
2.2584406e-06
2.5690312e-06
2.7569062e-06
2.9538366e-06
2.8390945e-06
2.9630132e-06
2.1221129e-06
2.4936102e-06
-4.6499905e-07
-6.7533322e-07
7.4511955e-07
9.5047802e-07
1.2429562e-06
1.638119e-06
1.9848732e-06
2.3032327e-06
2.5952705e-06
2.7731858e-06
2.954395e-06
2.8429794e-06
2.9449183e-06
2.1312001e-06
2.4537312e-06
-4.1187544e-07
-3.2826046e-06
1.7432446e-06
5.1887137e-06
7.1313983e-06
7.9902357e-06
8.2909709e-06
8.21814e-06
7.8377963e-06
7.7180213e-06
5.7737083e-06
7.8850924e-06
9.1820431e-06
9.7802136e-06
9.7718516e-06
9.4929537e-06
9.0429758e-06
8.4611431e-06
8.30359e-06
1.2322374e-05
1.2970536e-05
1.2880646e-05
1.2393475e-05
1.1573145e-05
1.0700204e-05
9.8591316e-06
9.0673685e-06
8.8931972e-06
1.8454991e-05
1.7810257e-05
1.6504396e-05
1.4979399e-05
1.3349413e-05
1.1885595e-05
1.0657424e-05
9.6627995e-06
9.4717052e-06
2.4499567e-05
2.2600382e-05
2.0093377e-05
1.7526796e-05
1.5084622e-05
1.3037805e-05
1.1430364e-05
1.0246206e-05
1.002596e-05
3.0377188e-05
2.727297e-05
2.3594041e-05
1.9999775e-05
1.6758239e-05
1.4144878e-05
1.2172329e-05
1.0813272e-05
1.0530384e-05
3.6006841e-05
3.1753567e-05
2.6950751e-05
2.2362739e-05
1.835001e-05
1.5195281e-05
1.2877492e-05
1.1348575e-05
1.099034e-05
4.1322614e-05
3.5983061e-05
3.0116017e-05
2.4583838e-05
1.9841058e-05
1.6177994e-05
1.3536935e-05
1.1840975e-05
1.1419983e-05
4.6258441e-05
3.99058e-05
3.3046527e-05
2.6634197e-05
2.1213904e-05
1.7081677e-05
1.4136016e-05
1.2281222e-05
1.1822826e-05
5.0747678e-05
4.3468349e-05
3.5702524e-05
2.848774e-05
2.2452379e-05
1.7894388e-05
1.4666855e-05
1.2673613e-05
1.219693e-05
5.4726622e-05
4.6621153e-05
3.8048225e-05
3.0121216e-05
2.3541958e-05
1.8607173e-05
1.5137123e-05
1.3027254e-05
1.2524545e-05
5.8137246e-05
4.9319827e-05
4.0052223e-05
3.1514264e-05
2.4470171e-05
1.9214316e-05
1.5544591e-05
1.3332289e-05
1.2797004e-05
6.0928986e-05
5.1526131e-05
4.1687875e-05
3.2649652e-05
2.5226197e-05
1.9709072e-05
1.58777e-05
1.3577103e-05
1.3014457e-05
6.3060008e-05
5.3208635e-05
4.2933499e-05
3.3513353e-05
2.5801054e-05
2.0085348e-05
1.6130016e-05
1.376023e-05
1.3179124e-05
6.4497605e-05
5.4342639e-05
4.3771908e-05
3.4093979e-05
2.6187221e-05
2.0337916e-05
1.6298308e-05
1.3884748e-05
1.3289386e-05
6.5218746e-05
5.4910557e-05
4.4190651e-05
3.4382967e-05
2.6378683e-05
2.046248e-05
1.6380349e-05
1.3946826e-05
1.3343367e-05
-8.3659549e-06
-1.0608447e-05
-1.0775316e-05
-9.9001281e-06
-8.8213019e-06
-7.7002359e-06
-6.567867e-06
-5.4699563e-06
-4.4277061e-06
-3.465405e-06
-2.5886854e-06
-1.8210822e-06
-1.0505603e-06
-6.1571211e-07
6.6271486e-07
3.9267344e-07
-2.8202155e-06
-4.1956828e-06
-4.6545468e-06
-4.7896506e-06
-4.6218118e-06
-4.1980254e-06
-3.6262788e-06
-2.982334e-06
-2.3294065e-06
-1.7018863e-06
-1.1142052e-06
-5.2509347e-07
-1.110833e-07
8.4413814e-07
3.4014058e-06
4.1042345e-07
-1.0402199e-06
-1.6222379e-06
-1.9329518e-06
-2.0098992e-06
-1.8793758e-06
-1.6164216e-06
-1.2714198e-06
-9.0088288e-07
-5.3043304e-07
-1.5265033e-07
2.3475808e-07
5.7953918e-07
1.1467263e-06
5.4921413e-06
3.8932299e-06
2.9009045e-06
2.2647294e-06
1.7640357e-06
1.3924254e-06
1.1497132e-06
1.0280818e-06
1.0161031e-06
1.0413719e-06
1.0885463e-06
1.199138e-06
1.354697e-06
1.5241669e-06
1.7429981e-06
6.8321539e-06
6.0470899e-06
5.3699446e-06
4.7978581e-06
4.3048003e-06
3.8905975e-06
3.554548e-06
3.2881435e-06
3.0840587e-06
2.9372796e-06
2.8350885e-06
2.7610423e-06
2.7168556e-06
2.714124e-06
2.7257186e-06
7.5550186e-06
7.1779041e-06
6.7966338e-06
6.4390235e-06
6.1068027e-06
5.7969941e-06
5.5086332e-06
5.2412356e-06
4.9940631e-06
4.7660182e-06
4.5548398e-06
4.3596194e-06
4.1758192e-06
4.0007669e-06
3.8304995e-06
7.7466898e-06
7.5592483e-06
7.3575674e-06
7.1559666e-06
6.9550361e-06
6.7533356e-06
6.5510941e-06
6.3490036e-06
6.1475262e-06
5.946966e-06
5.747591e-06
5.5495804e-06
5.353035e-06
5.1582426e-06
4.9606214e-06
7.5057665e-06
7.4184241e-06
7.3160145e-06
7.2069602e-06
7.0936562e-06
6.975103e-06
6.8507037e-06
6.7203629e-06
6.5839599e-06
6.44127e-06
6.2920295e-06
6.1359624e-06
5.9727683e-06
5.8021348e-06
5.6220926e-06
7.3498872e-06
7.2716309e-06
7.2055324e-06
7.1384831e-06
7.0637701e-06
6.9819097e-06
6.8934658e-06
6.7980301e-06
6.6950511e-06
6.5840813e-06
6.4646968e-06
6.3364472e-06
6.1988488e-06
6.0516288e-06
5.8963846e-06
-3.0013195e-07
8.9884977e-07
1.1055941e-06
1.3648978e-06
1.7248952e-06
2.0485244e-06
2.3479938e-06
2.6230954e-06
2.7918956e-06
2.9589624e-06
2.8509619e-06
2.9330337e-06
2.1471413e-06
2.4244531e-06
-3.5787397e-07
2.0013723e-07
1.0434516e-06
1.2885081e-06
1.5092446e-06
1.8248173e-06
2.1223199e-06
2.3994255e-06
2.653075e-06
2.8112765e-06
2.9585791e-06
2.8571944e-06
2.9087189e-06
2.171934e-06
2.3703862e-06
-2.853269e-07
8.7018546e-07
1.3136697e-06
1.5589594e-06
1.7349185e-06
1.9784621e-06
2.2306538e-06
2.4712179e-06
2.6886805e-06
2.8267731e-06
2.9393516e-06
2.8468342e-06
2.8439525e-06
2.1900239e-06
2.2429143e-06
-1.7432366e-07
1.6714598e-06
1.8284234e-06
1.9725388e-06
2.0797301e-06
2.2218505e-06
2.400709e-06
2.5868623e-06
2.7486508e-06
2.8469011e-06
2.9064216e-06
2.8144376e-06
2.7367688e-06
2.1786245e-06
2.0349243e-06
-2.0684432e-08
2.6733722e-06
2.6008878e-06
2.5617577e-06
2.559409e-06
2.6020688e-06
2.7000988e-06
2.8085515e-06
2.8769427e-06
2.8941227e-06
2.8742091e-06
2.7541034e-06
2.5920031e-06
2.1199924e-06
1.7671915e-06
1.661925e-07
3.7056263e-06
3.5377806e-06
3.407187e-06
3.3244994e-06
3.2523425e-06
3.179687e-06
3.1071181e-06
3.0240349e-06
2.9319841e-06
2.8302379e-06
2.6752393e-06
2.449353e-06
2.0199129e-06
1.5047935e-06
3.6122497e-07
4.7985859e-06
4.599115e-06
4.3937154e-06
4.1930436e-06
3.9912904e-06
3.7873988e-06
3.5934788e-06
3.3985759e-06
3.1838985e-06
2.9472376e-06
2.6733268e-06
2.3305026e-06
1.8664564e-06
1.269063e-06
4.9053421e-07
5.4590292e-06
5.2759897e-06
5.0784651e-06
4.8694917e-06
4.6429641e-06
4.3963319e-06
4.1281429e-06
3.8373068e-06
3.5208275e-06
3.1705142e-06
2.7802789e-06
2.3279252e-06
1.7977021e-06
1.1313263e-06
5.1355233e-07
5.7389839e-06
5.571909e-06
5.4001054e-06
5.2105422e-06
4.9941489e-06
4.7492678e-06
4.4744683e-06
4.1667348e-06
3.8219248e-06
3.4349794e-06
2.9991211e-06
2.505582e-06
1.9428523e-06
1.2899178e-06
6.1002499e-07
)
;

boundaryField
{
    inlet
    {
        type            zeroGradient;
    }
    outlet
    {
        type            fixedValue;
        value           uniform 0;
    }
    cylinder
    {
        type            zeroGradient;
    }
    frontAndBack
    {
        type            empty;
    }
}


// ************************************************************************* //
