/*--------------------------------*- C++ -*----------------------------------*\
  =========                 |
  \\      /  F ield         | OpenFOAM: The Open Source CFD Toolbox
   \\    /   O peration     | Website:  https://openfoam.org
    \\  /    A nd           | Version:  14
     \\/     M anipulation  |
\*---------------------------------------------------------------------------*/
FoamFile
{
    format      ascii;
    class       volScalarField;
    location    "5000";
    object      mag(U);
}
// * * * * * * * * * * * * * * * * * * * * * * * * * * * * * * * * * * * * * //

dimensions      [0 1 -1 0 0 0 0];

internalField   nonuniform List<scalar> 
5388
(
9.1936592e-08
2.9394839e-07
5.3676751e-07
8.2981857e-07
1.1856616e-06
1.6216572e-06
2.162579e-06
2.8446808e-06
3.7218711e-06
4.8746915e-06
6.4227453e-06
8.5411333e-06
1.1481502e-05
1.5598659e-05
2.1384285e-05
2.9509564e-05
4.087819e-05
5.6689899e-05
7.8512481e-05
0.00010835707
0.00014874727
0.00020276771
0.00027407265
0.00036683243
0.00048559666
0.00063506158
0.00081974471
0.0010435926
0.0013095699
0.0016192935
0.001972779
0.0023683227
0.0028026489
0.0032709156
0.003767793
0.0042853056
0.0048211644
0.0053567851
0.0059134703
2.786069e-07
8.9017139e-07
1.6228006e-06
2.5005777e-06
3.5526362e-06
4.8144309e-06
6.3295009e-06
8.1519756e-06
1.0350244e-05
1.3012442e-05
1.625473e-05
2.023379e-05
2.5165445e-05
3.1351717e-05
3.9218693e-05
4.9366898e-05
6.2634263e-05
8.0169391e-05
0.00010351019
0.00013466071
0.00017615687
0.00023110844
0.00030320087
0.00039663626
0.00051599346
0.0006659944
0.00085117913
0.001075515
0.0013419875
0.0016522352
0.0020062983
0.0024025009
0.0028375995
0.003306793
0.0038047832
0.0043236467
0.0048611926
0.0053984723
0.0059587554
4.7155272e-07
1.5065685e-06
2.7461416e-06
4.2304636e-06
6.0076467e-06
8.1353535e-06
1.0682855e-05
1.3733671e-05
1.7389066e-05
2.17728e-05
2.7037793e-05
3.3375653e-05
4.1030565e-05
5.031957e-05
6.1661978e-05
7.5621081e-05
9.2961169e-05
0.00011472131
0.00014230393
0.00017757051
0.00022293027
0.00028140159
0.0003566234
0.00045279457
0.00057452447
0.000726587
0.00091358523
0.0011395537
0.0014075466
0.0017192722
0.0020748422
0.0024726544
0.002909547
0.0033808126
0.0038812287
0.0044029811
0.0049440885
0.0054848643
0.0060525707
6.7185835e-07
2.1464832e-06
3.9124003e-06
6.0266445e-06
8.5572857e-06
1.1585549e-05
1.520838e-05
1.9541575e-05
2.4723672e-05
3.092088e-05
3.8333502e-05
4.7204511e-05
5.7831334e-05
7.0582369e-05
8.5920353e-05
0.00010443546
0.00012689134
0.00015428718
0.00018793705
0.0002295635
0.00028139566
0.00034625255
0.00042758436
0.00052944061
0.00065633961
0.00081302713
0.0010041339
0.0012337647
0.0015050727
0.0018198839
0.0021784384
0.0025792688
0.0030193604
0.0034941665
0.0039985994
0.004525018
0.0050717666
0.0056180737
0.0061971076
8.8050316e-07
2.8130284e-06
5.1271915e-06
7.8975999e-06
1.1213182e-05
1.5179852e-05
1.9923676e-05
2.5594628e-05
3.2371093e-05
4.0465326e-05
5.0130182e-05
6.1667594e-05
7.543953e-05
9.1882516e-05
0.00011152733
0.00013502601
0.00016318901
0.00019703544
0.00023785854
0.00028730651
0.00034747282
0.00042098249
0.00051105054
0.00062148052
0.00075657023
0.00092090241
0.0011190214
0.0013550258
0.0016321337
0.0019522929
0.0023159038
0.0027216834
0.0031668309
0.0036470307
0.0041573961
0.0046905293
0.0052452014
0.005799281
0.0063934763
1.0985998e-06
3.5097448e-06
6.3969351e-06
9.8531419e-06
1.3989103e-05
1.8936574e-05
2.4852144e-05
3.1921696e-05
4.0365642e-05
5.0445083e-05
6.2469129e-05
7.680369e-05
9.3882256e-05
0.00011421941
0.00013842819
0.00016724288
0.00020154938
0.00024242548
0.00029119344
0.0003494856
0.00041932011
0.00050317783
0.00060406186
0.00072551229
0.00087154295
0.0010464726
0.0012546402
0.0015000259
0.0017858267
0.0021140629
0.0024852825
0.0028984028
0.0033508858
0.0038387044
0.0043572337
0.004899387
0.0054644338
0.0060287025
0.006641663
1.3272998e-06
4.2403018e-06
7.7282982e-06
1.1903497e-05
1.6899484e-05
2.2875091e-05
3.0018906e-05
3.8554492e-05
4.8746426e-05
6.0907276e-05
7.5405654e-05
9.2675573e-05
0.00011322741
0.00013766095
0.00016668122
0.00020111826
0.00024195204
0.0002903448
0.00034768201
0.00041562354
0.00049616319
0.00059169059
0.00070504222
0.00083951914
0.00099884287
0.0011870209
0.0014081061
0.0016658603
0.0019633611
0.0023026225
0.0026842894
0.0031074568
0.0035698703
0.004067825
0.0045969997
0.0051506739
0.0057286435
0.0063056192
0.0069405532
1.567814e-06
5.0085571e-06
9.1282916e-06
1.4059424e-05
1.9959525e-05
2.7015848e-05
3.5450567e-05
4.5526801e-05
5.7555514e-05
7.1903368e-05
8.9001638e-05
0.00010935626
0.00013355918
0.0001623013
0.00019638723
0.00023675266
0.00028448511
0.0003408491
0.00040731743
0.0004856087
0.00057773101
0.00068602727
0.00081321245
0.00096238618
0.0011369969
0.0013407325
0.0015773191
0.0018502322
0.0021623471
0.00251559
0.0029106329
0.0033466964
0.0038218062
0.0043325831
0.0048750272
0.0054428177
0.0060362493
0.0066284385
0.0072879885
1.8213635e-06
5.8184012e-06
1.0603986e-05
1.6331776e-05
2.318457e-05
3.1379504e-05
4.1174055e-05
5.2872901e-05
6.6835737e-05
8.3486069e-05
0.00010332103
0.00012692221
0.00015496761
0.0001882445
0.00022766354
0.00027427418
0.00032928159
0.00039406601
0.0004702048
0.000559498
0.00066399662
0.00078603115
0.00092823321
0.0010935381
0.0012851498
0.0015064482
0.0017608206
0.0020514181
0.0023808545
0.0027509004
0.0031621829
0.0036139776
0.0041045715
0.0046308867
0.0051892361
0.0057737042
0.0063849993
0.0069947529
0.0076808293
2.0891452e-06
6.6736472e-06
1.2162311e-05
1.873119e-05
2.6589654e-05
3.5986302e-05
4.7215753e-05
6.0626395e-05
7.6629141e-05
9.5707202e-05
0.00011842687
0.00014544922
0.00017754257
0.00021559563
0.00026063095
0.00031381852
0.00037648956
0.00045015017
0.00053649528
0.00063742275
0.00075504738
0.00089171286
0.0010499972
0.0012327028
0.001442818
0.001683434
0.0019576027
0.0022681338
0.0026173424
0.0030067962
0.0034370102
0.0039072358
0.0044159828
0.0049604451
0.0055372126
0.0061407446
0.0067720219
0.0074013769
0.0081150205
2.3722693e-06
7.5778305e-06
1.3809689e-05
2.126752e-05
3.0188707e-05
4.0854993e-05
5.3600102e-05
6.8818409e-05
8.6974664e-05
0.00010861479
0.00013437765
0.00016500762
0.00020136774
0.00024445296
0.00029540308
0.00035551481
0.00042625229
0.0005092556
0.0006063469
0.00071953384
0.00085100982
0.0010031501
0.0011785012
0.0013797569
0.0016097146
0.0018711964
0.0021669292
0.0024993764
0.0028705329
0.0032817364
0.0037333345
0.0042244644
0.0047537778
0.005318771
0.0059162204
0.0065408833
0.0071938268
0.0078443385
0.0085856482
2.6716926e-06
8.5339991e-06
1.5551658e-05
2.3949259e-05
3.3993719e-05
4.6001701e-05
6.03481e-05
7.7475653e-05
9.7905679e-05
0.00012224992
0.0001512233
0.00018565744
0.00022651436
0.00027489997
0.00033207642
0.00039947258
0.00047869141
0.00057151341
0.00067989514
0.00080596238
0.00095199722
0.0011204189
0.0013137573
0.0015346156
0.0017856181
0.0020693357
0.002388181
0.0027442712
0.0031392647
0.0035742541
0.0040493638
0.0045633776
0.0051154995
0.0057031119
0.0063231541
0.0069705565
0.0076462536
0.0083187602
0.0090864568
2.9881192e-06
9.5443946e-06
1.7392284e-05
2.6782638e-05
3.8013481e-05
5.1438234e-05
6.747509e-05
8.66176e-05
0.00010944645
0.00013664237
0.00016899989
0.00020744175
0.00025303324
0.00030699574
0.00037071852
0.00044576749
0.00053388934
0.00063700996
0.00075722544
0.00089678501
0.0010580655
0.0012435375
0.0014557231
0.0016971457
0.0019702697
0.0022774269
0.0026207249
0.0030019366
0.0034223666
0.0038828232
0.0043830799
0.0049221987
0.0054994335
0.0061104113
0.0067544656
0.0074256148
0.0081244051
0.0088188367
0.0096100809
3.3219238e-06
1.0610196e-05
1.9333694e-05
2.9770895e-05
4.2252529e-05
5.7170633e-05
7.4988847e-05
9.6254001e-05
0.00012160896
0.00015180657
0.00018772448
0.00023038041
0.00028094692
0.00034076519
0.00041135593
0.00049442633
0.00059187085
0.00070576436
0.00083834557
0.00099198994
0.0011691715
0.0013724149
0.001604238
0.0018670898
0.002163281
0.0024949123
0.0028637952
0.0032713702
0.0037186199
0.0042062054
0.0047334251
0.0052975713
0.0058993387
0.0065372786
0.0072060962
0.0079012295
0.0086225775
0.0093378673
0.010148429
3.6729671e-06
1.1730951e-05
2.1375049e-05
3.2912715e-05
4.6708959e-05
6.3196258e-05
8.288581e-05
0.00010638013
0.00013438699
0.00016773441
0.00020738651
0.00025445957
0.00031023731
0.00037618454
0.00045395723
0.00054540731
0.00065258005
0.00077770143
0.00092315402
0.0010914396
0.0012851287
0.0015067984
0.0017589614
0.0020439906
0.002364044
0.0027209914
0.0031163469
0.003551205
0.0040261648
0.0045411804
0.0050948108
0.0056874462
0.0063168757
0.0069800228
0.0076733131
0.0083917779
0.0091341824
0.0098681971
0.010692572
4.0405694e-06
1.290448e-05
2.3512361e-05
3.6201921e-05
5.1373945e-05
6.9503079e-05
9.1150053e-05
0.00011697533
0.00014775411
0.00018439241
0.00022794387
0.00027962659
0.00034083876
0.00041317214
0.00049842098
0.00059858459
0.00071586067
0.00085262709
0.0010114095
0.0011948336
0.0014055626
0.0016462209
0.0019193096
0.0022271199
0.0025716503
0.0029545346
0.0033769814
0.0038397253
0.0043429724
0.004886303
0.0054686011
0.0060887482
0.0067446071
0.0074332331
0.0081504029
0.0088907341
0.0096516909
0.01040119
0.011232649
4.4231135e-06
1.4125622e-05
2.5736231e-05
3.9624055e-05
5.6226983e-05
7.6063369e-05
9.9745241e-05
0.000127993
0.00016165149
0.00020170717
0.00024930584
0.00030577007
0.00037261531
0.00045156275
0.00054454707
0.00065371632
0.00078142107
0.00093018992
0.0011026888
0.0013016625
0.0015298597
0.0017899432
0.0020843927
0.0024154063
0.0027848131
0.0031940001
0.0036438612
0.0041347627
0.0046665139
0.0052383249
0.0058488293
0.0064963568
0.007178386
0.0078914652
0.0086309174
0.0093906727
0.010166634
0.010927277
0.01175802
4.8183992e-06
1.5387332e-05
2.8033786e-05
4.3159228e-05
6.1239747e-05
8.2838648e-05
0.00010862066
0.0001393677
0.00017599596
0.00021957418
0.00027134218
0.00033272892
0.00040536875
0.00049111371
0.00059203964
0.00071044325
0.00084882661
0.0010098661
0.0011963628
0.0014111734
0.0016571224
0.0019368993
0.0022529478
0.0026073595
0.0030017784
0.0034373319
0.0039145869
0.0044335313
0.0049935686
0.0055935107
0.006231606
0.0069056301
0.0076125422
0.0083482739
0.0091074994
0.0098832519
0.010669652
0.011436074
0.012257494
5.2223396e-06
1.6676592e-05
3.0381371e-05
4.6771139e-05
6.6360906e-05
8.9759761e-05
0.00011768606
0.00015098422
0.00019064291
0.00023781422
0.00029383304
0.00036023568
0.000438776
0.000531437
0.00064043509
0.00076821389
0.00091742369
0.0010908835
0.0012915219
0.0015222975
0.0017860975
0.0020856224
0.0024232639
0.0028009877
0.0032202364
0.0036818606
0.0041860849
0.0047325041
0.0053200957
0.0059472316
0.0066116903
0.0073106512
0.0080404366
0.0087962423
0.00957187
0.010359266
0.011150618
0.011916576
0.012719602
5.6311605e-06
1.7981279e-05
3.2756782e-05
5.0425379e-05
7.154128e-05
9.6759626e-05
0.00012685264
0.00016272744
0.00020544522
0.00025624134
0.00031654544
0.00038800037
0.00047247827
0.00057209104
0.00068919266
0.00082636934
0.0009864138
0.0011722798
0.0013870138
0.0016336637
0.0019151651
0.0022342129
0.0025931274
0.0029937294
0.00343724
0.0039242138
0.0044545155
0.0050273276
0.0056411771
0.0062939533
0.0069829005
0.0077045513
0.0084544868
0.0092270252
0.010014896
0.010808779
0.011598845
0.012357469
0.013133001
6.0361837e-06
1.9273837e-05
3.5110086e-05
5.404557e-05
7.6673304e-05
0.000103694
0.00013593316
0.0001743599
0.000220107
0.00027449193
0.00033903755
0.00041549138
0.00050584117
0.00061232429
0.00073742769
0.00088387411
0.0010545907
0.0012526557
0.0014812206
0.0017434069
0.0020421797
0.0023802072
0.0027597166
0.0031823615
0.0036491207
0.0041602349
0.0047151916
0.0053127443
0.0059509465
0.0066271693
0.0073380717
0.0080794871
0.0088461638
0.0096314112
0.010426719
0.011221332
0.012003373
0.012747409
0.01348664
6.4341739e-06
2.0543654e-05
3.7421452e-05
5.7600291e-05
8.1710938e-05
0.00011049834
0.0001448396
0.00018576368
0.00023447231
0.0002923617
0.00036104381
0.00044236557
0.00053842407
0.00065157457
0.00078442784
0.00093983244
0.0011208375
0.0013306318
0.0015724559
0.0018494877
0.002164704
0.0025207278
0.0029196739
0.0033630108
0.0038514572
0.0043849243
0.0049625086
0.00558252
0.0062425212
0.0069393392
0.0076690107
0.0084266255
0.0092060308
0.0099994296
0.010796948
0.011586238
0.012353315
0.01307502
0.013768051
6.8057853e-06
2.1729528e-05
3.958042e-05
6.0921335e-05
8.6418539e-05
0.00011685863
0.00015316734
0.00019643006
0.00024791359
0.00030908845
0.00038165053
0.00046754035
0.00056895747
0.00068836691
0.00082849369
0.00099230078
0.0011829457
0.0014037117
0.00165791
0.0019487543
0.0022792104
0.0026518327
0.003068601
0.0035307781
0.0040388063
0.0045922553
0.0051898236
0.005829374
0.0065079743
0.0072218987
0.0079665466
0.0087362442
0.0095239071
0.010320592
0.011115013
0.011893129
0.012638727
0.01332977
0.013962218
7.1575751e-06
2.2851386e-05
4.162146e-05
6.4058533e-05
9.0861523e-05
0.00012285512
0.00016100922
0.00020646016
0.00026053297
0.00032476415
0.00040092347
0.00049103301
0.00059738078
0.00072252562
0.00086928897
0.0010407289
0.0012400911
0.0014707322
0.0017360134
0.0020391632
0.0023831168
0.0027703412
0.0032026657
0.0036811354
0.0042059106
0.0047762209
0.0053903742
0.0060457991
0.0067390833
0.0074659617
0.0082212088
0.0089984013
0.0097895443
0.010584593
0.011370941
0.012132979
0.012852602
0.013507937
0.014075449
7.4541368e-06
2.3797848e-05
4.3344699e-05
6.6709535e-05
9.461966e-05
0.00012793304
0.00016765844
0.00021497714
0.00027126594
0.00033812018
0.00041737566
0.00051112739
0.00062174204
0.00075186091
0.0009043885
0.0010824618
0.0012893951
0.0015285957
0.0018034483
0.0021171688
0.0024726343
0.0028722011
0.0033175296
0.0038094375
0.0043478008
0.0049315154
0.0055585127
0.0062258071
0.0069295307
0.0076649072
0.0084261171
0.0092060293
0.0099958027
0.010784412
0.01155817
0.012300328
0.012992172
0.013613582
0.014127015
7.7038022e-06
2.459365e-05
4.4791826e-05
6.893258e-05
9.7765859e-05
0.00013217589
0.00017320165
0.00022205901
0.00028016384
0.00034915513
0.00043091675
0.00052759553
0.00064161272
0.0007756651
0.00093271082
0.0011159351
0.0013286898
0.0015744028
0.0018564551
0.0021780258
0.0025419147
0.0029503539
0.0034048296
0.0039059371
0.0044532879
0.0050454794
0.0056801186
0.0063538716
0.0070624918
0.0078007765
0.0085624069
0.0093396564
0.010122987
0.010900623
0.011658147
0.012378101
0.013042363
0.013633809
0.014126673
7.8558073e-06
2.5078208e-05
4.5673066e-05
7.0286482e-05
9.968221e-05
0.00013476046
0.0001765786
0.00022637337
0.00028558407
0.00035587563
0.00043915987
0.00053761298
0.0006536857
0.00079010268
0.00094984575
0.0011361161
0.0013522699
0.0016017222
0.0018878192
0.0022136779
0.0025820047
0.0029949045
0.0034537034
0.003958808
0.0045096185
0.0051045078
0.005740851
0.0064150749
0.0071226782
0.00785817
0.0086148871
0.0093846876
0.010157558
0.010921265
0.011661046
0.012358839
0.012997594
0.013562156
0.014033177
7.9171405e-06
2.5273055e-05
4.6026204e-05
7.0826851e-05
0.00010044342
0.00013578128
0.00017790336
0.00022805222
0.00028767299
0.00035843598
0.00044225742
0.00054131591
0.00065806161
0.00079521382
0.00095574237
0.0011428273
0.0013597917
0.001610003
0.001896742
0.0022230413
0.0025915035
0.0030041122
0.0034620599
0.0039656143
0.0045140409
0.0051055898
0.0057375293
0.0064061926
0.0071069846
0.0078342999
0.0085813206
0.0093397004
0.010099189
0.010847396
0.011569554
0.012246994
0.012864158
0.013407402
0.013860456
7.8691701e-06
2.511923e-05
4.574481e-05
7.0391585e-05
9.9822368e-05
0.00013493566
0.00017678591
0.00022660529
0.00028582604
0.00035610252
0.00043933118
0.00053766608
0.00065352694
0.00078959546
0.00094879525
0.0011342501
0.0013492156
0.0015969792
0.0018807305
0.0022034003
0.002567483
0.0029748552
0.0034266119
0.003922945
0.0044630779
0.0050452606
0.0056668058
0.0063241269
0.0070127271
0.0077270916
0.008460464
0.0092045262
0.0099490476
0.010681706
0.011388183
0.012049395
0.01265071
0.013180759
0.013625037
7.7109984e-06
2.4613633e-05
4.4822802e-05
6.8970557e-05
9.7803434e-05
0.0001322005
0.00017319306
0.00022198572
0.00027997797
0.00034878543
0.00043025878
0.0005264984
0.00063986131
0.00077295663
0.00092862494
0.0011098963
0.0013199225
0.0015618795
0.0018388407
0.0021536231
0.002508618
0.0029056218
0.0033456874
0.0038290168
0.0043549106
0.0049217704
0.0055271336
0.0061676975
0.0068392811
0.0075366834
0.0082534305
0.0089814652
0.0097108655
0.010428723
0.011124893
0.011774395
0.012366888
0.01289414
0.01334058
7.4362487e-06
2.3736062e-05
4.3223674e-05
6.6508096e-05
9.4308504e-05
0.00012747154
0.0001669902
0.0002140239
0.00026991918
0.00033622968
0.0004147342
0.00050745017
0.00061663988
0.00074480552
0.00089466872
0.00106913
0.0012712035
0.0015039246
0.0017702308
0.0020728183
0.0024139877
0.0027954928
0.0032184116
0.0036830596
0.004188955
0.0047348279
0.0053186498
0.0059376334
0.0065881568
0.0072655714
0.0079639041
0.008675601
0.0093922189
0.010100266
0.010785259
0.011432646
0.012028359
0.01256098
0.01302055
7.0451883e-06
2.2487325e-05
4.0948814e-05
6.3006188e-05
8.9340152e-05
0.00012075188
0.00015818082
0.00020272357
0.00025565324
0.00031843829
0.00039275923
0.00048052124
0.00058385974
0.00070513565
0.00084691618
0.0010119371
0.001203043
0.0014231027
0.0016749019
0.0019610169
0.0022836804
0.0026446545
0.0030451281
0.0034856552
0.0039661369
0.0044858357
0.0050433909
0.0056367853
0.006263216
0.0069188372
0.0075983785
0.0082946617
0.0089973561
0.0097018378
0.010389674
0.011041065
0.011646017
0.012195495
0.012678553
6.539044e-06
2.0871381e-05
3.8005512e-05
5.8476197e-05
8.2914731e-05
0.00011206402
0.00014679501
0.00018812413
0.00023723121
0.00029547677
0.00036441747
0.00044581787
0.00054165568
0.00065411783
0.0007855837
0.00093859214
0.0011157893
0.0013198564
0.0015534184
0.0018189404
0.0021186208
0.0024542955
0.0028273686
0.0032387794
0.0036890019
0.0041780595
0.004705515
0.0052703863
0.0058709461
0.0065043908
0.0071664104
0.007850723
0.0085483076
0.0092494767
0.0099418754
0.010609267
0.011236176
0.011812366
0.012327997
5.9228661e-06
1.8904344e-05
3.4423098e-05
5.2963232e-05
7.5096178e-05
0.00010149432
0.00013294584
0.00017037049
0.00021483579
0.00026757271
0.00032998984
0.00040368424
0.00049044692
0.00059226042
0.00071128575
0.00084983613
0.0010103356
0.0011952625
0.0014070809
0.0016481646
0.0019207264
0.002226761
0.002568016
0.0029459895
0.0033619471
0.0038169255
0.0043116792
0.0048465182
0.0054210078
0.0060335297
0.0066807629
0.0073571632
0.0080544641
0.0087630261
0.00946983
0.010158903
0.010815415
0.011426757
0.011982124
5.2042079e-06
1.6610324e-05
3.0245486e-05
4.6534885e-05
6.5980379e-05
8.9172469e-05
0.00011680335
0.00014968078
0.00018874246
0.00023506991
0.00028990142
0.00035464218
0.00043087044
0.00052033748
0.00062495982
0.00074680196
0.00088804915
0.0010509716
0.0012378837
0.0014511052
0.0016929333
0.0019656342
0.0022714582
0.002612672
0.0029915831
0.0034105149
0.0038716792
0.0043769008
0.0049271798
0.0055221237
0.0061593337
0.0068338538
0.0075377849
0.0082608844
0.0089899704
0.0097089772
0.010402003
0.011054505
0.011654035
4.3935002e-06
1.4022605e-05
2.5533281e-05
3.9284396e-05
5.5699538e-05
7.5277152e-05
9.8601617e-05
0.0001263551
0.00015932985
0.00019844046
0.00024473542
0.00029940702
0.00036379875
0.00043940885
0.00052788965
0.00063104218
0.00075080734
0.00088925656
0.0010485869
0.0012311278
0.0014393662
0.0016759946
0.0019439752
0.0022465983
0.002587496
0.0029705518
0.0033996526
0.0038782505
0.0044087558
0.0049918328
0.0056257158
0.0063056654
0.0070236646
0.0077687175
0.0085268627
0.0092814349
0.01001519
0.010711633
0.01135645
3.5038042e-06
1.1182884e-05
2.0362397e-05
3.132854e-05
4.4419189e-05
6.0032051e-05
7.863364e-05
0.00010076898
0.00012707183
0.00015827531
0.00019522234
0.00023887589
0.00029032853
0.00035081136
0.00042170309
0.00050454067
0.00060103481
0.00071309504
0.00084287083
0.00099281514
0.0011657734
0.0013650918
0.0015947235
0.0018592892
0.0021640299
0.0025145881
0.0029165721
0.0033749153
0.0038931013
0.0044723731
0.0051110583
0.0058041072
0.0065429037
0.0073154949
0.0081068623
0.0088993865
0.0096744469
0.01041377
0.011101321
2.5500053e-06
8.1386837e-06
1.4819392e-05
2.2800553e-05
3.2328377e-05
4.369294e-05
5.7235001e-05
7.3353545e-05
9.2514109e-05
0.00011525794
0.00014221214
0.00017410121
0.00021176078
0.00025615493
0.00030839983
0.00036979746
0.00044188511
0.00052650733
0.00062591692
0.00074290711
0.00088096723
0.0010444367
0.0012386092
0.0014697195
0.001744742
0.0020709579
0.0024553011
0.0029035558
0.0034195247
0.0040042903
0.0046556607
0.0053678484
0.0061313927
0.0069333786
0.0077577951
0.0085860976
0.0093985181
0.010175387
0.010899346
1.552515e-06
4.9550029e-06
9.0221956e-06
1.3880848e-05
1.9680829e-05
2.6599023e-05
3.4844027e-05
4.4662037e-05
5.6344884e-05
7.0241153e-05
8.6765712e-05
0.00010641267
0.00012978006
0.00015760387
0.00019080711
0.00023057153
0.00027843857
0.00033644497
0.00040729071
0.00049452437
0.00060271206
0.00073753754
0.00090577315
0.0011150716
0.0013735593
0.0016892503
0.0020693371
0.002519436
0.0030428714
0.0036400731
0.0043081412
0.0050405998
0.0058273482
0.0066548382
0.0075064279
0.0083629655
0.0092039471
0.010008809
0.010759356
5.237631e-07
1.6711722e-06
3.0413999e-06
4.6773941e-06
6.6317895e-06
8.9695888e-06
1.1773254e-05
1.5151086e-05
1.9249235e-05
2.4262487e-05
3.0450754e-05
3.8177625e-05
4.7967386e-05
6.057516e-05
7.7073538e-05
9.8959849e-05
0.00012827616
0.00016773325
0.00022082888
0.00029194782
0.00038642476
0.00051054322
0.0006714374
0.00087686548
0.0011348343
0.0014530775
0.0018384199
0.0022960842
0.0028290202
0.0034373257
0.0041178191
0.0048637877
0.0056649238
0.006507467
0.0073745426
0.0082467505
0.0091032633
0.0099231056
0.010687698
0.0064128194
0.0068634093
0.0072918101
0.0076701904
0.0080264658
0.0083522979
0.008656941
0.0089408529
0.0092073699
0.0094579526
0.0096948449
0.0099182064
0.010131834
0.010331459
0.010526804
0.0064554583
0.0069009611
0.0073265016
0.007702389
0.0080568984
0.0083814361
0.0086850862
0.0089682573
0.0092341767
0.0094842506
0.0097206711
0.0099435327
0.010156656
0.010355551
0.010550427
0.0065452368
0.0069822526
0.0074031946
0.0077746541
0.0081258963
0.0084477791
0.0087491954
0.0090304596
0.0092946366
0.0095430476
0.0097777994
0.0099988863
0.010210179
0.010406773
0.010599877
0.0066845601
0.0071097429
0.007524383
0.007889467
0.0082358972
0.0085537071
0.0088515804
0.0091296934
0.0093908986
0.0096364001
0.0098681906
0.010086126
0.01029416
0.010486768
0.010676697
0.0068748467
0.0072850148
0.0076917509
0.0080485596
0.0083886252
0.0087009199
0.0089938999
0.0092675637
0.0095245059
0.0097657834
0.0099932488
0.010206581
0.010409856
0.010596724
0.010782008
0.0071164329
0.0075086469
0.0079060398
0.0082527721
0.0085849431
0.0088902891
0.0091770127
0.0094449031
0.0096962566
0.0099319554
0.010153691
0.010360933
0.010557914
0.01073727
0.010916411
0.0074085338
0.0077801239
0.0081669591
0.0085019363
0.0088247274
0.0091217279
0.0094008466
0.0096616407
0.0099060735
0.01013483
0.010349427
0.010549095
0.010738253
0.010908366
0.011079886
0.0077492349
0.0080977607
0.0084731472
0.0087947912
0.0091067715
0.0093940893
0.0096642937
0.0099166955
0.010152899
0.010373375
0.010579453
0.010770109
0.010949977
0.011109219
0.011271712
0.0081355147
0.0084585696
0.0088221775
0.0091289274
0.0094287244
0.0097051012
0.009965142
0.010207907
0.010434622
0.010645535
0.010841785
0.011022087
0.011191304
0.011338211
0.011490402
0.0085633663
0.0088613037
0.0092106402
0.0095007515
0.0097870666
0.010051341
0.010300048
0.010532003
0.010748048
0.010948205
0.011133426
0.011302169
0.011459531
0.011592873
0.011733664
0.0090291014
0.009303438
0.0096323916
0.0099054569
0.010177141
0.010428258
0.010664558
0.010884628
0.011088922
0.011277247
0.011450382
0.011606538
0.011751048
0.011869876
0.011998402
0.0095247561
0.0097727728
0.010081651
0.010337159
0.010593229
0.010830245
0.011053184
0.011260406
0.011451997
0.011627563
0.011787726
0.011930485
0.012061391
0.01216509
0.012280755
0.010041538
0.010259807
0.0105518
0.010788929
0.011028631
0.011250776
0.011459535
0.011653087
0.011831174
0.011993225
0.012139735
0.012268533
0.012385355
0.012473675
0.012576181
0.010572349
0.010760861
0.011034532
0.011253102
0.011475892
0.011682584
0.011876523
0.012055746
0.012219698
0.012367672
0.012500071
0.012614608
0.012717165
0.012790234
0.012879587
0.011108058
0.011267796
0.011521661
0.011721585
0.011927074
0.012117936
0.012296608
0.012461032
0.012610411
0.012743959
0.012862027
0.012962277
0.013050683
0.013109007
0.013185511
0.011638808
0.011771185
0.012004421
0.012185979
0.01237403
0.012548932
0.012712116
0.012861478
0.012996056
0.013115052
0.013218811
0.013305019
0.013379675
0.013424107
0.013488336
0.012154275
0.012261435
0.0124739
0.012637896
0.012808742
0.012967843
0.01311557
0.013249834
0.013369603
0.013474144
0.013563857
0.013636525
0.013698093
0.013729788
0.01378254
0.012644009
0.012729215
0.012921463
0.01306934
0.01322367
0.013367463
0.013500041
0.013619405
0.013724578
0.013814985
0.01389114
0.013951
0.014000361
0.01402071
0.014062943
0.013097761
0.013165777
0.013339144
0.013473054
0.013612099
0.013741441
0.013859463
0.013964362
0.014055366
0.014132173
0.014195465
0.014243443
0.014281647
0.014292198
0.01432496
0.013505968
0.013563397
0.013720029
0.013842852
0.013968437
0.014084564
0.014188902
0.014279998
0.014357466
0.014421402
0.014472704
0.014509878
0.014538086
0.01454046
0.01456481
0.013860413
0.013916261
0.014058944
0.014174086
0.014288576
0.01439304
0.014484792
0.014562928
0.01462767
0.014679632
0.014719966
0.014747518
0.014766941
0.014762739
0.014779679
0.014152941
0.014220756
0.014353169
0.014464154
0.014570231
0.01466473
0.014745096
0.014811228
0.014864176
0.01490519
0.014935684
0.014954844
0.014966677
0.014957409
0.014967805
0.014371624
0.014469998
0.014599176
0.014710516
0.014811681
0.014898388
0.014968856
0.015024155
0.015066427
0.015097672
0.01511955
0.015131561
0.015136939
0.015123961
0.015128486
0.014494506
0.014639531
0.014781722
0.014903568
0.015007321
0.015090922
0.015154482
0.015201041
0.015234361
0.015257419
0.015272143
0.015278336
0.015278361
0.015262917
0.01526197
0.010714875
0.010898982
0.011092522
0.011280914
0.011470529
0.011656852
0.011840699
0.012020312
0.012196356
0.012366231
0.012533526
0.012689602
0.01285224
0.01297721
0.01317599
0.010736486
0.010917632
0.011108771
0.011294948
0.011482592
0.011667189
0.011849519
0.012027815
0.012202718
0.012371611
0.012538062
0.012693423
0.012855437
0.012979944
0.013178047
0.010781406
0.010956423
0.011142584
0.011324167
0.011507721
0.011688731
0.011867909
0.012043465
0.012215993
0.012382843
0.012547531
0.012701406
0.012862115
0.012985652
0.01318235
0.010851066
0.011016655
0.011195139
0.011369629
0.011546855
0.011722305
0.011896592
0.012067891
0.012236723
0.012400392
0.012562335
0.01271389
0.012872561
0.012994575
0.013189094
0.010946547
0.011099374
0.011267418
0.011432245
0.011600825
0.011768665
0.011936241
0.012101688
0.012265432
0.012424715
0.012582868
0.012731216
0.012887063
0.01300696
0.013198479
0.0110685
0.011205299
0.011360154
0.011512745
0.011670334
0.011828468
0.011987462
0.012145408
0.012302614
0.012456249
0.012609514
0.012753719
0.012905908
0.013023047
0.01321071
0.011217051
0.011334751
0.011473769
0.01161162
0.011755903
0.011902239
0.012050768
0.012199533
0.012348714
0.012495401
0.012642638
0.012781725
0.012929372
0.013043074
0.013226023
0.011391732
0.011487588
0.011608314
0.011729081
0.011857839
0.011990345
0.012126549
0.012264459
0.01240412
0.012542536
0.012682578
0.012815537
0.01295772
0.01306728
0.013244672
0.011591413
0.011663142
0.011763421
0.011865005
0.011976194
0.012092956
0.012215051
0.012340475
0.012469137
0.012597961
0.012729628
0.012855434
0.012991199
0.013095892
0.013266884
0.011814265
0.011860173
0.011938253
0.012018896
0.012110725
0.012210013
0.012316348
0.01242774
0.012543977
0.012661915
0.012784038
0.01290166
0.013030027
0.013129122
0.013292876
0.012057743
0.012076843
0.012131473
0.012189847
0.012260859
0.012341197
0.012430308
0.012526256
0.012628732
0.012734549
0.012845992
0.012954414
0.013074395
0.013167202
0.013322855
0.012318602
0.012310706
0.012341225
0.012376519
0.012425671
0.012485907
0.012556576
0.012635851
0.012723363
0.012815913
0.012915601
0.013013839
0.013124475
0.013210344
0.013356997
0.012592958
0.012558738
0.012565142
0.01257713
0.01260386
0.012643232
0.012694551
0.012756158
0.012827678
0.012905943
0.012992886
0.013080011
0.013180391
0.013258684
0.013395448
0.012876383
0.012817386
0.012800374
0.012789458
0.012793751
0.01281194
0.012843361
0.012886592
0.012941312
0.013004437
0.013077769
0.013152932
0.013242222
0.013312333
0.013438313
0.013164044
0.013082663
0.01304364
0.013010879
0.012993301
0.012990482
0.013001868
0.013026346
0.013063719
0.013111054
0.013170056
0.013232519
0.01331002
0.013371354
0.013485666
0.013450883
0.013350266
0.01329132
0.013238414
0.013200128
0.013176996
0.013168659
0.013174377
0.013194158
0.01322529
0.013269432
0.013318604
0.013383752
0.013435741
0.01353755
0.013731818
0.013615734
0.013539561
0.013468805
0.013411557
0.013369339
0.013342057
0.013329413
0.013331691
0.013346478
0.013375442
0.013410914
0.013463269
0.013505422
0.013593961
0.014001966
0.013874623
0.013784414
0.013698617
0.013624693
0.013565123
0.013520148
0.013489956
0.013475182
0.013473784
0.013487495
0.013509054
0.013548326
0.013580254
0.013654848
0.014256869
0.014122695
0.014021989
0.013924355
0.013836499
0.013761783
0.01370082
0.013654311
0.013623308
0.0136062
0.013604855
0.013612504
0.013638581
0.013660016
0.013720107
0.014492693
0.014356102
0.014248614
0.014142595
0.014043906
0.013956641
0.013881805
0.013820615
0.013774573
0.013742567
0.013726639
0.013720618
0.013733588
0.013744401
0.013789578
0.014706399
0.014571567
0.014460993
0.014350126
0.014243921
0.014147003
0.014060754
0.013986876
0.013927344
0.013881575
0.013851832
0.013832622
0.013832798
0.013833017
0.013863033
0.014895857
0.014766515
0.014656347
0.014544084
0.014433746
0.014330251
0.014235303
0.014151034
0.014079878
0.014021797
0.013979296
0.013947613
0.01393538
0.013925341
0.013940181
0.015059898
0.014939171
0.014832532
0.014722068
0.014610895
0.014503945
0.014403164
0.014311022
0.014230377
0.014161715
0.014107787
0.014064578
0.01404036
0.014020671
0.014020663
0.015198307
0.015088622
0.014988105
0.014882241
0.014773295
0.014665925
0.014562206
0.014464841
0.014377035
0.014299759
0.014235981
0.014182472
0.01414688
0.014118197
0.014103981
0.014629984
0.015016379
0.015287906
0.015385061
0.015365358
0.015319939
0.015281672
0.015241216
0.015153686
0.014591987
0.014939809
0.015169234
0.015255623
0.0152593
0.015247053
0.015233846
0.015209241
0.015130791
0.014446481
0.014776439
0.015001646
0.015108354
0.015150234
0.015174219
0.015186114
0.015176985
0.015109602
0.014246338
0.014570583
0.014810112
0.014952991
0.01504009
0.015101983
0.015139445
0.015146216
0.015091515
0.014001674
0.014334803
0.014604383
0.01479471
0.01493113
0.015031395
0.015094317
0.015116714
0.015075488
0.013723192
0.014079256
0.014391844
0.01463724
0.014824933
0.014963248
0.015051238
0.015088728
0.015061463
0.013422363
0.013813569
0.014178891
0.014483778
0.014722956
0.014898295
0.015010638
0.015062723
0.015049717
0.013110592
0.013546617
0.013971093
0.014337148
0.014626577
0.014837239
0.014972915
0.015039531
0.015037401
0.012798841
0.013286465
0.013773335
0.01419988
0.014537099
0.014780736
0.014938439
0.015018508
0.015027284
0.012497615
0.013040494
0.013589971
0.014074275
0.014455766
0.014729418
0.014907664
0.015000922
0.015018022
0.012216933
0.012815467
0.013424902
0.013962413
0.014383764
0.014683985
0.014878883
0.014984629
0.015011252
0.011966189
0.012617513
0.013281605
0.013866141
0.014322115
0.014645357
0.014854884
0.0149711
0.015005039
0.011753934
0.012452049
0.013163095
0.01378707
0.014271684
0.014613952
0.014835964
0.014960885
0.014999917
0.011587601
0.012323661
0.013071892
0.013726541
0.014233196
0.014590024
0.014821529
0.014953138
0.014995817
0.011473175
0.012235968
0.013009962
0.013685594
0.014207216
0.014573868
0.014811596
0.014947207
0.014993541
0.011414872
0.012191478
0.012978653
0.013664943
0.014194132
0.014565727
0.014806566
0.014944202
0.014992448
0.014740099
0.014893928
0.01503165
0.015144303
0.015232439
0.015296218
0.015339111
0.015366554
0.015383446
0.015392928
0.015396456
0.015393647
0.015385664
0.015365755
0.015357059
0.015138014
0.015292209
0.015398036
0.015468032
0.015511474
0.015533585
0.015541935
0.015542224
0.015538104
0.015531011
0.015520937
0.015506901
0.015489037
0.015463203
0.015445504
0.015406293
0.015521372
0.015593115
0.01563516
0.015658423
0.015669087
0.015671667
0.015668308
0.015660668
0.015649477
0.015634091
0.015614702
0.015591895
0.015564315
0.015541276
0.01548875
0.015562196
0.015613954
0.015650673
0.015677122
0.01569499
0.015704517
0.015708233
0.01570455
0.015696759
0.015684179
0.015668291
0.015649824
0.015628683
0.015608592
0.01544192
0.015483635
0.015519374
0.015549345
0.015573839
0.015593156
0.015607791
0.015618035
0.015624548
0.01562754
0.015627618
0.015625365
0.015621032
0.015615083
0.015607767
0.015369017
0.015389854
0.015410086
0.015429028
0.015446383
0.0154622
0.015476506
0.015489297
0.015500572
0.015510363
0.015518712
0.015525662
0.015531298
0.015535889
0.015538765
0.015312169
0.015321918
0.015332149
0.015342424
0.015352544
0.015362509
0.015372301
0.015381871
0.015391169
0.015400152
0.01540879
0.015417054
0.015424926
0.015432454
0.015439172
0.015261806
0.015266137
0.015271036
0.01527621
0.015281531
0.015287029
0.015292723
0.015298605
0.015304664
0.015310894
0.015317282
0.015323822
0.015330495
0.015337308
0.01534408
0.015169989
0.015172382
0.015175195
0.015178223
0.015181401
0.015184759
0.01518832
0.015192088
0.015196065
0.015200256
0.015204665
0.015209292
0.015214138
0.015219181
0.015224589
0.015297188
0.015198624
0.01510507
0.015005255
0.014900607
0.01479532
0.014691484
0.014591898
0.014499981
0.014417063
0.014346244
0.014285017
0.014240375
0.014204407
0.014178536
0.015390347
0.01530516
0.015220242
0.0151286
0.015030435
0.014929309
0.01482726
0.014727087
0.014632374
0.014544776
0.014467487
0.014398765
0.014344954
0.014301329
0.014263107
0.015496718
0.015432873
0.015363575
0.01528706
0.01520233
0.015111579
0.015016561
0.014919895
0.014825174
0.014734342
0.014650575
0.014573227
0.014507631
0.014453301
0.01439767
0.01558141
0.015546251
0.015502488
0.015450965
0.01539063
0.015321643
0.015244886
0.015162281
0.01507691
0.014990501
0.014905755
0.014823239
0.014747046
0.014681003
0.014604023
0.015600157
0.015590227
0.015574712
0.01555258
0.015523544
0.015487705
0.015445166
0.015393301
0.015335017
0.01527083
0.015201918
0.015129153
0.015054938
0.014986905
0.014894767
0.015542184
0.015546637
0.015548795
0.015546981
0.015541756
0.01553308
0.015519739
0.015502023
0.01548
0.015452292
0.01542046
0.015382669
0.015339046
0.015294313
0.015219815
0.015446231
0.015454391
0.015462168
0.015469044
0.015474935
0.015479568
0.01548254
0.015483599
0.015481272
0.015477383
0.01547037
0.015460133
0.015448665
0.015436031
0.015413488
0.015350809
0.015358286
0.015366034
0.0153738
0.015381621
0.015389376
0.015396848
0.015403894
0.015410384
0.015416072
0.015420799
0.015424397
0.015426831
0.015427661
0.015426135
0.01522939
0.015235104
0.015240972
0.015247161
0.015253804
0.015260809
0.01526803
0.015275324
0.015282529
0.015289446
0.015295867
0.01530164
0.015306792
0.015311155
0.015316749
9.1936592e-08
2.9394839e-07
5.3676751e-07
8.2981857e-07
1.1856616e-06
1.6216572e-06
2.162579e-06
2.8446808e-06
3.7218711e-06
4.8746915e-06
6.4227453e-06
8.5411333e-06
1.1481502e-05
1.5598659e-05
2.1384285e-05
2.9509564e-05
4.087819e-05
5.6689899e-05
7.8512481e-05
0.00010835707
0.00014874727
0.00020276771
0.00027407265
0.00036683243
0.00048559666
0.00063506158
0.00081974471
0.0010435926
0.0013095699
0.0016192935
0.001972779
0.0023683227
0.0028026489
0.0032709156
0.003767793
0.0042853056
0.0048211644
0.0053567851
0.0059134703
2.786069e-07
8.9017139e-07
1.6228006e-06
2.5005777e-06
3.5526362e-06
4.8144309e-06
6.3295009e-06
8.1519756e-06
1.0350244e-05
1.3012442e-05
1.625473e-05
2.023379e-05
2.5165445e-05
3.1351717e-05
3.9218693e-05
4.9366898e-05
6.2634263e-05
8.0169391e-05
0.00010351019
0.00013466071
0.00017615687
0.00023110844
0.00030320087
0.00039663626
0.00051599346
0.0006659944
0.00085117913
0.001075515
0.0013419875
0.0016522352
0.0020062983
0.0024025009
0.0028375995
0.003306793
0.0038047832
0.0043236467
0.0048611926
0.0053984723
0.0059587554
4.7155272e-07
1.5065685e-06
2.7461416e-06
4.2304636e-06
6.0076467e-06
8.1353535e-06
1.0682855e-05
1.3733671e-05
1.7389066e-05
2.17728e-05
2.7037793e-05
3.3375653e-05
4.1030565e-05
5.031957e-05
6.1661978e-05
7.5621081e-05
9.2961169e-05
0.00011472131
0.00014230393
0.00017757051
0.00022293027
0.00028140159
0.0003566234
0.00045279457
0.00057452447
0.000726587
0.00091358523
0.0011395537
0.0014075466
0.0017192722
0.0020748422
0.0024726544
0.002909547
0.0033808126
0.0038812287
0.0044029811
0.0049440885
0.0054848643
0.0060525707
6.7185835e-07
2.1464832e-06
3.9124003e-06
6.0266445e-06
8.5572857e-06
1.1585549e-05
1.520838e-05
1.9541575e-05
2.4723672e-05
3.092088e-05
3.8333502e-05
4.7204511e-05
5.7831334e-05
7.0582369e-05
8.5920353e-05
0.00010443546
0.00012689134
0.00015428718
0.00018793705
0.0002295635
0.00028139566
0.00034625255
0.00042758436
0.00052944061
0.00065633961
0.00081302713
0.0010041339
0.0012337647
0.0015050727
0.0018198839
0.0021784384
0.0025792688
0.0030193604
0.0034941665
0.0039985994
0.004525018
0.0050717666
0.0056180737
0.0061971076
8.8050316e-07
2.8130284e-06
5.1271915e-06
7.8975999e-06
1.1213182e-05
1.5179852e-05
1.9923676e-05
2.5594628e-05
3.2371093e-05
4.0465326e-05
5.0130182e-05
6.1667594e-05
7.543953e-05
9.1882516e-05
0.00011152733
0.00013502601
0.00016318901
0.00019703544
0.00023785854
0.00028730651
0.00034747282
0.00042098249
0.00051105054
0.00062148052
0.00075657023
0.00092090241
0.0011190214
0.0013550258
0.0016321337
0.0019522929
0.0023159038
0.0027216834
0.0031668309
0.0036470307
0.0041573961
0.0046905293
0.0052452014
0.005799281
0.0063934763
1.0985998e-06
3.5097448e-06
6.3969351e-06
9.8531419e-06
1.3989103e-05
1.8936574e-05
2.4852144e-05
3.1921696e-05
4.0365642e-05
5.0445083e-05
6.2469129e-05
7.680369e-05
9.3882256e-05
0.00011421941
0.00013842819
0.00016724288
0.00020154938
0.00024242548
0.00029119344
0.0003494856
0.00041932011
0.00050317783
0.00060406186
0.00072551229
0.00087154295
0.0010464726
0.0012546402
0.0015000259
0.0017858267
0.0021140629
0.0024852825
0.0028984028
0.0033508858
0.0038387044
0.0043572337
0.004899387
0.0054644338
0.0060287025
0.006641663
1.3272998e-06
4.2403018e-06
7.7282982e-06
1.1903497e-05
1.6899484e-05
2.2875091e-05
3.0018906e-05
3.8554492e-05
4.8746426e-05
6.0907276e-05
7.5405654e-05
9.2675573e-05
0.00011322741
0.00013766095
0.00016668122
0.00020111826
0.00024195204
0.0002903448
0.00034768201
0.00041562354
0.00049616319
0.00059169059
0.00070504222
0.00083951914
0.00099884287
0.0011870209
0.0014081061
0.0016658603
0.0019633611
0.0023026225
0.0026842894
0.0031074568
0.0035698703
0.004067825
0.0045969997
0.0051506739
0.0057286435
0.0063056192
0.0069405532
1.567814e-06
5.0085571e-06
9.1282916e-06
1.4059424e-05
1.9959525e-05
2.7015848e-05
3.5450567e-05
4.5526801e-05
5.7555514e-05
7.1903368e-05
8.9001638e-05
0.00010935626
0.00013355918
0.0001623013
0.00019638723
0.00023675266
0.00028448511
0.0003408491
0.00040731743
0.0004856087
0.00057773101
0.00068602727
0.00081321245
0.00096238618
0.0011369969
0.0013407325
0.0015773191
0.0018502322
0.0021623471
0.00251559
0.0029106329
0.0033466964
0.0038218062
0.0043325831
0.0048750272
0.0054428177
0.0060362493
0.0066284385
0.0072879885
1.8213635e-06
5.8184012e-06
1.0603986e-05
1.6331776e-05
2.318457e-05
3.1379504e-05
4.1174055e-05
5.2872901e-05
6.6835737e-05
8.3486069e-05
0.00010332103
0.00012692221
0.00015496761
0.0001882445
0.00022766354
0.00027427418
0.00032928159
0.00039406601
0.0004702048
0.000559498
0.00066399662
0.00078603115
0.00092823321
0.0010935381
0.0012851498
0.0015064482
0.0017608206
0.0020514181
0.0023808545
0.0027509004
0.0031621829
0.0036139776
0.0041045715
0.0046308867
0.0051892361
0.0057737042
0.0063849993
0.0069947529
0.0076808293
2.0891452e-06
6.6736472e-06
1.2162311e-05
1.873119e-05
2.6589654e-05
3.5986302e-05
4.7215753e-05
6.0626395e-05
7.6629141e-05
9.5707202e-05
0.00011842687
0.00014544922
0.00017754257
0.00021559563
0.00026063095
0.00031381852
0.00037648956
0.00045015017
0.00053649528
0.00063742275
0.00075504738
0.00089171286
0.0010499972
0.0012327028
0.001442818
0.001683434
0.0019576027
0.0022681338
0.0026173424
0.0030067962
0.0034370102
0.0039072358
0.0044159828
0.0049604451
0.0055372126
0.0061407446
0.0067720219
0.0074013769
0.0081150205
2.3722693e-06
7.5778305e-06
1.3809689e-05
2.126752e-05
3.0188707e-05
4.0854993e-05
5.3600102e-05
6.8818409e-05
8.6974664e-05
0.00010861479
0.00013437765
0.00016500762
0.00020136774
0.00024445296
0.00029540308
0.00035551481
0.00042625229
0.0005092556
0.0006063469
0.00071953384
0.00085100982
0.0010031501
0.0011785012
0.0013797569
0.0016097146
0.0018711964
0.0021669292
0.0024993764
0.0028705329
0.0032817364
0.0037333345
0.0042244644
0.0047537778
0.005318771
0.0059162204
0.0065408833
0.0071938268
0.0078443385
0.0085856482
2.6716926e-06
8.5339991e-06
1.5551658e-05
2.3949259e-05
3.3993719e-05
4.6001701e-05
6.03481e-05
7.7475653e-05
9.7905679e-05
0.00012224992
0.0001512233
0.00018565744
0.00022651436
0.00027489997
0.00033207642
0.00039947258
0.00047869141
0.00057151341
0.00067989514
0.00080596238
0.00095199722
0.0011204189
0.0013137573
0.0015346156
0.0017856181
0.0020693357
0.002388181
0.0027442712
0.0031392647
0.0035742541
0.0040493638
0.0045633776
0.0051154995
0.0057031119
0.0063231541
0.0069705565
0.0076462536
0.0083187602
0.0090864568
2.9881192e-06
9.5443946e-06
1.7392284e-05
2.6782638e-05
3.8013481e-05
5.1438234e-05
6.747509e-05
8.66176e-05
0.00010944645
0.00013664237
0.00016899989
0.00020744175
0.00025303324
0.00030699574
0.00037071852
0.00044576749
0.00053388934
0.00063700996
0.00075722544
0.00089678501
0.0010580655
0.0012435375
0.0014557231
0.0016971457
0.0019702697
0.0022774269
0.0026207249
0.0030019366
0.0034223666
0.0038828232
0.0043830799
0.0049221987
0.0054994335
0.0061104113
0.0067544656
0.0074256148
0.0081244051
0.0088188367
0.0096100809
3.3219238e-06
1.0610196e-05
1.9333694e-05
2.9770895e-05
4.2252529e-05
5.7170633e-05
7.4988847e-05
9.6254001e-05
0.00012160896
0.00015180657
0.00018772448
0.00023038041
0.00028094692
0.00034076519
0.00041135593
0.00049442633
0.00059187085
0.00070576436
0.00083834557
0.00099198994
0.0011691715
0.0013724149
0.001604238
0.0018670898
0.002163281
0.0024949123
0.0028637952
0.0032713702
0.0037186199
0.0042062054
0.0047334251
0.0052975713
0.0058993387
0.0065372786
0.0072060962
0.0079012295
0.0086225775
0.0093378673
0.010148429
3.6729671e-06
1.1730951e-05
2.1375049e-05
3.2912715e-05
4.6708959e-05
6.3196258e-05
8.288581e-05
0.00010638013
0.00013438699
0.00016773441
0.00020738651
0.00025445957
0.00031023731
0.00037618454
0.00045395723
0.00054540731
0.00065258005
0.00077770143
0.00092315402
0.0010914396
0.0012851287
0.0015067984
0.0017589614
0.0020439906
0.002364044
0.0027209914
0.0031163469
0.003551205
0.0040261648
0.0045411804
0.0050948108
0.0056874462
0.0063168757
0.0069800228
0.0076733131
0.0083917779
0.0091341824
0.0098681971
0.010692572
4.0405694e-06
1.290448e-05
2.3512361e-05
3.6201921e-05
5.1373945e-05
6.9503079e-05
9.1150053e-05
0.00011697533
0.00014775411
0.00018439241
0.00022794387
0.00027962659
0.00034083876
0.00041317214
0.00049842098
0.00059858459
0.00071586067
0.00085262709
0.0010114095
0.0011948336
0.0014055626
0.0016462209
0.0019193096
0.0022271199
0.0025716503
0.0029545346
0.0033769814
0.0038397253
0.0043429724
0.004886303
0.0054686011
0.0060887482
0.0067446071
0.0074332331
0.0081504029
0.0088907341
0.0096516909
0.01040119
0.011232649
4.4231135e-06
1.4125622e-05
2.5736231e-05
3.9624055e-05
5.6226983e-05
7.6063369e-05
9.9745241e-05
0.000127993
0.00016165149
0.00020170717
0.00024930584
0.00030577007
0.00037261531
0.00045156275
0.00054454707
0.00065371632
0.00078142107
0.00093018992
0.0011026888
0.0013016625
0.0015298597
0.0017899432
0.0020843927
0.0024154063
0.0027848131
0.0031940001
0.0036438612
0.0041347627
0.0046665139
0.0052383249
0.0058488293
0.0064963568
0.007178386
0.0078914652
0.0086309174
0.0093906727
0.010166634
0.010927277
0.01175802
4.8183992e-06
1.5387332e-05
2.8033786e-05
4.3159228e-05
6.1239747e-05
8.2838648e-05
0.00010862066
0.0001393677
0.00017599596
0.00021957418
0.00027134218
0.00033272892
0.00040536875
0.00049111371
0.00059203964
0.00071044325
0.00084882661
0.0010098661
0.0011963628
0.0014111734
0.0016571224
0.0019368993
0.0022529478
0.0026073595
0.0030017784
0.0034373319
0.0039145869
0.0044335313
0.0049935686
0.0055935107
0.006231606
0.0069056301
0.0076125422
0.0083482739
0.0091074994
0.0098832519
0.010669652
0.011436074
0.012257494
5.2223396e-06
1.6676592e-05
3.0381371e-05
4.6771139e-05
6.6360906e-05
8.9759761e-05
0.00011768606
0.00015098422
0.00019064291
0.00023781422
0.00029383304
0.00036023568
0.000438776
0.000531437
0.00064043509
0.00076821389
0.00091742369
0.0010908835
0.0012915219
0.0015222975
0.0017860975
0.0020856224
0.0024232639
0.0028009877
0.0032202364
0.0036818606
0.0041860849
0.0047325041
0.0053200957
0.0059472316
0.0066116903
0.0073106512
0.0080404366
0.0087962423
0.00957187
0.010359266
0.011150618
0.011916576
0.012719602
5.6311605e-06
1.7981279e-05
3.2756782e-05
5.0425379e-05
7.154128e-05
9.6759626e-05
0.00012685264
0.00016272744
0.00020544522
0.00025624134
0.00031654544
0.00038800037
0.00047247827
0.00057209104
0.00068919266
0.00082636934
0.0009864138
0.0011722798
0.0013870138
0.0016336637
0.0019151651
0.0022342129
0.0025931274
0.0029937294
0.00343724
0.0039242138
0.0044545155
0.0050273276
0.0056411771
0.0062939533
0.0069829005
0.0077045513
0.0084544868
0.0092270252
0.010014896
0.010808779
0.011598845
0.012357469
0.013133001
6.0361837e-06
1.9273837e-05
3.5110086e-05
5.404557e-05
7.6673304e-05
0.000103694
0.00013593316
0.0001743599
0.000220107
0.00027449193
0.00033903755
0.00041549138
0.00050584117
0.00061232429
0.00073742769
0.00088387411
0.0010545907
0.0012526557
0.0014812206
0.0017434069
0.0020421797
0.0023802072
0.0027597166
0.0031823615
0.0036491207
0.0041602349
0.0047151916
0.0053127443
0.0059509465
0.0066271693
0.0073380717
0.0080794871
0.0088461638
0.0096314112
0.010426719
0.011221332
0.012003373
0.012747409
0.01348664
6.4341739e-06
2.0543654e-05
3.7421452e-05
5.7600291e-05
8.1710938e-05
0.00011049834
0.0001448396
0.00018576368
0.00023447231
0.0002923617
0.00036104381
0.00044236557
0.00053842407
0.00065157457
0.00078442784
0.00093983244
0.0011208375
0.0013306318
0.0015724559
0.0018494877
0.002164704
0.0025207278
0.0029196739
0.0033630108
0.0038514572
0.0043849243
0.0049625086
0.00558252
0.0062425212
0.0069393392
0.0076690107
0.0084266255
0.0092060308
0.0099994296
0.010796948
0.011586238
0.012353315
0.01307502
0.013768051
6.8057853e-06
2.1729528e-05
3.958042e-05
6.0921335e-05
8.6418539e-05
0.00011685863
0.00015316734
0.00019643006
0.00024791359
0.00030908845
0.00038165053
0.00046754035
0.00056895747
0.00068836691
0.00082849369
0.00099230078
0.0011829457
0.0014037117
0.00165791
0.0019487543
0.0022792104
0.0026518327
0.003068601
0.0035307781
0.0040388063
0.0045922553
0.0051898236
0.005829374
0.0065079743
0.0072218987
0.0079665466
0.0087362442
0.0095239071
0.010320592
0.011115013
0.011893129
0.012638727
0.01332977
0.013962218
7.1575751e-06
2.2851386e-05
4.162146e-05
6.4058533e-05
9.0861523e-05
0.00012285512
0.00016100922
0.00020646016
0.00026053297
0.00032476415
0.00040092347
0.00049103301
0.00059738078
0.00072252562
0.00086928897
0.0010407289
0.0012400911
0.0014707322
0.0017360134
0.0020391632
0.0023831168
0.0027703412
0.0032026657
0.0036811354
0.0042059106
0.0047762209
0.0053903742
0.0060457991
0.0067390833
0.0074659617
0.0082212088
0.0089984013
0.0097895443
0.010584593
0.011370941
0.012132979
0.012852602
0.013507937
0.014075449
7.4541368e-06
2.3797848e-05
4.3344699e-05
6.6709535e-05
9.461966e-05
0.00012793304
0.00016765844
0.00021497714
0.00027126594
0.00033812018
0.00041737566
0.00051112739
0.00062174204
0.00075186091
0.0009043885
0.0010824618
0.0012893951
0.0015285957
0.0018034483
0.0021171688
0.0024726343
0.0028722011
0.0033175296
0.0038094375
0.0043478008
0.0049315154
0.0055585127
0.0062258071
0.0069295307
0.0076649072
0.0084261171
0.0092060293
0.0099958027
0.010784412
0.01155817
0.012300328
0.012992172
0.013613582
0.014127015
7.7038022e-06
2.459365e-05
4.4791826e-05
6.893258e-05
9.7765859e-05
0.00013217589
0.00017320165
0.00022205901
0.00028016384
0.00034915513
0.00043091675
0.00052759553
0.00064161272
0.0007756651
0.00093271082
0.0011159351
0.0013286898
0.0015744028
0.0018564551
0.0021780258
0.0025419147
0.0029503539
0.0034048296
0.0039059371
0.0044532879
0.0050454794
0.0056801186
0.0063538716
0.0070624918
0.0078007765
0.0085624069
0.0093396564
0.010122987
0.010900623
0.011658147
0.012378101
0.013042363
0.013633809
0.014126673
7.8558073e-06
2.5078208e-05
4.5673066e-05
7.0286482e-05
9.968221e-05
0.00013476046
0.0001765786
0.00022637337
0.00028558407
0.00035587563
0.00043915987
0.00053761298
0.0006536857
0.00079010268
0.00094984575
0.0011361161
0.0013522699
0.0016017222
0.0018878192
0.0022136779
0.0025820047
0.0029949045
0.0034537034
0.003958808
0.0045096185
0.0051045078
0.005740851
0.0064150749
0.0071226782
0.00785817
0.0086148871
0.0093846876
0.010157558
0.010921265
0.011661046
0.012358839
0.012997594
0.013562156
0.014033177
7.9171405e-06
2.5273055e-05
4.6026204e-05
7.0826851e-05
0.00010044342
0.00013578128
0.00017790336
0.00022805222
0.00028767299
0.00035843598
0.00044225742
0.00054131591
0.00065806161
0.00079521382
0.00095574237
0.0011428273
0.0013597917
0.001610003
0.001896742
0.0022230413
0.0025915035
0.0030041122
0.0034620599
0.0039656143
0.0045140409
0.0051055898
0.0057375293
0.0064061926
0.0071069846
0.0078342999
0.0085813206
0.0093397004
0.010099189
0.010847396
0.011569554
0.012246994
0.012864158
0.013407402
0.013860456
7.8691701e-06
2.511923e-05
4.574481e-05
7.0391585e-05
9.9822368e-05
0.00013493566
0.00017678591
0.00022660529
0.00028582604
0.00035610252
0.00043933118
0.00053766608
0.00065352694
0.00078959546
0.00094879525
0.0011342501
0.0013492156
0.0015969792
0.0018807305
0.0022034003
0.002567483
0.0029748552
0.0034266119
0.003922945
0.0044630779
0.0050452606
0.0056668058
0.0063241269
0.0070127271
0.0077270916
0.008460464
0.0092045262
0.0099490476
0.010681706
0.011388183
0.012049395
0.01265071
0.013180759
0.013625037
7.7109984e-06
2.4613633e-05
4.4822802e-05
6.8970557e-05
9.7803434e-05
0.0001322005
0.00017319306
0.00022198572
0.00027997797
0.00034878543
0.00043025878
0.0005264984
0.00063986131
0.00077295663
0.00092862494
0.0011098963
0.0013199225
0.0015618795
0.0018388407
0.0021536231
0.002508618
0.0029056218
0.0033456874
0.0038290168
0.0043549106
0.0049217704
0.0055271336
0.0061676975
0.0068392811
0.0075366834
0.0082534305
0.0089814652
0.0097108655
0.010428723
0.011124893
0.011774395
0.012366888
0.01289414
0.01334058
7.4362487e-06
2.3736062e-05
4.3223674e-05
6.6508096e-05
9.4308504e-05
0.00012747154
0.0001669902
0.0002140239
0.00026991918
0.00033622968
0.0004147342
0.00050745017
0.00061663988
0.00074480552
0.00089466872
0.00106913
0.0012712035
0.0015039246
0.0017702308
0.0020728183
0.0024139877
0.0027954928
0.0032184116
0.0036830596
0.004188955
0.0047348279
0.0053186498
0.0059376334
0.0065881568
0.0072655714
0.0079639041
0.008675601
0.0093922189
0.010100266
0.010785259
0.011432646
0.012028359
0.01256098
0.01302055
7.0451883e-06
2.2487325e-05
4.0948814e-05
6.3006188e-05
8.9340152e-05
0.00012075188
0.00015818082
0.00020272357
0.00025565324
0.00031843829
0.00039275923
0.00048052124
0.00058385974
0.00070513565
0.00084691618
0.0010119371
0.001203043
0.0014231027
0.0016749019
0.0019610169
0.0022836804
0.0026446545
0.0030451281
0.0034856552
0.0039661369
0.0044858357
0.0050433909
0.0056367853
0.006263216
0.0069188372
0.0075983785
0.0082946617
0.0089973561
0.0097018378
0.010389674
0.011041065
0.011646017
0.012195495
0.012678553
6.539044e-06
2.0871381e-05
3.8005512e-05
5.8476197e-05
8.2914731e-05
0.00011206402
0.00014679501
0.00018812413
0.00023723121
0.00029547677
0.00036441747
0.00044581787
0.00054165568
0.00065411783
0.0007855837
0.00093859214
0.0011157893
0.0013198564
0.0015534184
0.0018189404
0.0021186208
0.0024542955
0.0028273686
0.0032387794
0.0036890019
0.0041780595
0.004705515
0.0052703863
0.0058709461
0.0065043908
0.0071664104
0.007850723
0.0085483076
0.0092494767
0.0099418754
0.010609267
0.011236176
0.011812366
0.012327997
5.9228661e-06
1.8904344e-05
3.4423098e-05
5.2963232e-05
7.5096178e-05
0.00010149432
0.00013294584
0.00017037049
0.00021483579
0.00026757271
0.00032998984
0.00040368424
0.00049044692
0.00059226042
0.00071128575
0.00084983613
0.0010103356
0.0011952625
0.0014070809
0.0016481646
0.0019207264
0.002226761
0.002568016
0.0029459895
0.0033619471
0.0038169255
0.0043116792
0.0048465182
0.0054210078
0.0060335297
0.0066807629
0.0073571632
0.0080544641
0.0087630261
0.00946983
0.010158903
0.010815415
0.011426757
0.011982124
5.2042079e-06
1.6610324e-05
3.0245486e-05
4.6534885e-05
6.5980379e-05
8.9172469e-05
0.00011680335
0.00014968078
0.00018874246
0.00023506991
0.00028990142
0.00035464218
0.00043087044
0.00052033748
0.00062495982
0.00074680196
0.00088804915
0.0010509716
0.0012378837
0.0014511052
0.0016929333
0.0019656342
0.0022714582
0.002612672
0.0029915831
0.0034105149
0.0038716792
0.0043769008
0.0049271798
0.0055221237
0.0061593337
0.0068338538
0.0075377849
0.0082608844
0.0089899704
0.0097089772
0.010402003
0.011054505
0.011654035
4.3935002e-06
1.4022605e-05
2.5533281e-05
3.9284396e-05
5.5699538e-05
7.5277152e-05
9.8601617e-05
0.0001263551
0.00015932985
0.00019844046
0.00024473542
0.00029940702
0.00036379875
0.00043940885
0.00052788965
0.00063104218
0.00075080734
0.00088925656
0.0010485869
0.0012311278
0.0014393662
0.0016759946
0.0019439752
0.0022465983
0.002587496
0.0029705518
0.0033996526
0.0038782505
0.0044087558
0.0049918328
0.0056257158
0.0063056654
0.0070236646
0.0077687175
0.0085268627
0.0092814349
0.01001519
0.010711633
0.01135645
3.5038042e-06
1.1182884e-05
2.0362397e-05
3.132854e-05
4.4419189e-05
6.0032051e-05
7.863364e-05
0.00010076898
0.00012707183
0.00015827531
0.00019522234
0.00023887589
0.00029032853
0.00035081136
0.00042170309
0.00050454067
0.00060103481
0.00071309504
0.00084287083
0.00099281514
0.0011657734
0.0013650918
0.0015947235
0.0018592892
0.0021640299
0.0025145881
0.0029165721
0.0033749153
0.0038931013
0.0044723731
0.0051110583
0.0058041072
0.0065429037
0.0073154949
0.0081068623
0.0088993865
0.0096744469
0.01041377
0.011101321
2.5500053e-06
8.1386837e-06
1.4819392e-05
2.2800553e-05
3.2328377e-05
4.369294e-05
5.7235001e-05
7.3353545e-05
9.2514109e-05
0.00011525794
0.00014221214
0.00017410121
0.00021176078
0.00025615493
0.00030839983
0.00036979746
0.00044188511
0.00052650733
0.00062591692
0.00074290711
0.00088096723
0.0010444367
0.0012386092
0.0014697195
0.001744742
0.0020709579
0.0024553011
0.0029035558
0.0034195247
0.0040042903
0.0046556607
0.0053678484
0.0061313927
0.0069333786
0.0077577951
0.0085860976
0.0093985181
0.010175387
0.010899346
1.552515e-06
4.9550029e-06
9.0221956e-06
1.3880848e-05
1.9680829e-05
2.6599023e-05
3.4844027e-05
4.4662037e-05
5.6344884e-05
7.0241153e-05
8.6765712e-05
0.00010641267
0.00012978006
0.00015760387
0.00019080711
0.00023057153
0.00027843857
0.00033644497
0.00040729071
0.00049452437
0.00060271206
0.00073753754
0.00090577315
0.0011150716
0.0013735593
0.0016892503
0.0020693371
0.002519436
0.0030428714
0.0036400731
0.0043081412
0.0050405998
0.0058273482
0.0066548382
0.0075064279
0.0083629655
0.0092039471
0.010008809
0.010759356
5.237631e-07
1.6711722e-06
3.0413999e-06
4.6773941e-06
6.6317895e-06
8.9695888e-06
1.1773254e-05
1.5151086e-05
1.9249235e-05
2.4262487e-05
3.0450754e-05
3.8177625e-05
4.7967386e-05
6.057516e-05
7.7073538e-05
9.8959849e-05
0.00012827616
0.00016773325
0.00022082888
0.00029194782
0.00038642476
0.00051054322
0.0006714374
0.00087686548
0.0011348343
0.0014530775
0.0018384199
0.0022960842
0.0028290202
0.0034373257
0.0041178191
0.0048637877
0.0056649238
0.006507467
0.0073745426
0.0082467505
0.0091032633
0.0099231056
0.010687698
0.0064128194
0.0068634093
0.0072918101
0.0076701904
0.0080264658
0.0083522979
0.008656941
0.0089408529
0.0092073699
0.0094579526
0.0096948449
0.0099182064
0.010131834
0.010331459
0.010526804
0.0064554583
0.0069009611
0.0073265016
0.007702389
0.0080568984
0.0083814361
0.0086850862
0.0089682573
0.0092341767
0.0094842506
0.0097206711
0.0099435327
0.010156656
0.010355551
0.010550427
0.0065452368
0.0069822526
0.0074031946
0.0077746541
0.0081258963
0.0084477791
0.0087491954
0.0090304596
0.0092946366
0.0095430476
0.0097777994
0.0099988863
0.010210179
0.010406773
0.010599877
0.0066845601
0.0071097429
0.007524383
0.007889467
0.0082358972
0.0085537071
0.0088515804
0.0091296934
0.0093908986
0.0096364001
0.0098681906
0.010086126
0.01029416
0.010486768
0.010676697
0.0068748467
0.0072850148
0.0076917509
0.0080485596
0.0083886252
0.0087009199
0.0089938999
0.0092675637
0.0095245059
0.0097657834
0.0099932488
0.010206581
0.010409856
0.010596724
0.010782008
0.0071164329
0.0075086469
0.0079060398
0.0082527721
0.0085849431
0.0088902891
0.0091770127
0.0094449031
0.0096962566
0.0099319554
0.010153691
0.010360933
0.010557914
0.01073727
0.010916411
0.0074085338
0.0077801239
0.0081669591
0.0085019363
0.0088247274
0.0091217279
0.0094008466
0.0096616407
0.0099060735
0.01013483
0.010349427
0.010549095
0.010738253
0.010908366
0.011079886
0.0077492349
0.0080977607
0.0084731472
0.0087947912
0.0091067715
0.0093940893
0.0096642937
0.0099166955
0.010152899
0.010373375
0.010579453
0.010770109
0.010949977
0.011109219
0.011271712
0.0081355147
0.0084585696
0.0088221775
0.0091289274
0.0094287244
0.0097051012
0.009965142
0.010207907
0.010434622
0.010645535
0.010841785
0.011022087
0.011191304
0.011338211
0.011490402
0.0085633663
0.0088613037
0.0092106402
0.0095007515
0.0097870666
0.010051341
0.010300048
0.010532003
0.010748048
0.010948205
0.011133426
0.011302169
0.011459531
0.011592873
0.011733664
0.0090291014
0.009303438
0.0096323916
0.0099054569
0.010177141
0.010428258
0.010664558
0.010884628
0.011088922
0.011277247
0.011450382
0.011606538
0.011751048
0.011869876
0.011998402
0.0095247561
0.0097727728
0.010081651
0.010337159
0.010593229
0.010830245
0.011053184
0.011260406
0.011451997
0.011627563
0.011787726
0.011930485
0.012061391
0.01216509
0.012280755
0.010041538
0.010259807
0.0105518
0.010788929
0.011028631
0.011250776
0.011459535
0.011653087
0.011831174
0.011993225
0.012139735
0.012268533
0.012385355
0.012473675
0.012576181
0.010572349
0.010760861
0.011034532
0.011253102
0.011475892
0.011682584
0.011876523
0.012055746
0.012219698
0.012367672
0.012500071
0.012614608
0.012717165
0.012790234
0.012879587
0.011108058
0.011267796
0.011521661
0.011721585
0.011927074
0.012117936
0.012296608
0.012461032
0.012610411
0.012743959
0.012862027
0.012962277
0.013050683
0.013109007
0.013185511
0.011638808
0.011771185
0.012004421
0.012185979
0.01237403
0.012548932
0.012712116
0.012861478
0.012996056
0.013115052
0.013218811
0.013305019
0.013379675
0.013424107
0.013488336
0.012154275
0.012261435
0.0124739
0.012637896
0.012808742
0.012967843
0.01311557
0.013249834
0.013369603
0.013474144
0.013563857
0.013636525
0.013698093
0.013729788
0.01378254
0.012644009
0.012729215
0.012921463
0.01306934
0.01322367
0.013367463
0.013500041
0.013619405
0.013724578
0.013814985
0.01389114
0.013951
0.014000361
0.01402071
0.014062943
0.013097761
0.013165777
0.013339144
0.013473054
0.013612099
0.013741441
0.013859463
0.013964362
0.014055366
0.014132173
0.014195465
0.014243443
0.014281647
0.014292198
0.01432496
0.013505968
0.013563397
0.013720029
0.013842852
0.013968437
0.014084564
0.014188902
0.014279998
0.014357466
0.014421402
0.014472704
0.014509878
0.014538086
0.01454046
0.01456481
0.013860413
0.013916261
0.014058944
0.014174086
0.014288576
0.01439304
0.014484792
0.014562928
0.01462767
0.014679632
0.014719966
0.014747518
0.014766941
0.014762739
0.014779679
0.014152941
0.014220756
0.014353169
0.014464154
0.014570231
0.01466473
0.014745096
0.014811228
0.014864176
0.01490519
0.014935684
0.014954844
0.014966677
0.014957409
0.014967805
0.014371624
0.014469998
0.014599176
0.014710516
0.014811681
0.014898388
0.014968856
0.015024155
0.015066427
0.015097672
0.01511955
0.015131561
0.015136939
0.015123961
0.015128486
0.014494506
0.014639531
0.014781722
0.014903568
0.015007321
0.015090922
0.015154482
0.015201041
0.015234361
0.015257419
0.015272143
0.015278336
0.015278361
0.015262917
0.01526197
0.010714875
0.010898982
0.011092522
0.011280914
0.011470529
0.011656852
0.011840699
0.012020312
0.012196356
0.012366231
0.012533526
0.012689602
0.01285224
0.01297721
0.01317599
0.010736486
0.010917632
0.011108771
0.011294948
0.011482592
0.011667189
0.011849519
0.012027815
0.012202718
0.012371611
0.012538062
0.012693423
0.012855437
0.012979944
0.013178047
0.010781406
0.010956423
0.011142584
0.011324167
0.011507721
0.011688731
0.011867909
0.012043465
0.012215993
0.012382843
0.012547531
0.012701406
0.012862115
0.012985652
0.01318235
0.010851066
0.011016655
0.011195139
0.011369629
0.011546855
0.011722305
0.011896592
0.012067891
0.012236723
0.012400392
0.012562335
0.01271389
0.012872561
0.012994575
0.013189094
0.010946547
0.011099374
0.011267418
0.011432245
0.011600825
0.011768665
0.011936241
0.012101688
0.012265432
0.012424715
0.012582868
0.012731216
0.012887063
0.01300696
0.013198479
0.0110685
0.011205299
0.011360154
0.011512745
0.011670334
0.011828468
0.011987462
0.012145408
0.012302614
0.012456249
0.012609514
0.012753719
0.012905908
0.013023047
0.01321071
0.011217051
0.011334751
0.011473769
0.01161162
0.011755903
0.011902239
0.012050768
0.012199533
0.012348714
0.012495401
0.012642638
0.012781725
0.012929372
0.013043074
0.013226023
0.011391732
0.011487588
0.011608314
0.011729081
0.011857839
0.011990345
0.012126549
0.012264459
0.01240412
0.012542536
0.012682578
0.012815537
0.01295772
0.01306728
0.013244672
0.011591413
0.011663142
0.011763421
0.011865005
0.011976194
0.012092956
0.012215051
0.012340475
0.012469137
0.012597961
0.012729628
0.012855434
0.012991199
0.013095892
0.013266884
0.011814265
0.011860173
0.011938253
0.012018896
0.012110725
0.012210013
0.012316348
0.01242774
0.012543977
0.012661915
0.012784038
0.01290166
0.013030027
0.013129122
0.013292876
0.012057743
0.012076843
0.012131473
0.012189847
0.012260859
0.012341197
0.012430308
0.012526256
0.012628732
0.012734549
0.012845992
0.012954414
0.013074395
0.013167202
0.013322855
0.012318602
0.012310706
0.012341225
0.012376519
0.012425671
0.012485907
0.012556576
0.012635851
0.012723363
0.012815913
0.012915601
0.013013839
0.013124475
0.013210344
0.013356997
0.012592958
0.012558738
0.012565142
0.01257713
0.01260386
0.012643232
0.012694551
0.012756158
0.012827678
0.012905943
0.012992886
0.013080011
0.013180391
0.013258684
0.013395448
0.012876383
0.012817386
0.012800374
0.012789458
0.012793751
0.01281194
0.012843361
0.012886592
0.012941312
0.013004437
0.013077769
0.013152932
0.013242222
0.013312333
0.013438313
0.013164044
0.013082663
0.01304364
0.013010879
0.012993301
0.012990482
0.013001868
0.013026346
0.013063719
0.013111054
0.013170056
0.013232519
0.01331002
0.013371354
0.013485666
0.013450883
0.013350266
0.01329132
0.013238414
0.013200128
0.013176996
0.013168659
0.013174377
0.013194158
0.01322529
0.013269432
0.013318604
0.013383752
0.013435741
0.01353755
0.013731818
0.013615734
0.013539561
0.013468805
0.013411557
0.013369339
0.013342057
0.013329413
0.013331691
0.013346478
0.013375442
0.013410914
0.013463269
0.013505422
0.013593961
0.014001966
0.013874623
0.013784414
0.013698617
0.013624693
0.013565123
0.013520148
0.013489956
0.013475182
0.013473784
0.013487495
0.013509054
0.013548326
0.013580254
0.013654848
0.014256869
0.014122695
0.014021989
0.013924355
0.013836499
0.013761783
0.01370082
0.013654311
0.013623308
0.0136062
0.013604855
0.013612504
0.013638581
0.013660016
0.013720107
0.014492693
0.014356102
0.014248614
0.014142595
0.014043906
0.013956641
0.013881805
0.013820615
0.013774573
0.013742567
0.013726639
0.013720618
0.013733588
0.013744401
0.013789578
0.014706399
0.014571567
0.014460993
0.014350126
0.014243921
0.014147003
0.014060754
0.013986876
0.013927344
0.013881575
0.013851832
0.013832622
0.013832798
0.013833017
0.013863033
0.014895857
0.014766515
0.014656347
0.014544084
0.014433746
0.014330251
0.014235303
0.014151034
0.014079878
0.014021797
0.013979296
0.013947613
0.01393538
0.013925341
0.013940181
0.015059898
0.014939171
0.014832532
0.014722068
0.014610895
0.014503945
0.014403164
0.014311022
0.014230377
0.014161715
0.014107787
0.014064578
0.01404036
0.014020671
0.014020663
0.015198307
0.015088622
0.014988105
0.014882241
0.014773295
0.014665925
0.014562206
0.014464841
0.014377035
0.014299759
0.014235981
0.014182472
0.01414688
0.014118197
0.014103981
0.014629984
0.015016379
0.015287906
0.015385061
0.015365358
0.015319939
0.015281672
0.015241216
0.015153686
0.014591987
0.014939809
0.015169234
0.015255623
0.0152593
0.015247053
0.015233846
0.015209241
0.015130791
0.014446481
0.014776439
0.015001646
0.015108354
0.015150234
0.015174219
0.015186114
0.015176985
0.015109602
0.014246338
0.014570583
0.014810112
0.014952991
0.01504009
0.015101983
0.015139445
0.015146216
0.015091515
0.014001674
0.014334803
0.014604383
0.01479471
0.01493113
0.015031395
0.015094317
0.015116714
0.015075488
0.013723192
0.014079256
0.014391844
0.01463724
0.014824933
0.014963248
0.015051238
0.015088728
0.015061463
0.013422363
0.013813569
0.014178891
0.014483778
0.014722956
0.014898295
0.015010638
0.015062723
0.015049717
0.013110592
0.013546617
0.013971093
0.014337148
0.014626577
0.014837239
0.014972915
0.015039531
0.015037401
0.012798841
0.013286465
0.013773335
0.01419988
0.014537099
0.014780736
0.014938439
0.015018508
0.015027284
0.012497615
0.013040494
0.013589971
0.014074275
0.014455766
0.014729418
0.014907664
0.015000922
0.015018022
0.012216933
0.012815467
0.013424902
0.013962413
0.014383764
0.014683985
0.014878883
0.014984629
0.015011252
0.011966189
0.012617513
0.013281605
0.013866141
0.014322115
0.014645357
0.014854884
0.0149711
0.015005039
0.011753934
0.012452049
0.013163095
0.01378707
0.014271684
0.014613952
0.014835964
0.014960885
0.014999917
0.011587601
0.012323661
0.013071892
0.013726541
0.014233196
0.014590024
0.014821529
0.014953138
0.014995817
0.011473175
0.012235968
0.013009962
0.013685594
0.014207216
0.014573868
0.014811596
0.014947207
0.014993541
0.011414872
0.012191478
0.012978653
0.013664943
0.014194132
0.014565727
0.014806566
0.014944202
0.014992448
0.014740099
0.014893928
0.01503165
0.015144303
0.015232439
0.015296218
0.015339111
0.015366554
0.015383446
0.015392928
0.015396456
0.015393647
0.015385664
0.015365755
0.015357059
0.015138014
0.015292209
0.015398036
0.015468032
0.015511474
0.015533585
0.015541935
0.015542224
0.015538104
0.015531011
0.015520937
0.015506901
0.015489037
0.015463203
0.015445504
0.015406293
0.015521372
0.015593115
0.01563516
0.015658423
0.015669087
0.015671667
0.015668308
0.015660668
0.015649477
0.015634091
0.015614702
0.015591895
0.015564315
0.015541276
0.01548875
0.015562196
0.015613954
0.015650673
0.015677122
0.01569499
0.015704517
0.015708233
0.01570455
0.015696759
0.015684179
0.015668291
0.015649824
0.015628683
0.015608592
0.01544192
0.015483635
0.015519374
0.015549345
0.015573839
0.015593156
0.015607791
0.015618035
0.015624548
0.01562754
0.015627618
0.015625365
0.015621032
0.015615083
0.015607767
0.015369017
0.015389854
0.015410086
0.015429028
0.015446383
0.0154622
0.015476506
0.015489297
0.015500572
0.015510363
0.015518712
0.015525662
0.015531298
0.015535889
0.015538765
0.015312169
0.015321918
0.015332149
0.015342424
0.015352544
0.015362509
0.015372301
0.015381871
0.015391169
0.015400152
0.01540879
0.015417054
0.015424926
0.015432454
0.015439172
0.015261806
0.015266137
0.015271036
0.01527621
0.015281531
0.015287029
0.015292723
0.015298605
0.015304664
0.015310894
0.015317282
0.015323822
0.015330495
0.015337308
0.01534408
0.015169989
0.015172382
0.015175195
0.015178223
0.015181401
0.015184759
0.01518832
0.015192088
0.015196065
0.015200256
0.015204665
0.015209292
0.015214138
0.015219181
0.015224589
0.015297188
0.015198624
0.01510507
0.015005255
0.014900607
0.01479532
0.014691484
0.014591898
0.014499981
0.014417063
0.014346244
0.014285017
0.014240375
0.014204407
0.014178536
0.015390347
0.01530516
0.015220242
0.0151286
0.015030435
0.014929309
0.01482726
0.014727087
0.014632374
0.014544776
0.014467487
0.014398765
0.014344954
0.014301329
0.014263107
0.015496718
0.015432873
0.015363575
0.01528706
0.01520233
0.015111579
0.015016561
0.014919895
0.014825174
0.014734342
0.014650575
0.014573227
0.014507631
0.014453301
0.01439767
0.01558141
0.015546251
0.015502488
0.015450965
0.01539063
0.015321643
0.015244886
0.015162281
0.01507691
0.014990501
0.014905755
0.014823239
0.014747046
0.014681003
0.014604023
0.015600157
0.015590227
0.015574712
0.01555258
0.015523544
0.015487705
0.015445166
0.015393301
0.015335017
0.01527083
0.015201918
0.015129153
0.015054938
0.014986905
0.014894767
0.015542184
0.015546637
0.015548795
0.015546981
0.015541756
0.01553308
0.015519739
0.015502023
0.01548
0.015452292
0.01542046
0.015382669
0.015339046
0.015294313
0.015219815
0.015446231
0.015454391
0.015462168
0.015469044
0.015474935
0.015479568
0.01548254
0.015483599
0.015481272
0.015477383
0.01547037
0.015460133
0.015448665
0.015436031
0.015413488
0.015350809
0.015358286
0.015366034
0.0153738
0.015381621
0.015389376
0.015396848
0.015403894
0.015410384
0.015416072
0.015420799
0.015424397
0.015426831
0.015427661
0.015426135
0.01522939
0.015235104
0.015240972
0.015247161
0.015253804
0.015260809
0.01526803
0.015275324
0.015282529
0.015289446
0.015295867
0.01530164
0.015306792
0.015311155
0.015316749
)
;

boundaryField
{
    inlet
    {
        type            calculated;
        value           uniform 0.015;
    }
    outlet
    {
        type            calculated;
        value           nonuniform List<scalar> 
66
(
0.01317599
0.013178047
0.01318235
0.013189094
0.013198479
0.01321071
0.013226023
0.013244672
0.013266884
0.013292876
0.013322855
0.013356997
0.013395448
0.013438313
0.013485666
0.01353755
0.013593961
0.013654848
0.013720107
0.013789578
0.013863033
0.013940181
0.014020663
0.014103981
0.014178536
0.014263107
0.01439767
0.014604023
0.014894767
0.015219815
0.015413488
0.015426135
0.015316749
0.01317599
0.013178047
0.01318235
0.013189094
0.013198479
0.01321071
0.013226023
0.013244672
0.013266884
0.013292876
0.013322855
0.013356997
0.013395448
0.013438313
0.013485666
0.01353755
0.013593961
0.013654848
0.013720107
0.013789578
0.013863033
0.013940181
0.014020663
0.014103981
0.014178536
0.014263107
0.01439767
0.014604023
0.014894767
0.015219815
0.015413488
0.015426135
0.015316749
)
;
    }
    cylinder
    {
        type            calculated;
        value           uniform 0;
    }
    frontAndBack
    {
        type            empty;
    }
}


// ************************************************************************* //
