/*--------------------------------*- C++ -*----------------------------------*\
  =========                 |
  \\      /  F ield         | OpenFOAM: The Open Source CFD Toolbox
   \\    /   O peration     | Website:  https://openfoam.org
    \\  /    A nd           | Version:  14
     \\/     M anipulation  |
\*---------------------------------------------------------------------------*/
FoamFile
{
    format      ascii;
    class       volScalarField;
    location    "5000";
    object      p;
}
// * * * * * * * * * * * * * * * * * * * * * * * * * * * * * * * * * * * * * //

dimensions      [0 2 -2 0 0 0 0];

internalField   nonuniform List<scalar> 
5388
(
-0.00031524434
-0.00031498933
-0.00031464748
-0.00031426049
-0.00031380273
-0.00031325433
-0.00031259813
-0.00031181412
-0.0003108782
-0.00030976191
-0.00030843194
-0.0003068495
-0.00030496964
-0.0003027407
-0.00030010387
-0.000296993
-0.00029333482
-0.00028904976
-0.00028405363
-0.00027826036
-0.00027158619
-0.00026395544
-0.00025530778
-0.00024560679
-0.00023484908
-0.00022307261
-0.00021036282
-0.00019685478
-0.0001827302
-0.00016820902
-0.00015353411
-0.00013896157
-0.0001247165
-0.00011105779
-9.8030343e-05
-8.6136704e-05
-7.4470986e-05
-6.545439e-05
-5.3990653e-05
-0.00031516185
-0.00031490654
-0.00031456442
-0.00031417699
-0.00031371868
-0.0003131696
-0.00031251256
-0.00031172751
-0.00031079028
-0.00030967238
-0.00030834042
-0.00030675552
-0.00030487263
-0.00030264
-0.00029999871
-0.00029688255
-0.00029321818
-0.00028892606
-0.00028392204
-0.00027812026
-0.00027143723
-0.00026379766
-0.0002551417
-0.00024543349
-0.00023467019
-0.00022289028
-0.00021017964
-0.00019667362
-0.000182554
-0.00016804055
-0.00015337588
-0.00013881557
-0.00012458424
-0.00011093924
-9.7927523e-05
-8.6047005e-05
-7.439169e-05
-6.5417866e-05
-5.3849952e-05
-0.00031503318
-0.00031477662
-0.00031443297
-0.00031404354
-0.00031358283
-0.0003130309
-0.00031237047
-0.00031158138
-0.00031063937
-0.00030951581
-0.00030817717
-0.00030658443
-0.0003046924
-0.00030244918
-0.00029979575
-0.00029666581
-0.00029298605
-0.00028867701
-0.0002836548
-0.0002778339
-0.00027113144
-0.00026347284
-0.0002547992
-0.00024507571
-0.00023430065
-0.00022251356
-0.00020980116
-0.00019629936
-0.00018219007
-0.00016769275
-0.00015304935
-0.00013851458
-0.00012431169
-0.00011069558
-9.7715697e-05
-8.5864347e-05
-7.4227016e-05
-6.5347937e-05
-5.3560434e-05
-0.0003148308
-0.00031457205
-0.00031422572
-0.00031383282
-0.00031336799
-0.0003128112
-0.00031214503
-0.00031134916
-0.00031039919
-0.00030926628
-0.00030791676
-0.00030631137
-0.00030440475
-0.00030214482
-0.00029947239
-0.00029632107
-0.00029261755
-0.00028828248
-0.00028323231
-0.00027738211
-0.00027064984
-0.00026296212
-0.00025426149
-0.00024451479
-0.00023372202
-0.00022192434
-0.0002092098
-0.00019571512
-0.00018162247
-0.00016715073
-0.00015254087
-0.00013804637
-0.00012388793
-0.00011031743
-9.7386551e-05
-8.5582283e-05
-7.397071e-05
-6.5241237e-05
-5.3110988e-05
-0.000314536
-0.00031427419
-0.0003139241
-0.00031352636
-0.00031305576
-0.00031249216
-0.00031181793
-0.00031101255
-0.00031005137
-0.00030890532
-0.00030754045
-0.00030591724
-0.00030399005
-0.00030170655
-0.00029900739
-0.00029582607
-0.00029208934
-0.00028771811
-0.00028262932
-0.00027673888
-0.00026996596
-0.00026223877
-0.0002535018
-0.00024372413
-0.0002329081
-0.00022109707
-0.00020838088
-0.00019489737
-0.00018082897
-0.00016639376
-0.00015183133
-0.00013739372
-0.00012329743
-0.00010979112
-9.6928115e-05
-8.5190232e-05
-7.3614583e-05
-6.5088506e-05
-5.2495697e-05
-0.00031411226
-0.00031384651
-0.00031349161
-0.00031308764
-0.00031260964
-0.00031203729
-0.00031135271
-0.00031053511
-0.00030955955
-0.00030839666
-0.00030701212
-0.00030536609
-0.00030341259
-0.000301099
-0.00029836573
-0.00029514619
-0.00029136719
-0.00028695
-0.00028181224
-0.00027587091
-0.00026904677
-0.00026127009
-0.00025248791
-0.00024267218
-0.00023182819
-0.00022000214
-0.0002072861
-0.00019381932
-0.0001797845
-0.00016539862
-0.00015089943
-0.00013653753
-0.00012252301
-0.00010910147
-9.6327158e-05
-8.4676211e-05
-7.3149835e-05
-6.4877832e-05
-5.1711614e-05
-0.00031351406
-0.00031324354
-0.00031288283
-0.0003124713
-0.00031198431
-0.00031140134
-0.0003107042
-0.00030987178
-0.00030887878
-0.00030769544
-0.00030628706
-0.00030461336
-0.00030262796
-0.00030027789
-0.00029750331
-0.00029423753
-0.00029040749
-0.00028593492
-0.00028073831
-0.00027473605
-0.00026785087
-0.00026001563
-0.00025118048
-0.00024132087
-0.00023044577
-0.00021860474
-0.0002058926
-0.00019245021
-0.00017846057
-0.00016413903
-0.00014972118
-0.00013545644
-0.00012154555
-0.00010823161
-9.5568954e-05
-8.4026729e-05
-7.2566729e-05
-6.459462e-05
-5.075756e-05
-0.00031267964
-0.0003124036
-0.00031203616
-0.00031161584
-0.00031111838
-0.00031052306
-0.00030981131
-0.00030896164
-0.00030794836
-0.00030674126
-0.00030530516
-0.00030359932
-0.00030157691
-0.00029918456
-0.00029636214
-0.00029304289
-0.00028915393
-0.00028461756
-0.00027935337
-0.00027328144
-0.00026632688
-0.00025842563
-0.00024953158
-0.00023962437
-0.00022871726
-0.00021686379
-0.00020416195
-0.00019075441
-0.00017682443
-0.00016258495
-0.00014826917
-0.00013412643
-0.00012034361
-0.00010716247
-9.4636814e-05
-8.3226357e-05
-7.1854093e-05
-6.4221221e-05
-4.9633343e-05
-0.00031153079
-0.00031124855
-0.00031087362
-0.00031044342
-0.00030993421
-0.000309325
-0.00030859684
-0.00030772781
-0.00030669176
-0.000305458
-0.00030399083
-0.00030224899
-0.00030018514
-0.00029774551
-0.00029486967
-0.00029149081
-0.00028753633
-0.00028292924
-0.00027759044
-0.00027144204
-0.00026441192
-0.00025643968
-0.00024748351
-0.0002375279
-0.00022659104
-0.00021473103
-0.00020204938
-0.00018869075
-0.00017483854
-0.00016070218
-0.00014651269
-0.00013252171
-0.00011889323
-0.00010587248
-9.3511704e-05
-8.2257423e-05
-7.0998874e-05
-6.3736892e-05
-4.8339873e-05
-0.00030996939
-0.00030968045
-0.00030929746
-0.00030885652
-0.0003083345
-0.00030771019
-0.00030696419
-0.00030607412
-0.00030501335
-0.00030375065
-0.00030224978
-0.00030046893
-0.00029836025
-0.00029586952
-0.00029293609
-0.00028949312
-0.00028546839
-0.00028078581
-0.00027536782
-0.00026913887
-0.00026203011
-0.00025398524
-0.0002449674
-0.00023496653
-0.00022400637
-0.00021215007
-0.00019950299
-0.00018621184
-0.00017246006
-0.00015845211
-0.00014441868
-0.00013061508
-0.0001171648
-0.00010433647
-9.217184e-05
-8.1099683e-05
-6.9985631e-05
-6.3118212e-05
-4.6885269e-05
-0.00030787509
-0.00030757912
-0.00030718776
-0.0003067355
-0.00030619999
-0.00030555978
-0.00030479502
-0.00030388283
-0.00030279608
-0.00030150301
-0.00029996682
-0.00029814513
-0.0002959896
-0.00029344561
-0.0002904523
-0.0002869429
-0.00028284572
-0.00027808575
-0.00027258724
-0.00026627735
-0.00025909088
-0.00025097618
-0.0002419019
-0.000231864
-0.00022089232
-0.00020905547
-0.00019646286
-0.0001832632
-0.00016963977
-0.00015578923
-0.0001419457
-0.0001283599
-0.00011511587
-0.00010252426
-9.0592175e-05
-7.9729919e-05
-6.8795662e-05
-6.2338662e-05
-4.5294526e-05
-0.00030510343
-0.00030480033
-0.0003044006
-0.00030393685
-0.00030338763
-0.00030273128
-0.00030194748
-0.00030101287
-0.00029989982
-0.00029857604
-0.00029700418
-0.00029514135
-0.00029293872
-0.00029034136
-0.00028728827
-0.00028371292
-0.00027954427
-0.00027470865
-0.00026913241
-0.00026274577
-0.00025548764
-0.00024731149
-0.00023819198
-0.00022813162
-0.00021716679
-0.00020537186
-0.00019286039
-0.00017978289
-0.00016632156
-0.00015265348
-0.00013901215
-0.00012563301
-0.00011272033
-0.0001004062
-8.8744076e-05
-7.8121424e-05
-6.7405724e-05
-6.1362802e-05
-4.3544576e-05
-0.00030148315
-0.00030117289
-0.00030076448
-0.00030028952
-0.00029972699
-0.00029905496
-0.00029825266
-0.00029729631
-0.00029615779
-0.00029480434
-0.0002931981
-0.00029129574
-0.00028904804
-0.00028639985
-0.00028329019
-0.00027965291
-0.00027541789
-0.00027051301
-0.00026486707
-0.00025841369
-0.0002510963
-0.00024287396
-0.00023372779
-0.00022366728
-0.00021273569
-0.00020101341
-0.00018861831
-0.00017570351
-0.00016245122
-0.00014899156
-0.00013550993
-0.00012255974
-0.00011016038
-9.7970431e-05
-8.659586e-05
-7.6243591e-05
-6.5788261e-05
-6.0151878e-05
-4.1609296e-05
-0.00029681677
-0.00029649961
-0.00029608222
-0.0002955969
-0.0002950222
-0.0002943358
-0.00029351656
-0.00029254033
-0.00029137859
-0.00028999815
-0.00028836078
-0.00028642276
-0.00028413466
-0.00028144125
-0.00027828177
-0.00027459068
-0.00027029902
-0.00026533659
-0.00025963495
-0.00025313155
-0.00024577474
-0.00023752956
-0.00022838397
-0.00021835473
-0.0002074922
-0.00019588303
-0.00018365009
-0.0001709522
-0.00015798702
-0.00014487828
-0.00013175455
-0.00011908734
-0.00010698999
-9.5184626e-05
-8.4112462e-05
-7.4061209e-05
-6.3911675e-05
-5.8668671e-05
-3.9504311e-05
-0.00029087069
-0.00029054771
-0.00029012272
-0.00028962863
-0.00028904367
-0.00028834517
-0.00028751172
-0.00028651887
-0.00028533783
-0.0002839351
-0.00028227219
-0.00028030523
-0.00027798474
-0.00027525565
-0.00027205769
-0.00026832623
-0.00026399381
-0.00025899243
-0.00025325682
-0.00024672858
-0.00023936132
-0.00023112636
-0.00022201871
-0.00021206245
-0.00020131486
-0.00018986817
-0.00017784839
-0.00016541218
-0.00015274368
-0.000140012
-0.00012744268
-0.00011505291
-0.00010310661
-9.1883934e-05
-8.123732e-05
-7.1533714e-05
-6.1739418e-05
-5.6871567e-05
-3.7226433e-05
-0.0002833949
-0.00028306769
-0.0002826372
-0.00028213679
-0.00028154446
-0.00028083731
-0.00027999377
-0.00027898923
-0.00027779471
-0.00027637661
-0.00027469638
-0.00027271018
-0.00027036875
-0.00026761746
-0.00026439682
-0.0002606435
-0.0002562919
-0.00025127672
-0.00024553627
-0.00023901679
-0.00023167751
-0.00022349632
-0.00021447534
-0.00020464584
-0.00019407157
-0.00018284961
-0.00017110805
-0.00015900067
-0.00014669938
-0.00013436961
-0.00012216849
-0.00011029228
-9.8901941e-05
-8.8130097e-05
-7.7934954e-05
-6.8618937e-05
-5.9230122e-05
-5.4714474e-05
-3.4758577e-05
-0.00027408885
-0.00027375958
-0.00027332642
-0.000272823
-0.00027222722
-0.00027151613
-0.00027066812
-0.00026965859
-0.00026845862
-0.00026703474
-0.00026534861
-0.00026335677
-0.00026101053
-0.00025825615
-0.0002550354
-0.00025128665
-0.00024694669
-0.00024195328
-0.00023624866
-0.00022978391
-0.00022252407
-0.00021445365
-0.00020558183
-0.00019594687
-0.00018561855
-0.0001746981
-0.00016331497
-0.0001516206
-0.00013977978
-0.00012795404
-0.00011629154
-0.00010497253
-9.4128225e-05
-8.3853432e-05
-7.415537e-05
-6.5269637e-05
-5.6337356e-05
-5.2148017e-05
-3.2077477e-05
-0.00026267776
-0.00026234934
-0.00026191737
-0.0002614154
-0.00026082143
-0.00026011265
-0.00025926761
-0.00025826191
-0.00025706693
-0.00025564955
-0.00025397195
-0.00025199138
-0.00024966008
-0.00024692555
-0.00024373124
-0.00024001773
-0.00023572472
-0.00023079367
-0.00022517145
-0.00021881471
-0.0002116948
-0.00020380305
-0.00019515551
-0.00018579672
-0.00017580149
-0.00016527389
-0.00015434331
-0.00014315743
-0.00013187331
-0.00012064474
-0.00010961248
-9.8922052e-05
-8.8685094e-05
-7.8986076e-05
-6.9842287e-05
-6.1434353e-05
-5.3010413e-05
-4.9120053e-05
-2.9151767e-05
-0.0002487614
-0.00024843729
-0.00024801105
-0.00024751582
-0.00024692998
-0.00024623108
-0.00024539809
-0.00024440711
-0.00024323015
-0.00024183492
-0.0002401846
-0.00023823772
-0.00023594812
-0.00023326532
-0.00023013521
-0.00022650137
-0.00022230703
-0.00021749777
-0.00021202517
-0.00020585115
-0.00019895291
-0.00019132802
-0.00018299885
-0.00017401568
-0.00016445751
-0.00015443011
-0.00014406116
-0.00013349276
-0.00012287227
-0.00011234174
-0.0001020294
-9.2054739e-05
-8.2510171e-05
-7.3465071e-05
-6.4937088e-05
-5.705929e-05
-4.9196298e-05
-4.5577922e-05
-2.5944406e-05
-0.00023215608
-0.0002318409
-0.00023142645
-0.00023094498
-0.00023037548
-0.00022969619
-0.00022888672
-0.00022792395
-0.00022678081
-0.00022542611
-0.00022382437
-0.00022193569
-0.00021971583
-0.00021711659
-0.00021408663
-0.00021057293
-0.00020652285
-0.00020188703
-0.00019662307
-0.00019069974
-0.00018410157
-0.00017683324
-0.00016892322
-0.00016042609
-0.00015142273
-0.00014201785
-0.0001323346
-0.00012250677
-0.00011266964
-0.00010295052
-9.3461402e-05
-8.4299348e-05
-7.5537119e-05
-6.7226316e-05
-5.9380558e-05
-5.2090489e-05
-4.48426e-05
-4.1472616e-05
-2.2425387e-05
-0.00021219486
-0.00021189323
-0.00021149669
-0.00021103616
-0.00021049163
-0.00020984237
-0.00020906907
-0.00020814985
-0.00020705917
-0.00020576769
-0.00020424219
-0.00020244546
-0.00020033646
-0.00019787079
-0.00019500147
-0.00019168039
-0.0001878602
-0.00018349697
-0.00017855358
-0.00017300375
-0.00016683653
-0.00016006073
-0.0001527086
-0.00014483763
-0.00013652988
-0.00012788832
-0.00011903043
-0.00011007999
-0.00010115814
-9.237506e-05
-8.3823908e-05
-7.5579783e-05
-6.7695564e-05
-6.0205041e-05
-5.3113939e-05
-4.6475091e-05
-3.9897277e-05
-3.6744941e-05
-1.8534335e-05
-0.00018924442
-0.00018896316
-0.00018859345
-0.00018816406
-0.00018765633
-0.00018705095
-0.00018632992
-0.00018547282
-0.00018445586
-0.00018325169
-0.00018182933
-0.00018015415
-0.00017818803
-0.00017588983
-0.00017321636
-0.00017012384
-0.00016657014
-0.00016251767
-0.00015793691
-0.00015281038
-0.00014713647
-0.00014093262
-0.00013423733
-0.00012711061
-0.00011963236
-0.00011189858
-0.00010401536
-9.6091185e-05
-8.8228775e-05
-8.0517815e-05
-7.3030095e-05
-6.5818462e-05
-5.8915891e-05
-5.2338896e-05
-4.6082442e-05
-4.0166314e-05
-3.4309556e-05
-3.1275446e-05
-1.3977474e-05
-0.00016158483
-0.0001613292
-0.00016099328
-0.00016060341
-0.00016014275
-0.00015959397
-0.00015894098
-0.00015816571
-0.00015724714
-0.00015616127
-0.00015488117
-0.00015337698
-0.00015161618
-0.00014956411
-0.00014718486
-0.00014444254
-0.00014130307
-0.00013773638
-0.00013371923
-0.00012923835
-0.00012429395
-0.00011890303
-0.00011310195
-0.00010694712
-0.00010051322
-9.3888581e-05
-8.7168208e-05
-8.0445625e-05
-7.3805049e-05
-6.7315268e-05
-6.1026305e-05
-5.4969472e-05
-4.9158899e-05
-4.3595437e-05
-3.8263131e-05
-3.3157892e-05
-2.8081781e-05
-2.4984733e-05
-8.4838704e-06
-0.00013185057
-0.00013162885
-0.00013133766
-0.00013099959
-0.00013060004
-0.00013012395
-0.00012955734
-0.00012888442
-0.00012808685
-0.00012714369
-0.00012603137
-0.00012472378
-0.00012319251
-0.00012140737
-0.00011933732
-0.00011695188
-0.00011422304
-0.00011112783
-0.00010765123
-0.00010378933
-9.9552147e-05
-9.4965585e-05
-9.0071982e-05
-8.4928901e-05
-7.9606011e-05
-7.4180133e-05
-6.8728904e-05
-6.3323907e-05
-5.8024455e-05
-5.2873305e-05
-4.7895152e-05
-4.3098215e-05
-3.8477818e-05
-3.4021041e-05
-2.9705287e-05
-2.5524344e-05
-2.1353409e-05
-1.8342079e-05
-4.6179425e-06
-9.5191208e-05
-9.50135e-05
-9.4780162e-05
-9.45094e-05
-9.4189615e-05
-9.3808864e-05
-9.3356127e-05
-9.2819041e-05
-9.2183307e-05
-9.1432706e-05
-9.0549153e-05
-8.9512817e-05
-8.8302406e-05
-8.6895697e-05
-8.5270353e-05
-8.3405108e-05
-8.1281335e-05
-7.8885005e-05
-7.6208949e-05
-7.3255236e-05
-7.0037341e-05
-6.6581601e-05
-6.2927407e-05
-5.9125609e-05
-5.5234927e-05
-5.1316626e-05
-4.7428193e-05
-4.3617158e-05
-3.9916294e-05
-3.6341227e-05
-3.2891022e-05
-2.9551705e-05
-2.6301997e-05
-2.3119042e-05
-1.9980735e-05
-1.6905968e-05
-1.3843151e-05
-1.1596433e-05
-6.4956497e-06
-5.3195749e-05
-5.306893e-05
-5.2902422e-05
-5.2709496e-05
-5.2482018e-05
-5.2211681e-05
-5.1890951e-05
-5.1511483e-05
-5.1063747e-05
-5.0537111e-05
-4.9919975e-05
-4.9199971e-05
-4.8364303e-05
-4.7400278e-05
-4.6296052e-05
-4.5041604e-05
-4.3629928e-05
-4.2058369e-05
-4.0329997e-05
-3.8454836e-05
-3.6450722e-05
-3.434355e-05
-3.2166596e-05
-2.9958624e-05
-2.7760562e-05
-2.5610896e-05
-2.3540378e-05
-2.1567189e-05
-1.9693806e-05
-1.7906559e-05
-1.617822e-05
-1.4473373e-05
-1.2756126e-05
-1.0995165e-05
-9.164845e-06
-7.3168092e-06
-5.4179143e-06
-3.9197773e-06
-1.4238986e-06
-1.0145932e-05
-1.0077771e-05
-9.9883927e-06
-9.8849465e-06
-9.7632063e-06
-9.6188717e-06
-9.4481163e-06
-9.2467775e-06
-9.0101962e-06
-8.7333164e-06
-8.4108293e-06
-8.0373811e-06
-7.6078906e-06
-7.1180094e-06
-6.56475e-06
-5.9472996e-06
-5.2680074e-06
-4.5334871e-06
-3.7556885e-06
-2.9526788e-06
-2.1487645e-06
-1.3735461e-06
-6.5962024e-07
-3.8943217e-08
4.617487e-07
8.2574166e-07
1.050486e-06
1.1501817e-06
1.1560476e-06
1.1138551e-06
1.0788548e-06
1.1084291e-06
1.2521275e-06
1.5509412e-06
2.0451366e-06
2.6251276e-06
3.329127e-06
3.9549861e-06
5.1380731e-06
3.6291385e-05
3.6295644e-05
3.630098e-05
3.6306671e-05
3.6312659e-05
3.631876e-05
3.6324557e-05
3.6329366e-05
3.633213e-05
3.633127e-05
3.6324469e-05
3.630841e-05
3.6278438e-05
3.6228159e-05
3.6148977e-05
3.6029623e-05
3.5855739e-05
3.5609612e-05
3.5270219e-05
3.481372e-05
3.4214554e-05
3.344727e-05
3.2489183e-05
3.1323879e-05
2.9945332e-05
2.8362076e-05
2.6600446e-05
2.4705782e-05
2.274072e-05
2.0780396e-05
1.890517e-05
1.7191188e-05
1.5696738e-05
1.44754e-05
1.3607984e-05
1.2843345e-05
1.2288966e-05
1.1897038e-05
1.1838279e-05
8.3849444e-05
8.378444e-05
8.3698703e-05
8.3598642e-05
8.3479599e-05
8.3336639e-05
8.3164917e-05
8.2958741e-05
8.2711211e-05
8.2414043e-05
8.2057332e-05
8.1629277e-05
8.1115876e-05
8.0500616e-05
7.97642e-05
7.8884341e-05
7.7835723e-05
7.6590245e-05
7.5117708e-05
7.3387165e-05
7.1369127e-05
6.9038765e-05
6.638001e-05
6.3390177e-05
6.008442e-05
5.6499102e-05
5.2693163e-05
4.8746689e-05
4.475632e-05
4.0827822e-05
3.7066885e-05
3.3567062e-05
3.0389523e-05
2.761802e-05
2.5362189e-05
2.31389e-05
2.1322861e-05
1.9856897e-05
1.8611803e-05
0.00013247235
0.00013233536
0.00013215496
0.00013194491
0.00013169575
0.00013139756
0.00013104084
0.00013061459
0.00013010571
0.00012949875
0.00012877566
0.00012791549
0.00012689408
0.00012568387
0.00012425384
0.00012256971
0.00012059442
0.00011828923
0.00011561536
0.00011253655
0.00010902238
0.00010505245
0.00010062116
9.5742523e-05
9.0454463e-05
8.4821362e-05
7.8933985e-05
7.2905909e-05
6.6866346e-05
6.0950477e-05
5.5288873e-05
4.999056e-05
4.5110233e-05
4.0879548e-05
3.6982152e-05
3.339082e-05
3.0434955e-05
2.7759033e-05
2.5356261e-05
0.00018088472
0.000180674
0.00018039667
0.00018007404
0.00017969176
0.00017923486
0.0001786891
0.00017803815
0.00017726266
0.00017634003
0.00017524409
0.00017394483
0.0001724081
0.00017059555
0.00016846482
0.00016597003
0.00016306284
0.0001596942
0.00015581687
0.00015138902
0.00014637874
0.00014076945
0.00013456565
0.00012779834
0.00012052903
0.00011285123
0.00010488835
9.6787592e-05
8.8709861e-05
8.0817472e-05
7.3260169e-05
6.6147851e-05
5.9467497e-05
5.3744309e-05
4.8432163e-05
4.3633937e-05
3.9380974e-05
3.543834e-05
3.1926049e-05
0.00022830728
0.00022802321
0.00022764943
0.00022721478
0.00022670003
0.00022608519
0.00022535129
0.00022447668
0.0002234358
0.00022219888
0.00022073168
0.00021899511
0.00021694504
0.00021453238
0.00021170342
0.00020840078
0.00020456505
0.0002001372
0.00019506218
0.00018929351
0.00018279897
0.00017556703
0.00016761332
0.00015898635
0.00014977118
0.0001400898
0.00013009721
0.0001199728
0.00010990749
0.00010008719
9.0668994e-05
8.1758603e-05
7.3580105e-05
6.6172014e-05
5.939616e-05
5.3304807e-05
4.777353e-05
4.2751384e-05
3.8195429e-05
0.00027366594
0.00027331054
0.000272843
0.00027229945
0.00027165596
0.00027088764
0.00026997098
0.00026887916
0.00026758062
0.00026603871
0.0002642114
0.00026205091
0.00025950357
0.00025650999
0.00025300572
0.00024892251
0.00024419046
0.00023874122
0.0002325124
0.00022545323
0.00021753133
0.00020874018
0.00019910637
0.00018869558
0.0001776159
0.00016601708
0.0001540847
0.00014202938
0.00013007171
0.00011842447
0.00010727419
9.6784155e-05
8.7175225e-05
7.8025001e-05
6.9670484e-05
6.2375703e-05
5.570741e-05
4.9613896e-05
4.4061308e-05
0.0003160157
0.00031559295
0.00031503686
0.00031439048
0.00031362542
0.00031271217
0.00031162293
0.00031032603
0.00030878423
0.00030695441
0.00030478717
0.00030222657
0.00029920994
0.00029566825
0.00029152695
0.00028670762
0.00028113063
0.00027471903
0.00026740383
0.00025913062
0.00024986736
0.00023961271
0.000228404
0.00021632332
0.00020350047
0.00019011098
0.00017636864
0.00016251237
0.0001487888
0.00013543269
0.00012264802
0.00011060301
9.9454381e-05
8.9077654e-05
7.948868e-05
7.0864016e-05
6.3032362e-05
5.5910637e-05
4.9426782e-05
0.00035437898
0.00035389463
0.00035325751
0.00035251702
0.00035164072
0.00035059487
0.00034934777
0.00034786329
0.00034609905
0.00034400599
0.00034152806
0.00033860186
0.00033515659
0.00033111447
0.00032639184
0.0003209011
0.0003145539
0.00030726561
0.00029896136
0.00028958358
0.00027910068
0.00026751623
0.00025487745
0.00024128153
0.00022687804
0.00021186594
0.00019648437
0.00018099741
0.00016567455
0.00015076929
0.00013649914
0.00012303409
0.00011050105
9.8890329e-05
8.8187048e-05
7.8449897e-05
6.9581941e-05
6.1528026e-05
5.4202202e-05
0.00038788626
0.00038734687
0.00038663554
0.00038581215
0.00038483821
0.00038367581
0.00038228987
0.00038064044
0.00037868058
0.00037635604
0.00037360491
0.00037035725
0.0003665351
0.00036205302
0.00035681936
0.00035073852
0.00034371456
0.00033565621
0.00032648362
0.00031613667
0.00030458442
0.00029183498
0.00027794447
0.0002630234
0.00024723866
0.00023080956
0.00021399716
0.00019708717
0.00018036861
0.0001641109
0.0001485432
0.00013384061
0.00012012064
0.00010740796
9.5697422e-05
8.4997426e-05
7.5233469e-05
6.6367371e-05
5.8308241e-05
0.00041572281
0.00041513566
0.00041435695
0.000413464
0.00041240883
0.00041114911
0.00040964715
0.00040785993
0.00040573671
0.00040321892
0.00040023976
0.00039672387
0.00039258736
0.00038773845
0.00038207886
0.00037550641
0.00036791884
0.00035921942
0.00034932418
0.00033817088
0.00032572911
0.00031201081
0.00029707951
0.00028105688
0.00026412426
0.00024651792
0.000228517
0.00021042506
0.00019254708
0.00017516545
0.00015851874
0.00014278716
0.00012808676
0.00011445663
0.00010189601
9.0392258e-05
7.9884439e-05
7.0344145e-05
6.1676985e-05
0.00043725383
0.00043663029
0.00043579979
0.00043485412
0.00043373722
0.00043240313
0.00043081188
0.00042891776
0.00042666697
0.0004239978
0.00042084004
0.00041711417
0.00041273168
0.00040759588
0.0004016034
0.00039464698
0.00038661961
0.00037742047
0.00036696259
0.00035518228
0.00034204981
0.00032758018
0.0003118428
0.0002949679
0.00027714794
0.00025863206
0.00023971324
0.00022070857
0.00020193517
0.00018368526
0.00016620446
0.00014967703
0.00013421992
0.00011987991
0.000106658
9.4531942e-05
8.3449403e-05
7.3388811e-05
6.4252825e-05
0.00045184164
0.0004511936
0.0004503282
0.00044934783
0.00044819075
0.00044680854
0.00044515971
0.00044319627
0.00044086139
0.00043809119
0.00043481404
0.00043094794
0.00042640104
0.00042107325
0.00041485775
0.00040764376
0.00039932095
0.00038978555
0.00037894838
0.00036674461
0.00035314478
0.00033816593
0.00032188141
0.00030442742
0.00028600405
0.00026686941
0.00024732595
0.00022770004
0.00020831704
0.00018947583
0.00017142679
0.00015435698
0.00013838452
0.00012356013
0.00010988601
9.7335832e-05
8.5862036e-05
7.544758e-05
6.5992753e-05
0.00045938727
0.00045896639
0.00045827203
0.000457419
0.00045634894
0.00045499654
0.0004532666
0.0004510447
0.00044833065
0.00044527154
0.00044187909
0.00043795598
0.00043333146
0.00042790542
0.0004215754
0.00041422975
0.00040575608
0.00039604905
0.00038501843
0.00037259891
0.00035876124
0.00034352354
0.00032696122
0.00030921344
0.00029048417
0.00027103595
0.00025117601
0.00023123536
0.0002115435
0.00019240266
0.00017406561
0.00015672088
0.00014048727
0.00012541718
0.00011151346
9.8748382e-05
8.7076543e-05
7.6483128e-05
6.6866846e-05
-4.8669016e-05
-4.0099291e-05
-3.6146743e-05
-3.0983882e-05
-2.752667e-05
-2.4161375e-05
-2.1408678e-05
-1.8955848e-05
-1.6820406e-05
-1.4943749e-05
-1.3260426e-05
-1.1821062e-05
-1.0417552e-05
-9.4105156e-06
-8.0578115e-06
-4.8727452e-05
-4.0057827e-05
-3.6166172e-05
-3.1009767e-05
-2.7554007e-05
-2.4193085e-05
-2.1436918e-05
-1.898181e-05
-1.6842097e-05
-1.496116e-05
-1.3273233e-05
-1.1829743e-05
-1.0421022e-05
-9.4137702e-06
-8.0465061e-06
-4.8850513e-05
-3.994306e-05
-3.6172737e-05
-3.1010139e-05
-2.7560758e-05
-2.4206146e-05
-2.1447465e-05
-1.8991609e-05
-1.6848712e-05
-1.4964609e-05
-1.3273138e-05
-1.1826764e-05
-1.0412775e-05
-9.4103019e-06
-8.0176368e-06
-4.9028859e-05
-3.973944e-05
-3.6154925e-05
-3.0974495e-05
-2.7538845e-05
-2.4193538e-05
-2.14349e-05
-1.8980871e-05
-1.6836941e-05
-1.4951685e-05
-1.3258462e-05
-1.1811237e-05
-1.039228e-05
-9.4004694e-06
-7.9709065e-06
-4.9255581e-05
-3.944436e-05
-3.6108842e-05
-3.09019e-05
-2.7487375e-05
-2.4155027e-05
-2.139927e-05
-1.8949761e-05
-1.680702e-05
-1.4922622e-05
-1.3229364e-05
-1.1783269e-05
-1.0359546e-05
-9.3840283e-06
-7.9062334e-06
-4.9520626e-05
-3.9058199e-05
-3.6029716e-05
-3.0790605e-05
-2.7404136e-05
-2.4088915e-05
-2.1339113e-05
-1.8896963e-05
-1.6757792e-05
-1.4876381e-05
-1.3184907e-05
-1.1741975e-05
-1.0313889e-05
-9.3599262e-06
-7.8235871e-06
-4.9808221e-05
-3.858309e-05
-3.5911247e-05
-3.0637857e-05
-2.7285849e-05
-2.3992574e-05
-2.1252138e-05
-1.882044e-05
-1.6687496e-05
-1.4811424e-05
-1.312377e-05
-1.1686158e-05
-1.0254485e-05
-9.3268476e-06
-7.7232633e-06
-5.0094306e-05
-3.8017124e-05
-3.5746297e-05
-3.0440716e-05
-2.7128937e-05
-2.3863215e-05
-2.1135941e-05
-1.8718081e-05
-1.6594322e-05
-1.4726184e-05
-1.3044629e-05
-1.1614604e-05
-1.0180566e-05
-9.2833416e-06
-7.6059483e-06
-5.0348724e-05
-3.7336852e-05
-3.5526989e-05
-3.0196564e-05
-2.692956e-05
-2.3697884e-05
-2.0988018e-05
-1.8587699e-05
-1.6476402e-05
-1.461905e-05
-1.2946133e-05
-1.1526057e-05
-1.0091386e-05
-9.2278069e-06
-7.4726891e-06
-5.0565247e-05
-3.6569987e-05
-3.5244794e-05
-2.9903989e-05
-2.6683766e-05
-2.349334e-05
-2.0805683e-05
-1.842696e-05
-1.6331751e-05
-1.4488314e-05
-1.2826859e-05
-1.1419191e-05
-9.9861794e-06
-9.1584994e-06
-7.3248485e-06
-5.0764346e-05
-3.5762357e-05
-3.4851878e-05
-2.9561933e-05
-2.6388048e-05
-2.3246059e-05
-2.0586023e-05
-1.8233365e-05
-1.6158248e-05
-1.4332165e-05
-1.2685302e-05
-1.129261e-05
-9.8641468e-06
-9.0735639e-06
-7.164048e-06
-5.0840804e-05
-3.4873175e-05
-3.4346646e-05
-2.9153948e-05
-2.6037304e-05
-2.2952249e-05
-2.0325907e-05
-1.8004256e-05
-1.5953657e-05
-1.4148699e-05
-1.2519892e-05
-1.1144867e-05
-9.7244514e-06
-8.9710815e-06
-6.9920919e-06
-5.0660654e-05
-3.3866747e-05
-3.378061e-05
-2.8676571e-05
-2.5626571e-05
-2.2607955e-05
-2.0022069e-05
-1.7736878e-05
-1.5715672e-05
-1.3935971e-05
-1.2329024e-05
-1.0974493e-05
-9.5662297e-06
-8.849133e-06
-6.8108753e-06
-5.022267e-05
-3.2798386e-05
-3.313012e-05
-2.8132124e-05
-2.5151711e-05
-2.2209133e-05
-1.967121e-05
-1.7428478e-05
-1.5442011e-05
-1.3692068e-05
-1.2111129e-05
-1.0780062e-05
-9.3886234e-06
-8.7058809e-06
-6.6222818e-06
-4.9507349e-05
-3.1687954e-05
-3.23542e-05
-2.7513556e-05
-2.4607912e-05
-2.1751721e-05
-1.9270156e-05
-1.7076468e-05
-1.5130559e-05
-1.3415236e-05
-1.1864769e-05
-1.056027e-05
-9.1908344e-06
-8.5396695e-06
-6.428077e-06
-4.8447969e-05
-3.0514332e-05
-3.1438267e-05
-2.6814063e-05
-2.3990439e-05
-2.1231952e-05
-1.8816104e-05
-1.6678648e-05
-1.4779563e-05
-1.310404e-05
-1.1588775e-05
-1.0314055e-05
-8.972202e-06
-8.3491392e-06
-6.2298093e-06
-4.6978958e-05
-2.9283432e-05
-3.0372134e-05
-2.6027755e-05
-2.3295509e-05
-2.0646799e-05
-1.8306958e-05
-1.6233493e-05
-1.4387867e-05
-1.2757557e-05
-1.1282401e-05
-1.004072e-05
-8.7322969e-06
-8.1333463e-06
-6.0287239e-06
-4.5033391e-05
-2.8002061e-05
-2.9146429e-05
-2.5148739e-05
-2.2520314e-05
-1.9994095e-05
-1.7741504e-05
-1.5740339e-05
-1.3955093e-05
-1.2375544e-05
-1.0945461e-05
-9.7400597e-06
-8.4710168e-06
-7.8918758e-06
-5.8256996e-06
-4.2544245e-05
-2.6667717e-05
-2.7750963e-05
-2.416883e-05
-2.1662037e-05
-1.9272101e-05
-1.7119237e-05
-1.5199372e-05
-1.3481689e-05
-1.1958501e-05
-1.0578408e-05
-9.4124404e-06
-8.1886561e-06
-7.6249268e-06
-5.6212113e-06
-3.9487187e-05
-2.529298e-05
-2.6189813e-05
-2.3084184e-05
-2.0722057e-05
-1.8482092e-05
-1.6441865e-05
-1.4612492e-05
-1.2969442e-05
-1.1507981e-05
-1.018252e-05
-9.0589244e-06
-7.8859961e-06
-7.333369e-06
-5.4153559e-06
-3.5911834e-05
-2.3982705e-05
-2.4542753e-05
-2.1929976e-05
-1.9726169e-05
-1.7640272e-05
-1.5720183e-05
-1.3987352e-05
-1.2423885e-05
-1.1028045e-05
-9.7607677e-06
-8.6817857e-06
-7.5646072e-06
-7.0188482e-06
-5.2080416e-06
-3.1506065e-05
-2.2745994e-05
-2.2892829e-05
-2.0739429e-05
-1.869924e-05
-1.676361e-05
-1.496658e-05
-1.3333646e-05
-1.1852601e-05
-1.0524566e-05
-9.3175764e-06
-8.2845356e-06
-7.2268899e-06
-6.6838939e-06
-4.9990393e-06
-2.4697968e-05
-2.0462997e-05
-2.063621e-05
-1.9125873e-05
-1.7416182e-05
-1.5726362e-05
-1.4113132e-05
-1.2615849e-05
-1.1237406e-05
-9.9886785e-06
-8.8490537e-06
-7.8664269e-06
-6.8729123e-06
-6.3311046e-06
-4.7860853e-06
-1.438139e-05
-1.5312702e-05
-1.6617253e-05
-1.6353298e-05
-1.5439173e-05
-1.4276816e-05
-1.3013514e-05
-1.1746528e-05
-1.0524543e-05
-9.3870893e-06
-8.3352185e-06
-7.4161238e-06
-6.4964629e-06
-5.9606564e-06
-4.562772e-06
-7.4800215e-06
-6.139304e-06
-5.5312834e-06
-4.6174024e-06
-3.9468184e-06
-3.2763466e-06
-2.6930487e-06
-2.1807739e-06
-1.7034012e-06
-1.3474275e-06
-9.2982409e-07
-7.8910954e-07
-2.6094997e-07
-6.3742007e-07
8.0372137e-07
-7.486538e-06
-6.1315328e-06
-5.5281995e-06
-4.6154692e-06
-3.9450162e-06
-3.2753034e-06
-2.6922571e-06
-2.1802248e-06
-1.7030671e-06
-1.3471356e-06
-9.2975619e-07
-7.8886252e-07
-2.6122687e-07
-6.3806118e-07
7.9790305e-07
-7.4987501e-06
-6.114673e-06
-5.5217616e-06
-4.6111458e-06
-3.9411573e-06
-3.2730042e-06
-2.6905216e-06
-2.1790194e-06
-1.7023115e-06
-1.3465033e-06
-9.2956584e-07
-7.8835606e-07
-2.6173729e-07
-6.3932795e-07
7.8820059e-07
-7.5169554e-06
-6.0880969e-06
-5.5116727e-06
-4.6041767e-06
-3.9350703e-06
-3.2693191e-06
-2.6877519e-06
-2.177094e-06
-1.7010886e-06
-1.3455013e-06
-9.2923169e-07
-7.8757431e-07
-2.6247766e-07
-6.4113145e-07
7.755783e-07
-7.5407039e-06
-6.0515829e-06
-5.4975279e-06
-4.594377e-06
-3.9265887e-06
-3.2641317e-06
-2.6838674e-06
-2.1743903e-06
-1.6993606e-06
-1.3441005e-06
-9.2874197e-07
-7.8649308e-07
-2.634602e-07
-6.4331808e-07
7.6004144e-07
-7.5689325e-06
-6.0051518e-06
-5.4788483e-06
-4.5815712e-06
-3.9155385e-06
-3.2573178e-06
-2.6787826e-06
-2.1708452e-06
-1.6970861e-06
-1.3422695e-06
-9.2808315e-07
-7.8508564e-07
-2.6469446e-07
-6.4567873e-07
7.4300095e-07
-7.6000504e-06
-5.9490647e-06
-5.4550967e-06
-4.5655886e-06
-3.901741e-06
-3.2487451e-06
-2.6724079e-06
-2.166392e-06
-1.694221e-06
-1.339975e-06
-9.2723971e-07
-7.8332362e-07
-2.6618766e-07
-6.4799829e-07
7.2578163e-07
-7.6319118e-06
-5.883833e-06
-5.4256889e-06
-4.5462611e-06
-3.8850169e-06
-3.2382747e-06
-2.6646505e-06
-2.1609605e-06
-1.6907186e-06
-1.3371825e-06
-9.2619491e-07
-7.8117675e-07
-2.6795035e-07
-6.5005723e-07
7.0684897e-07
-7.6617863e-06
-5.8102008e-06
-5.390009e-06
-4.5234154e-06
-3.8651868e-06
-3.2257599e-06
-2.6554145e-06
-2.1544771e-06
-1.6865298e-06
-1.3338562e-06
-9.2493087e-07
-7.786125e-07
-2.6998589e-07
-6.5109684e-07
6.8458208e-07
-7.6863611e-06
-5.7291065e-06
-5.3474308e-06
-4.49686e-06
-3.8420721e-06
-3.2110442e-06
-2.6445991e-06
-2.146864e-06
-1.6816025e-06
-1.3299585e-06
-9.2342824e-07
-7.7559708e-07
-2.7230354e-07
-6.4843399e-07
6.5922435e-07
-7.701782e-06
-5.6416226e-06
-5.2973431e-06
-4.4663702e-06
-3.8154941e-06
-3.1939596e-06
-2.6320979e-06
-2.1380383e-06
-1.6758811e-06
-1.3254497e-06
-9.2166592e-07
-7.7210106e-07
-2.7498683e-07
-6.3957256e-07
6.3204605e-07
-7.7037391e-06
-5.5488763e-06
-5.2391784e-06
-4.4316722e-06
-3.7852736e-06
-3.1743233e-06
-2.6177966e-06
-2.127911e-06
-1.6693051e-06
-1.3202882e-06
-9.1962048e-07
-7.6811113e-07
-2.7813647e-07
-6.2541618e-07
6.0750302e-07
-7.6876051e-06
-5.451951e-06
-5.1724428e-06
-4.3924276e-06
-3.7512271e-06
-3.1519362e-06
-2.601571e-06
-2.1163852e-06
-1.6618087e-06
-1.314429e-06
-9.1726533e-07
-7.6361451e-07
-2.8137715e-07
-6.0890536e-07
5.8796874e-07
-7.6486324e-06
-5.351778e-06
-5.0967439e-06
-4.3482207e-06
-3.7131638e-06
-3.1265801e-06
-2.5832836e-06
-2.103355e-06
-1.653319e-06
-1.3078237e-06
-9.145714e-07
-7.5861158e-07
-2.8349506e-07
-5.9182898e-07
5.6911929e-07
-7.582204e-06
-5.2490261e-06
-5.011814e-06
-4.2985517e-06
-3.6708797e-06
-3.0980164e-06
-2.5627817e-06
-2.0887029e-06
-1.6437545e-06
-1.3004191e-06
-9.1151362e-07
-7.5314195e-07
-2.840855e-07
-5.7437043e-07
5.4730274e-07
-7.4841288e-06
-5.1440036e-06
-4.9175263e-06
-4.2428392e-06
-3.6241524e-06
-3.0659862e-06
-2.539894e-06
-2.0722988e-06
-1.6330238e-06
-1.2921564e-06
-9.0807655e-07
-7.4724167e-07
-2.846187e-07
-5.5644443e-07
5.2218554e-07
-7.3509579e-06
-5.0365866e-06
-4.8138986e-06
-4.1804323e-06
-3.5727359e-06
-3.0302114e-06
-2.5144292e-06
-2.0539973e-06
-1.6210232e-06
-1.2829696e-06
-9.0423825e-07
-7.409072e-07
-2.8616042e-07
-5.3796349e-07
4.9398278e-07
-7.1802905e-06
-4.9261891e-06
-4.7010864e-06
-4.1106359e-06
-3.5163568e-06
-2.9903987e-06
-2.4861745e-06
-2.0336372e-06
-1.6076357e-06
-1.2727843e-06
-8.9996618e-07
-7.3412425e-07
-2.8864595e-07
-5.1889638e-07
4.6276177e-07
-6.9710295e-06
-4.8117866e-06
-4.5793626e-06
-4.0327471e-06
-3.4547154e-06
-2.9462464e-06
-2.4548977e-06
-2.0110406e-06
-1.5927299e-06
-1.2615173e-06
-8.9521516e-07
-7.2687332e-07
-2.9205169e-07
-4.9927607e-07
4.2854762e-07
-6.723524e-06
-4.6920042e-06
-4.4490875e-06
-3.9461013e-06
-3.3874925e-06
-2.8974544e-06
-2.4203517e-06
-1.9860148e-06
-1.5761602e-06
-1.2490755e-06
-8.8992559e-07
-7.1912808e-07
-2.965054e-07
-4.7926344e-07
3.9137743e-07
-6.4395575e-06
-4.5652756e-06
-4.3106712e-06
-3.8501095e-06
-3.3143554e-06
-2.8437301e-06
-2.3822743e-06
-1.9583482e-06
-1.5577631e-06
-1.2353512e-06
-8.8401701e-07
-7.1082587e-07
-3.0169066e-07
-4.5895825e-07
3.5129657e-07
-6.1224607e-06
-4.4299755e-06
-4.1645498e-06
-3.7442681e-06
-3.2349388e-06
-2.7847733e-06
-2.3403702e-06
-1.927788e-06
-1.5373364e-06
-1.2202063e-06
-8.7737091e-07
-7.0179957e-07
-3.0667517e-07
-4.373774e-07
3.0869079e-07
-5.7783706e-06
-4.2840645e-06
-4.0112736e-06
-3.6282668e-06
-3.1488602e-06
-2.7203198e-06
-2.294344e-06
-1.8940648e-06
-1.5146476e-06
-1.203498e-06
-8.6983913e-07
-6.9214793e-07
-3.1011716e-07
-4.1345737e-07
2.6470108e-07
-5.4163723e-06
-4.1244839e-06
-3.8517238e-06
-3.5026209e-06
-3.0561893e-06
-2.6505702e-06
-2.2442931e-06
-1.8572377e-06
-1.4897079e-06
-1.1853163e-06
-8.6142427e-07
-6.8127249e-07
-3.1302407e-07
-3.8768815e-07
2.2078958e-07
-1.0514431e-05
-5.3636414e-06
-1.7089612e-06
5.6007028e-07
1.787352e-06
2.5004677e-06
2.8781899e-06
2.9840404e-06
3.1862125e-06
-1.6774428e-06
5.8407671e-07
2.1320634e-06
3.0898686e-06
3.4768216e-06
3.6252743e-06
3.6281156e-06
3.5091818e-06
3.6556085e-06
4.7730604e-06
5.5829032e-06
5.7498521e-06
5.6223526e-06
5.2018686e-06
4.7622534e-06
4.373785e-06
4.0202817e-06
4.1192241e-06
1.0847895e-05
1.0360203e-05
9.3066247e-06
8.1357266e-06
6.9078639e-06
5.8821776e-06
5.1060862e-06
4.5251659e-06
4.583183e-06
1.6847243e-05
1.5093543e-05
1.2832592e-05
1.0615395e-05
8.5782803e-06
6.9740283e-06
5.8172861e-06
5.0223639e-06
5.038337e-06
2.2689479e-05
1.9716124e-05
1.6275614e-05
1.3026377e-05
1.0192932e-05
8.0258264e-06
6.5011254e-06
5.5128496e-06
5.469392e-06
2.8293153e-05
2.4154472e-05
1.9581018e-05
1.533364e-05
1.1731739e-05
9.0258521e-06
7.1523519e-06
5.9887221e-06
5.8507947e-06
3.3590314e-05
2.8348848e-05
2.2701322e-05
1.7505449e-05
1.3175804e-05
9.9632838e-06
7.7647447e-06
6.4297109e-06
6.1970832e-06
3.8513224e-05
3.2242774e-05
2.5593026e-05
1.9512852e-05
1.4507557e-05
1.0827447e-05
8.3269597e-06
6.8271574e-06
6.5266627e-06
4.2993949e-05
3.5782066e-05
2.8216126e-05
2.1329592e-05
1.5710741e-05
1.1606836e-05
8.8242517e-06
7.1797336e-06
6.8355405e-06
4.6967696e-05
3.8916472e-05
3.0534549e-05
2.2932216e-05
1.6770433e-05
1.2290373e-05
9.260057e-06
7.4951162e-06
7.1108616e-06
5.0375522e-05
4.1600974e-05
3.2516558e-05
2.4300126e-05
1.7674e-05
1.2873041e-05
9.6403499e-06
7.7691565e-06
7.3407241e-06
5.3166086e-05
4.379676e-05
3.4135177e-05
2.5415845e-05
1.8410587e-05
1.3348349e-05
9.9524908e-06
7.9888396e-06
7.5248803e-06
5.5296896e-05
4.5471905e-05
3.5368404e-05
2.62651e-05
1.8971047e-05
1.3710058e-05
1.0189197e-05
8.1531034e-06
7.664674e-06
5.6734707e-05
4.6601303e-05
3.6198776e-05
2.6836293e-05
1.9347742e-05
1.395299e-05
1.0347266e-05
8.2645922e-06
7.7585021e-06
5.7456092e-05
4.716704e-05
3.6613611e-05
2.7120707e-05
1.9534616e-05
1.4072908e-05
1.0424454e-05
8.320045e-06
7.8045756e-06
-1.609473e-05
-1.770473e-05
-1.741859e-05
-1.624353e-05
-1.4888904e-05
-1.3553815e-05
-1.2264446e-05
-1.1039381e-05
-9.8861182e-06
-8.8214989e-06
-7.8442944e-06
-6.9828642e-06
-6.1425817e-06
-5.6091762e-06
-4.3683178e-06
-6.9844636e-06
-9.6538797e-06
-1.0707114e-05
-1.0938925e-05
-1.084483e-05
-1.0503109e-05
-9.9508115e-06
-9.2576162e-06
-8.4976289e-06
-7.7316567e-06
-6.9920162e-06
-6.3051608e-06
-5.6373374e-06
-5.1339624e-06
-4.1776707e-06
-3.6041796e-06
-6.2168851e-06
-7.3983412e-06
-7.7327845e-06
-7.8324916e-06
-7.7984254e-06
-7.5926295e-06
-7.2278166e-06
-6.7844252e-06
-6.3078057e-06
-5.8205688e-06
-5.3423813e-06
-4.8720095e-06
-4.4455038e-06
-3.8343631e-06
-1.0864443e-06
-2.4211088e-06
-3.2338799e-06
-3.7459149e-06
-4.1194301e-06
-4.3644556e-06
-4.4983012e-06
-4.5140696e-06
-4.4523261e-06
-4.34574e-06
-4.1792722e-06
-3.9727537e-06
-3.7379628e-06
-3.4877374e-06
-3.1963147e-06
6.55893e-07
2.5915113e-08
-5.3790591e-07
-1.0242678e-06
-1.4278191e-06
-1.7494304e-06
-1.9945778e-06
-2.1778929e-06
-2.3014839e-06
-2.3681316e-06
-2.3881774e-06
-2.3743332e-06
-2.3378957e-06
-2.2854595e-06
-2.222057e-06
1.799483e-06
1.5155323e-06
1.2053312e-06
9.04113e-07
6.3132079e-07
3.8464698e-07
1.6056816e-07
-4.1471048e-08
-2.2125091e-07
-3.8001605e-07
-5.1926812e-07
-6.3987977e-07
-7.4213596e-07
-8.2795818e-07
-9.0834383e-07
2.4468178e-06
2.3165576e-06
2.1574864e-06
1.9907687e-06
1.828319e-06
1.6691989e-06
1.5122735e-06
1.3582451e-06
1.2080353e-06
1.0622973e-06
9.2159773e-07
7.8647548e-07
6.5736439e-07
5.347292e-07
4.1380919e-07
2.7087792e-06
2.6567732e-06
2.5803768e-06
2.4942843e-06
2.4075275e-06
2.3192253e-06
2.2280681e-06
2.1341188e-06
2.0376755e-06
1.9388639e-06
1.8377596e-06
1.7344765e-06
1.6291669e-06
1.5220453e-06
1.4115302e-06
2.9590763e-06
2.926623e-06
2.87667e-06
2.8194565e-06
2.7601267e-06
2.6977869e-06
2.6314639e-06
2.561022e-06
2.4864609e-06
2.4077009e-06
2.3246646e-06
2.237322e-06
2.1456861e-06
2.0499321e-06
1.9523279e-06
-5.0707158e-06
-3.9785812e-06
-3.706744e-06
-3.3860588e-06
-2.9710145e-06
-2.5861522e-06
-2.1980685e-06
-1.8232026e-06
-1.4667028e-06
-1.1686693e-06
-8.5380768e-07
-6.7048727e-07
-3.173009e-07
-3.6356192e-07
1.8299403e-07
-4.6112042e-06
-3.8315781e-06
-3.5312277e-06
-3.2430311e-06
-2.8672626e-06
-2.5057439e-06
-2.1396013e-06
-1.7795234e-06
-1.4369436e-06
-1.1465261e-06
-8.4381858e-07
-6.5609397e-07
-3.2344963e-07
-3.3199391e-07
1.4196841e-07
-3.9703217e-06
-3.5455446e-06
-3.2514144e-06
-3.0002822e-06
-2.6867968e-06
-2.3669012e-06
-2.0366333e-06
-1.7012331e-06
-1.3822692e-06
-1.1058642e-06
-8.241848e-07
-6.3108946e-07
-3.3062753e-07
-2.8492335e-07
8.5726982e-08
-3.1779935e-06
-3.0090502e-06
-2.8014959e-06
-2.6059835e-06
-2.3809726e-06
-2.1356239e-06
-1.8583388e-06
-1.5598474e-06
-1.2791967e-06
-1.0304265e-06
-7.8257783e-07
-5.8860767e-07
-3.3171338e-07
-2.2709718e-07
1.3807207e-08
-2.1713718e-06
-2.1561527e-06
-2.1083902e-06
-2.0271003e-06
-1.9162158e-06
-1.7635621e-06
-1.5439201e-06
-1.3012507e-06
-1.0872491e-06
-8.9420497e-07
-6.9918098e-07
-5.1942213e-07
-3.1182493e-07
-1.6103787e-07
-6.0455039e-08
-9.483762e-07
-1.0562181e-06
-1.1326063e-06
-1.1622167e-06
-1.1542151e-06
-1.0932624e-06
-1.0002278e-06
-9.1449292e-07
-8.2387802e-07
-7.1380549e-07
-5.7332213e-07
-4.123517e-07
-2.4558484e-07
-9.2606151e-08
-9.3502651e-08
3.2530107e-07
1.8919962e-07
6.0999251e-08
-4.6089121e-08
-1.406314e-07
-2.1899994e-07
-2.7772632e-07
-3.1105704e-07
-3.2189414e-07
-2.9796106e-07
-2.3195968e-07
-1.683617e-07
-1.2554229e-07
-8.9573694e-08
-9.5120487e-08
1.3154746e-06
1.1928416e-06
1.0672887e-06
9.4570867e-07
8.2336022e-07
7.0085542e-07
5.823417e-07
4.7081225e-07
3.6633157e-07
2.7163516e-07
1.9051463e-07
1.2091936e-07
6.6319403e-08
2.8917204e-08
-1.2902534e-09
1.8549328e-06
1.747898e-06
1.6453255e-06
1.539214e-06
1.4229954e-06
1.297708e-06
1.165802e-06
1.0289443e-06
8.888252e-07
7.4762142e-07
6.0789855e-07
4.7165625e-07
3.3906722e-07
2.0662737e-07
7.9360838e-08
-0.00031524434
-0.00031498933
-0.00031464748
-0.00031426049
-0.00031380273
-0.00031325433
-0.00031259813
-0.00031181412
-0.0003108782
-0.00030976191
-0.00030843194
-0.0003068495
-0.00030496964
-0.0003027407
-0.00030010387
-0.000296993
-0.00029333482
-0.00028904976
-0.00028405363
-0.00027826036
-0.00027158619
-0.00026395544
-0.00025530778
-0.00024560679
-0.00023484908
-0.00022307261
-0.00021036282
-0.00019685478
-0.0001827302
-0.00016820902
-0.00015353411
-0.00013896157
-0.0001247165
-0.00011105779
-9.8030343e-05
-8.6136704e-05
-7.4470986e-05
-6.545439e-05
-5.3990653e-05
-0.00031516185
-0.00031490654
-0.00031456442
-0.00031417699
-0.00031371868
-0.0003131696
-0.00031251256
-0.00031172751
-0.00031079028
-0.00030967238
-0.00030834042
-0.00030675552
-0.00030487263
-0.00030264
-0.00029999871
-0.00029688255
-0.00029321818
-0.00028892606
-0.00028392204
-0.00027812026
-0.00027143723
-0.00026379766
-0.0002551417
-0.00024543349
-0.00023467019
-0.00022289028
-0.00021017964
-0.00019667362
-0.000182554
-0.00016804055
-0.00015337588
-0.00013881557
-0.00012458424
-0.00011093924
-9.7927523e-05
-8.6047005e-05
-7.439169e-05
-6.5417866e-05
-5.3849952e-05
-0.00031503318
-0.00031477662
-0.00031443297
-0.00031404354
-0.00031358283
-0.0003130309
-0.00031237047
-0.00031158138
-0.00031063937
-0.00030951581
-0.00030817717
-0.00030658443
-0.0003046924
-0.00030244918
-0.00029979575
-0.00029666581
-0.00029298605
-0.00028867701
-0.0002836548
-0.0002778339
-0.00027113144
-0.00026347284
-0.0002547992
-0.00024507571
-0.00023430065
-0.00022251356
-0.00020980116
-0.00019629936
-0.00018219007
-0.00016769275
-0.00015304935
-0.00013851458
-0.00012431169
-0.00011069558
-9.7715697e-05
-8.5864347e-05
-7.4227016e-05
-6.5347937e-05
-5.3560434e-05
-0.0003148308
-0.00031457205
-0.00031422572
-0.00031383282
-0.00031336799
-0.0003128112
-0.00031214503
-0.00031134916
-0.00031039919
-0.00030926628
-0.00030791676
-0.00030631137
-0.00030440475
-0.00030214482
-0.00029947239
-0.00029632107
-0.00029261755
-0.00028828248
-0.00028323231
-0.00027738211
-0.00027064984
-0.00026296212
-0.00025426149
-0.00024451479
-0.00023372202
-0.00022192434
-0.0002092098
-0.00019571512
-0.00018162247
-0.00016715073
-0.00015254087
-0.00013804637
-0.00012388793
-0.00011031743
-9.7386551e-05
-8.5582283e-05
-7.397071e-05
-6.5241237e-05
-5.3110988e-05
-0.000314536
-0.00031427419
-0.0003139241
-0.00031352636
-0.00031305576
-0.00031249216
-0.00031181793
-0.00031101255
-0.00031005137
-0.00030890532
-0.00030754045
-0.00030591724
-0.00030399005
-0.00030170655
-0.00029900739
-0.00029582607
-0.00029208934
-0.00028771811
-0.00028262932
-0.00027673888
-0.00026996596
-0.00026223877
-0.0002535018
-0.00024372413
-0.0002329081
-0.00022109707
-0.00020838088
-0.00019489737
-0.00018082897
-0.00016639376
-0.00015183133
-0.00013739372
-0.00012329743
-0.00010979112
-9.6928115e-05
-8.5190232e-05
-7.3614583e-05
-6.5088506e-05
-5.2495697e-05
-0.00031411226
-0.00031384651
-0.00031349161
-0.00031308764
-0.00031260964
-0.00031203729
-0.00031135271
-0.00031053511
-0.00030955955
-0.00030839666
-0.00030701212
-0.00030536609
-0.00030341259
-0.000301099
-0.00029836573
-0.00029514619
-0.00029136719
-0.00028695
-0.00028181224
-0.00027587091
-0.00026904677
-0.00026127009
-0.00025248791
-0.00024267218
-0.00023182819
-0.00022000214
-0.0002072861
-0.00019381932
-0.0001797845
-0.00016539862
-0.00015089943
-0.00013653753
-0.00012252301
-0.00010910147
-9.6327158e-05
-8.4676211e-05
-7.3149835e-05
-6.4877832e-05
-5.1711614e-05
-0.00031351406
-0.00031324354
-0.00031288283
-0.0003124713
-0.00031198431
-0.00031140134
-0.0003107042
-0.00030987178
-0.00030887878
-0.00030769544
-0.00030628706
-0.00030461336
-0.00030262796
-0.00030027789
-0.00029750331
-0.00029423753
-0.00029040749
-0.00028593492
-0.00028073831
-0.00027473605
-0.00026785087
-0.00026001563
-0.00025118048
-0.00024132087
-0.00023044577
-0.00021860474
-0.0002058926
-0.00019245021
-0.00017846057
-0.00016413903
-0.00014972118
-0.00013545644
-0.00012154555
-0.00010823161
-9.5568954e-05
-8.4026729e-05
-7.2566729e-05
-6.459462e-05
-5.075756e-05
-0.00031267964
-0.0003124036
-0.00031203616
-0.00031161584
-0.00031111838
-0.00031052306
-0.00030981131
-0.00030896164
-0.00030794836
-0.00030674126
-0.00030530516
-0.00030359932
-0.00030157691
-0.00029918456
-0.00029636214
-0.00029304289
-0.00028915393
-0.00028461756
-0.00027935337
-0.00027328144
-0.00026632687
-0.00025842563
-0.00024953158
-0.00023962437
-0.00022871726
-0.00021686379
-0.00020416195
-0.00019075441
-0.00017682443
-0.00016258495
-0.00014826917
-0.00013412643
-0.00012034361
-0.00010716247
-9.4636814e-05
-8.3226358e-05
-7.1854093e-05
-6.4221221e-05
-4.9633343e-05
-0.00031153079
-0.00031124855
-0.00031087362
-0.00031044342
-0.00030993421
-0.000309325
-0.00030859684
-0.00030772781
-0.00030669176
-0.000305458
-0.00030399083
-0.00030224899
-0.00030018514
-0.00029774551
-0.00029486967
-0.00029149081
-0.00028753633
-0.00028292924
-0.00027759044
-0.00027144204
-0.00026441192
-0.00025643968
-0.00024748351
-0.0002375279
-0.00022659104
-0.00021473103
-0.00020204938
-0.00018869075
-0.00017483854
-0.00016070218
-0.00014651269
-0.00013252171
-0.00011889323
-0.00010587248
-9.3511704e-05
-8.2257423e-05
-7.0998874e-05
-6.3736892e-05
-4.8339873e-05
-0.00030996939
-0.00030968045
-0.00030929746
-0.00030885652
-0.0003083345
-0.00030771019
-0.00030696419
-0.00030607412
-0.00030501335
-0.00030375065
-0.00030224978
-0.00030046893
-0.00029836025
-0.00029586952
-0.00029293609
-0.00028949312
-0.00028546839
-0.00028078581
-0.00027536782
-0.00026913887
-0.00026203011
-0.00025398524
-0.0002449674
-0.00023496653
-0.00022400637
-0.00021215007
-0.00019950299
-0.00018621184
-0.00017246006
-0.00015845211
-0.00014441868
-0.00013061508
-0.0001171648
-0.00010433647
-9.217184e-05
-8.1099683e-05
-6.9985631e-05
-6.3118212e-05
-4.6885269e-05
-0.00030787509
-0.00030757912
-0.00030718776
-0.0003067355
-0.00030619999
-0.00030555978
-0.00030479502
-0.00030388283
-0.00030279608
-0.00030150301
-0.00029996682
-0.00029814513
-0.0002959896
-0.00029344561
-0.0002904523
-0.0002869429
-0.00028284572
-0.00027808575
-0.00027258724
-0.00026627735
-0.00025909088
-0.00025097618
-0.0002419019
-0.000231864
-0.00022089232
-0.00020905547
-0.00019646286
-0.0001832632
-0.00016963977
-0.00015578923
-0.0001419457
-0.0001283599
-0.00011511587
-0.00010252426
-9.0592175e-05
-7.9729919e-05
-6.8795662e-05
-6.2338662e-05
-4.5294526e-05
-0.00030510343
-0.00030480033
-0.0003044006
-0.00030393685
-0.00030338763
-0.00030273128
-0.00030194748
-0.00030101287
-0.00029989982
-0.00029857604
-0.00029700418
-0.00029514135
-0.00029293872
-0.00029034136
-0.00028728827
-0.00028371292
-0.00027954427
-0.00027470865
-0.00026913241
-0.00026274577
-0.00025548764
-0.00024731149
-0.00023819198
-0.00022813162
-0.00021716679
-0.00020537186
-0.00019286039
-0.00017978289
-0.00016632156
-0.00015265348
-0.00013901215
-0.00012563301
-0.00011272033
-0.0001004062
-8.8744076e-05
-7.8121424e-05
-6.7405724e-05
-6.1362802e-05
-4.3544576e-05
-0.00030148315
-0.00030117289
-0.00030076448
-0.00030028952
-0.00029972699
-0.00029905496
-0.00029825266
-0.00029729631
-0.00029615779
-0.00029480434
-0.0002931981
-0.00029129574
-0.00028904804
-0.00028639985
-0.00028329019
-0.00027965291
-0.00027541789
-0.00027051301
-0.00026486707
-0.00025841369
-0.0002510963
-0.00024287396
-0.00023372779
-0.00022366728
-0.00021273569
-0.00020101341
-0.00018861831
-0.00017570351
-0.00016245122
-0.00014899156
-0.00013550993
-0.00012255974
-0.00011016038
-9.7970431e-05
-8.659586e-05
-7.6243591e-05
-6.5788261e-05
-6.0151878e-05
-4.1609296e-05
-0.00029681677
-0.00029649961
-0.00029608222
-0.0002955969
-0.0002950222
-0.0002943358
-0.00029351656
-0.00029254033
-0.00029137859
-0.00028999815
-0.00028836078
-0.00028642276
-0.00028413466
-0.00028144125
-0.00027828177
-0.00027459068
-0.00027029902
-0.00026533659
-0.00025963495
-0.00025313155
-0.00024577474
-0.00023752956
-0.00022838397
-0.00021835473
-0.0002074922
-0.00019588303
-0.00018365009
-0.0001709522
-0.00015798702
-0.00014487828
-0.00013175455
-0.00011908734
-0.00010698999
-9.5184626e-05
-8.4112462e-05
-7.4061209e-05
-6.3911675e-05
-5.8668671e-05
-3.9504311e-05
-0.00029087069
-0.00029054771
-0.00029012272
-0.00028962863
-0.00028904367
-0.00028834517
-0.00028751172
-0.00028651887
-0.00028533783
-0.0002839351
-0.00028227219
-0.00028030523
-0.00027798474
-0.00027525565
-0.00027205769
-0.00026832623
-0.00026399381
-0.00025899243
-0.00025325682
-0.00024672858
-0.00023936132
-0.00023112636
-0.00022201871
-0.00021206245
-0.00020131486
-0.00018986817
-0.00017784839
-0.00016541218
-0.00015274368
-0.000140012
-0.00012744268
-0.00011505291
-0.00010310661
-9.1883934e-05
-8.123732e-05
-7.1533714e-05
-6.1739418e-05
-5.6871567e-05
-3.7226433e-05
-0.0002833949
-0.00028306769
-0.0002826372
-0.00028213679
-0.00028154446
-0.00028083731
-0.00027999377
-0.00027898923
-0.00027779471
-0.00027637661
-0.00027469638
-0.00027271018
-0.00027036875
-0.00026761746
-0.00026439682
-0.0002606435
-0.0002562919
-0.00025127672
-0.00024553627
-0.00023901679
-0.00023167751
-0.00022349632
-0.00021447534
-0.00020464584
-0.00019407157
-0.00018284961
-0.00017110805
-0.00015900067
-0.00014669938
-0.00013436961
-0.00012216849
-0.00011029228
-9.8901941e-05
-8.8130097e-05
-7.7934954e-05
-6.8618937e-05
-5.9230122e-05
-5.4714474e-05
-3.4758577e-05
-0.00027408885
-0.00027375958
-0.00027332642
-0.000272823
-0.00027222722
-0.00027151613
-0.00027066812
-0.00026965859
-0.00026845862
-0.00026703474
-0.00026534861
-0.00026335677
-0.00026101053
-0.00025825615
-0.0002550354
-0.00025128665
-0.00024694669
-0.00024195328
-0.00023624866
-0.00022978391
-0.00022252407
-0.00021445365
-0.00020558183
-0.00019594687
-0.00018561855
-0.0001746981
-0.00016331497
-0.0001516206
-0.00013977978
-0.00012795404
-0.00011629154
-0.00010497253
-9.4128225e-05
-8.3853432e-05
-7.415537e-05
-6.5269637e-05
-5.6337356e-05
-5.2148017e-05
-3.2077477e-05
-0.00026267776
-0.00026234934
-0.00026191737
-0.0002614154
-0.00026082143
-0.00026011265
-0.00025926761
-0.00025826191
-0.00025706693
-0.00025564955
-0.00025397195
-0.00025199138
-0.00024966008
-0.00024692555
-0.00024373124
-0.00024001773
-0.00023572472
-0.00023079367
-0.00022517145
-0.00021881471
-0.0002116948
-0.00020380305
-0.00019515551
-0.00018579672
-0.00017580149
-0.00016527389
-0.00015434331
-0.00014315743
-0.00013187331
-0.00012064474
-0.00010961248
-9.8922052e-05
-8.8685094e-05
-7.8986076e-05
-6.9842287e-05
-6.1434353e-05
-5.3010413e-05
-4.9120053e-05
-2.9151767e-05
-0.0002487614
-0.00024843729
-0.00024801105
-0.00024751582
-0.00024692998
-0.00024623108
-0.00024539809
-0.00024440711
-0.00024323015
-0.00024183492
-0.0002401846
-0.00023823772
-0.00023594812
-0.00023326532
-0.00023013521
-0.00022650137
-0.00022230703
-0.00021749777
-0.00021202517
-0.00020585115
-0.00019895291
-0.00019132802
-0.00018299885
-0.00017401568
-0.00016445751
-0.00015443011
-0.00014406116
-0.00013349276
-0.00012287227
-0.00011234174
-0.0001020294
-9.2054739e-05
-8.2510171e-05
-7.3465071e-05
-6.4937088e-05
-5.705929e-05
-4.9196298e-05
-4.5577922e-05
-2.5944406e-05
-0.00023215608
-0.0002318409
-0.00023142645
-0.00023094498
-0.00023037548
-0.00022969619
-0.00022888672
-0.00022792395
-0.00022678081
-0.00022542611
-0.00022382437
-0.00022193569
-0.00021971583
-0.00021711659
-0.00021408663
-0.00021057293
-0.00020652285
-0.00020188703
-0.00019662307
-0.00019069974
-0.00018410157
-0.00017683324
-0.00016892322
-0.00016042609
-0.00015142273
-0.00014201785
-0.0001323346
-0.00012250677
-0.00011266964
-0.00010295052
-9.3461402e-05
-8.4299348e-05
-7.5537119e-05
-6.7226316e-05
-5.9380558e-05
-5.2090489e-05
-4.48426e-05
-4.1472617e-05
-2.2425387e-05
-0.00021219486
-0.00021189323
-0.00021149669
-0.00021103616
-0.00021049163
-0.00020984237
-0.00020906907
-0.00020814985
-0.00020705917
-0.00020576769
-0.00020424219
-0.00020244546
-0.00020033646
-0.00019787079
-0.00019500147
-0.00019168039
-0.0001878602
-0.00018349697
-0.00017855358
-0.00017300375
-0.00016683653
-0.00016006074
-0.0001527086
-0.00014483763
-0.00013652988
-0.00012788832
-0.00011903043
-0.00011007999
-0.00010115814
-9.237506e-05
-8.3823908e-05
-7.5579783e-05
-6.7695564e-05
-6.0205041e-05
-5.3113939e-05
-4.6475091e-05
-3.9897277e-05
-3.6744941e-05
-1.8534335e-05
-0.00018924442
-0.00018896316
-0.00018859345
-0.00018816406
-0.00018765633
-0.00018705095
-0.00018632992
-0.00018547282
-0.00018445586
-0.00018325169
-0.00018182933
-0.00018015415
-0.00017818803
-0.00017588983
-0.00017321636
-0.00017012384
-0.00016657014
-0.00016251767
-0.00015793691
-0.00015281038
-0.00014713647
-0.00014093262
-0.00013423733
-0.00012711061
-0.00011963236
-0.00011189858
-0.00010401536
-9.6091185e-05
-8.8228775e-05
-8.0517815e-05
-7.3030095e-05
-6.5818462e-05
-5.8915891e-05
-5.2338896e-05
-4.6082442e-05
-4.0166314e-05
-3.4309556e-05
-3.1275446e-05
-1.3977474e-05
-0.00016158483
-0.0001613292
-0.00016099328
-0.00016060341
-0.00016014275
-0.00015959397
-0.00015894098
-0.00015816571
-0.00015724714
-0.00015616127
-0.00015488117
-0.00015337698
-0.00015161618
-0.00014956411
-0.00014718486
-0.00014444254
-0.00014130307
-0.00013773638
-0.00013371923
-0.00012923835
-0.00012429395
-0.00011890303
-0.00011310195
-0.00010694712
-0.00010051322
-9.3888581e-05
-8.7168208e-05
-8.0445625e-05
-7.3805049e-05
-6.7315268e-05
-6.1026305e-05
-5.4969472e-05
-4.9158899e-05
-4.3595437e-05
-3.8263131e-05
-3.3157892e-05
-2.8081781e-05
-2.4984733e-05
-8.4838704e-06
-0.00013185057
-0.00013162885
-0.00013133766
-0.00013099959
-0.00013060004
-0.00013012395
-0.00012955734
-0.00012888442
-0.00012808685
-0.00012714369
-0.00012603137
-0.00012472378
-0.00012319251
-0.00012140737
-0.00011933732
-0.00011695188
-0.00011422304
-0.00011112783
-0.00010765123
-0.00010378933
-9.9552147e-05
-9.4965585e-05
-9.0071982e-05
-8.4928901e-05
-7.9606011e-05
-7.4180133e-05
-6.8728904e-05
-6.3323907e-05
-5.8024455e-05
-5.2873305e-05
-4.7895152e-05
-4.3098215e-05
-3.8477818e-05
-3.4021041e-05
-2.9705287e-05
-2.5524344e-05
-2.1353409e-05
-1.8342079e-05
-4.6179425e-06
-9.5191208e-05
-9.50135e-05
-9.4780162e-05
-9.45094e-05
-9.4189615e-05
-9.3808864e-05
-9.3356127e-05
-9.2819041e-05
-9.2183307e-05
-9.1432706e-05
-9.0549153e-05
-8.9512817e-05
-8.8302406e-05
-8.6895697e-05
-8.5270353e-05
-8.3405108e-05
-8.1281335e-05
-7.8885005e-05
-7.6208949e-05
-7.3255236e-05
-7.0037341e-05
-6.6581601e-05
-6.2927407e-05
-5.9125609e-05
-5.5234927e-05
-5.1316626e-05
-4.7428193e-05
-4.3617158e-05
-3.9916294e-05
-3.6341227e-05
-3.2891022e-05
-2.9551705e-05
-2.6301997e-05
-2.3119042e-05
-1.9980735e-05
-1.6905968e-05
-1.3843151e-05
-1.1596433e-05
-6.4956497e-06
-5.3195749e-05
-5.306893e-05
-5.2902422e-05
-5.2709496e-05
-5.2482018e-05
-5.2211681e-05
-5.1890951e-05
-5.1511483e-05
-5.1063747e-05
-5.0537111e-05
-4.9919975e-05
-4.9199971e-05
-4.8364303e-05
-4.7400278e-05
-4.6296052e-05
-4.5041604e-05
-4.3629928e-05
-4.2058369e-05
-4.0329997e-05
-3.8454836e-05
-3.6450722e-05
-3.434355e-05
-3.2166596e-05
-2.9958624e-05
-2.7760562e-05
-2.5610896e-05
-2.3540378e-05
-2.1567189e-05
-1.9693806e-05
-1.7906559e-05
-1.617822e-05
-1.4473373e-05
-1.2756126e-05
-1.0995165e-05
-9.164845e-06
-7.3168092e-06
-5.4179143e-06
-3.9197773e-06
-1.4238986e-06
-1.0145932e-05
-1.0077771e-05
-9.9883927e-06
-9.8849465e-06
-9.7632063e-06
-9.6188717e-06
-9.4481163e-06
-9.2467775e-06
-9.0101962e-06
-8.7333165e-06
-8.4108293e-06
-8.0373811e-06
-7.6078906e-06
-7.1180094e-06
-6.56475e-06
-5.9472996e-06
-5.2680074e-06
-4.5334871e-06
-3.7556885e-06
-2.9526788e-06
-2.1487645e-06
-1.3735461e-06
-6.5962024e-07
-3.8943218e-08
4.617487e-07
8.2574166e-07
1.050486e-06
1.1501817e-06
1.1560476e-06
1.1138551e-06
1.0788548e-06
1.1084291e-06
1.2521275e-06
1.5509412e-06
2.0451366e-06
2.6251276e-06
3.329127e-06
3.9549861e-06
5.1380732e-06
3.6291385e-05
3.6295644e-05
3.630098e-05
3.6306671e-05
3.6312659e-05
3.631876e-05
3.6324557e-05
3.6329366e-05
3.633213e-05
3.633127e-05
3.6324469e-05
3.630841e-05
3.6278438e-05
3.6228159e-05
3.6148977e-05
3.6029623e-05
3.5855739e-05
3.5609612e-05
3.5270219e-05
3.481372e-05
3.4214554e-05
3.344727e-05
3.2489183e-05
3.1323879e-05
2.9945332e-05
2.8362076e-05
2.6600446e-05
2.4705782e-05
2.274072e-05
2.0780396e-05
1.890517e-05
1.7191188e-05
1.5696738e-05
1.44754e-05
1.3607984e-05
1.2843345e-05
1.2288966e-05
1.1897038e-05
1.1838279e-05
8.3849444e-05
8.378444e-05
8.3698703e-05
8.3598642e-05
8.3479599e-05
8.3336639e-05
8.3164917e-05
8.2958741e-05
8.2711211e-05
8.2414043e-05
8.2057332e-05
8.1629277e-05
8.1115876e-05
8.0500616e-05
7.97642e-05
7.8884341e-05
7.7835723e-05
7.6590245e-05
7.5117708e-05
7.3387165e-05
7.1369127e-05
6.9038765e-05
6.638001e-05
6.3390177e-05
6.008442e-05
5.6499102e-05
5.2693163e-05
4.8746689e-05
4.475632e-05
4.0827822e-05
3.7066885e-05
3.3567062e-05
3.0389523e-05
2.761802e-05
2.5362189e-05
2.31389e-05
2.1322861e-05
1.9856897e-05
1.8611803e-05
0.00013247235
0.00013233536
0.00013215496
0.00013194491
0.00013169575
0.00013139756
0.00013104084
0.00013061459
0.00013010571
0.00012949875
0.00012877566
0.00012791549
0.00012689408
0.00012568387
0.00012425384
0.00012256971
0.00012059442
0.00011828923
0.00011561536
0.00011253655
0.00010902238
0.00010505245
0.00010062116
9.5742523e-05
9.0454463e-05
8.4821362e-05
7.8933985e-05
7.2905909e-05
6.6866346e-05
6.0950477e-05
5.5288873e-05
4.999056e-05
4.5110233e-05
4.0879548e-05
3.6982152e-05
3.339082e-05
3.0434955e-05
2.7759033e-05
2.5356261e-05
0.00018088472
0.000180674
0.00018039667
0.00018007404
0.00017969176
0.00017923486
0.0001786891
0.00017803815
0.00017726266
0.00017634003
0.00017524409
0.00017394483
0.0001724081
0.00017059555
0.00016846482
0.00016597003
0.00016306284
0.0001596942
0.00015581687
0.00015138902
0.00014637874
0.00014076945
0.00013456565
0.00012779834
0.00012052903
0.00011285123
0.00010488835
9.6787592e-05
8.8709861e-05
8.0817472e-05
7.3260169e-05
6.6147851e-05
5.9467497e-05
5.3744309e-05
4.8432163e-05
4.3633937e-05
3.9380974e-05
3.543834e-05
3.1926049e-05
0.00022830728
0.00022802321
0.00022764943
0.00022721478
0.00022670003
0.00022608519
0.00022535129
0.00022447668
0.0002234358
0.00022219888
0.00022073168
0.00021899511
0.00021694504
0.00021453238
0.00021170342
0.00020840078
0.00020456505
0.0002001372
0.00019506218
0.00018929351
0.00018279897
0.00017556703
0.00016761332
0.00015898635
0.00014977118
0.0001400898
0.00013009721
0.0001199728
0.00010990749
0.00010008719
9.0668994e-05
8.1758603e-05
7.3580105e-05
6.6172014e-05
5.939616e-05
5.3304807e-05
4.777353e-05
4.2751384e-05
3.8195429e-05
0.00027366594
0.00027331054
0.000272843
0.00027229945
0.00027165596
0.00027088764
0.00026997098
0.00026887916
0.00026758062
0.00026603871
0.0002642114
0.00026205091
0.00025950357
0.00025650999
0.00025300572
0.00024892251
0.00024419046
0.00023874122
0.0002325124
0.00022545323
0.00021753133
0.00020874018
0.00019910637
0.00018869558
0.0001776159
0.00016601708
0.0001540847
0.00014202938
0.00013007171
0.00011842447
0.00010727419
9.6784155e-05
8.7175225e-05
7.8025001e-05
6.9670484e-05
6.2375703e-05
5.570741e-05
4.9613896e-05
4.4061308e-05
0.0003160157
0.00031559295
0.00031503686
0.00031439048
0.00031362542
0.00031271217
0.00031162293
0.00031032603
0.00030878423
0.00030695441
0.00030478717
0.00030222657
0.00029920994
0.00029566825
0.00029152695
0.00028670762
0.00028113063
0.00027471903
0.00026740383
0.00025913062
0.00024986736
0.00023961271
0.000228404
0.00021632332
0.00020350047
0.00019011098
0.00017636864
0.00016251237
0.0001487888
0.00013543269
0.00012264802
0.00011060301
9.9454381e-05
8.9077654e-05
7.948868e-05
7.0864016e-05
6.3032362e-05
5.5910637e-05
4.9426782e-05
0.00035437898
0.00035389463
0.00035325751
0.00035251702
0.00035164072
0.00035059487
0.00034934777
0.00034786329
0.00034609905
0.00034400599
0.00034152806
0.00033860186
0.00033515659
0.00033111447
0.00032639184
0.0003209011
0.0003145539
0.00030726561
0.00029896136
0.00028958358
0.00027910068
0.00026751623
0.00025487745
0.00024128153
0.00022687804
0.00021186594
0.00019648437
0.00018099741
0.00016567455
0.00015076929
0.00013649914
0.00012303409
0.00011050105
9.8890329e-05
8.8187048e-05
7.8449897e-05
6.9581941e-05
6.1528026e-05
5.4202202e-05
0.00038788626
0.00038734687
0.00038663554
0.00038581215
0.00038483821
0.00038367581
0.00038228987
0.00038064044
0.00037868058
0.00037635604
0.00037360491
0.00037035725
0.0003665351
0.00036205302
0.00035681936
0.00035073852
0.00034371456
0.00033565621
0.00032648362
0.00031613667
0.00030458442
0.00029183498
0.00027794447
0.0002630234
0.00024723866
0.00023080956
0.00021399716
0.00019708717
0.00018036861
0.0001641109
0.0001485432
0.00013384061
0.00012012064
0.00010740796
9.5697422e-05
8.4997426e-05
7.5233469e-05
6.6367371e-05
5.8308241e-05
0.00041572281
0.00041513566
0.00041435695
0.000413464
0.00041240883
0.00041114911
0.00040964715
0.00040785993
0.00040573671
0.00040321892
0.00040023976
0.00039672387
0.00039258736
0.00038773845
0.00038207886
0.00037550641
0.00036791884
0.00035921942
0.00034932418
0.00033817088
0.00032572911
0.00031201081
0.00029707951
0.00028105688
0.00026412426
0.00024651792
0.000228517
0.00021042506
0.00019254708
0.00017516545
0.00015851874
0.00014278716
0.00012808676
0.00011445663
0.00010189601
9.0392258e-05
7.9884439e-05
7.0344145e-05
6.1676985e-05
0.00043725383
0.00043663029
0.00043579979
0.00043485412
0.00043373722
0.00043240313
0.00043081188
0.00042891776
0.00042666697
0.0004239978
0.00042084004
0.00041711417
0.00041273168
0.00040759588
0.0004016034
0.00039464698
0.00038661961
0.00037742047
0.00036696259
0.00035518228
0.00034204981
0.00032758018
0.0003118428
0.0002949679
0.00027714794
0.00025863206
0.00023971324
0.00022070857
0.00020193517
0.00018368526
0.00016620446
0.00014967703
0.00013421992
0.00011987991
0.000106658
9.4531942e-05
8.3449403e-05
7.3388811e-05
6.4252825e-05
0.00045184164
0.0004511936
0.0004503282
0.00044934783
0.00044819075
0.00044680854
0.00044515971
0.00044319627
0.00044086139
0.00043809119
0.00043481404
0.00043094794
0.00042640104
0.00042107325
0.00041485775
0.00040764376
0.00039932095
0.00038978555
0.00037894838
0.00036674461
0.00035314478
0.00033816593
0.00032188141
0.00030442742
0.00028600405
0.00026686941
0.00024732595
0.00022770004
0.00020831704
0.00018947583
0.00017142679
0.00015435698
0.00013838452
0.00012356013
0.00010988601
9.7335832e-05
8.5862036e-05
7.544758e-05
6.5992753e-05
0.00045938727
0.00045896639
0.00045827203
0.000457419
0.00045634894
0.00045499654
0.0004532666
0.0004510447
0.00044833065
0.00044527154
0.00044187909
0.00043795598
0.00043333146
0.00042790542
0.0004215754
0.00041422975
0.00040575608
0.00039604905
0.00038501843
0.00037259891
0.00035876124
0.00034352354
0.00032696122
0.00030921344
0.00029048417
0.00027103595
0.00025117601
0.00023123536
0.0002115435
0.00019240266
0.00017406561
0.00015672088
0.00014048727
0.00012541718
0.00011151346
9.8748382e-05
8.7076543e-05
7.6483128e-05
6.6866846e-05
-4.8669016e-05
-4.0099291e-05
-3.6146743e-05
-3.0983882e-05
-2.752667e-05
-2.4161375e-05
-2.1408678e-05
-1.8955848e-05
-1.6820406e-05
-1.4943749e-05
-1.3260426e-05
-1.1821062e-05
-1.0417552e-05
-9.4105156e-06
-8.0578115e-06
-4.8727452e-05
-4.0057827e-05
-3.6166172e-05
-3.1009767e-05
-2.7554007e-05
-2.4193085e-05
-2.1436918e-05
-1.898181e-05
-1.6842097e-05
-1.496116e-05
-1.3273233e-05
-1.1829743e-05
-1.0421022e-05
-9.4137702e-06
-8.0465062e-06
-4.8850513e-05
-3.994306e-05
-3.6172737e-05
-3.1010139e-05
-2.7560758e-05
-2.4206146e-05
-2.1447466e-05
-1.8991609e-05
-1.6848712e-05
-1.4964609e-05
-1.3273138e-05
-1.1826764e-05
-1.0412775e-05
-9.4103019e-06
-8.0176369e-06
-4.9028859e-05
-3.973944e-05
-3.6154925e-05
-3.0974495e-05
-2.7538845e-05
-2.4193538e-05
-2.14349e-05
-1.8980871e-05
-1.6836941e-05
-1.4951685e-05
-1.3258462e-05
-1.1811237e-05
-1.039228e-05
-9.4004694e-06
-7.9709066e-06
-4.9255581e-05
-3.944436e-05
-3.6108842e-05
-3.09019e-05
-2.7487375e-05
-2.4155027e-05
-2.139927e-05
-1.8949761e-05
-1.680702e-05
-1.4922622e-05
-1.3229364e-05
-1.1783269e-05
-1.0359546e-05
-9.3840283e-06
-7.9062334e-06
-4.9520626e-05
-3.9058199e-05
-3.6029717e-05
-3.0790605e-05
-2.7404136e-05
-2.4088915e-05
-2.1339113e-05
-1.8896963e-05
-1.6757792e-05
-1.4876381e-05
-1.3184907e-05
-1.1741975e-05
-1.0313889e-05
-9.3599262e-06
-7.8235871e-06
-4.9808221e-05
-3.858309e-05
-3.5911247e-05
-3.0637857e-05
-2.7285849e-05
-2.3992574e-05
-2.1252138e-05
-1.882044e-05
-1.6687496e-05
-1.4811424e-05
-1.312377e-05
-1.1686158e-05
-1.0254485e-05
-9.3268476e-06
-7.7232633e-06
-5.0094306e-05
-3.8017124e-05
-3.5746298e-05
-3.0440716e-05
-2.7128937e-05
-2.3863215e-05
-2.1135941e-05
-1.8718081e-05
-1.6594322e-05
-1.4726184e-05
-1.3044629e-05
-1.1614604e-05
-1.0180566e-05
-9.2833416e-06
-7.6059483e-06
-5.0348724e-05
-3.7336852e-05
-3.5526989e-05
-3.0196564e-05
-2.692956e-05
-2.3697884e-05
-2.0988018e-05
-1.8587699e-05
-1.6476402e-05
-1.461905e-05
-1.2946133e-05
-1.1526057e-05
-1.0091386e-05
-9.2278069e-06
-7.4726891e-06
-5.0565247e-05
-3.6569987e-05
-3.5244794e-05
-2.9903989e-05
-2.6683766e-05
-2.349334e-05
-2.0805683e-05
-1.842696e-05
-1.6331751e-05
-1.4488314e-05
-1.2826859e-05
-1.1419191e-05
-9.9861795e-06
-9.1584994e-06
-7.3248485e-06
-5.0764346e-05
-3.5762357e-05
-3.4851878e-05
-2.9561933e-05
-2.6388048e-05
-2.3246059e-05
-2.0586023e-05
-1.8233365e-05
-1.6158248e-05
-1.4332165e-05
-1.2685303e-05
-1.129261e-05
-9.8641468e-06
-9.0735639e-06
-7.164048e-06
-5.0840804e-05
-3.4873175e-05
-3.4346646e-05
-2.9153948e-05
-2.6037305e-05
-2.2952249e-05
-2.0325907e-05
-1.8004256e-05
-1.5953657e-05
-1.4148699e-05
-1.2519892e-05
-1.1144867e-05
-9.7244514e-06
-8.9710815e-06
-6.9920919e-06
-5.0660654e-05
-3.3866747e-05
-3.378061e-05
-2.8676571e-05
-2.5626571e-05
-2.2607955e-05
-2.0022069e-05
-1.7736878e-05
-1.5715672e-05
-1.3935971e-05
-1.2329024e-05
-1.0974493e-05
-9.5662297e-06
-8.849133e-06
-6.8108753e-06
-5.022267e-05
-3.2798386e-05
-3.313012e-05
-2.8132124e-05
-2.5151711e-05
-2.2209133e-05
-1.967121e-05
-1.7428478e-05
-1.5442011e-05
-1.3692068e-05
-1.2111129e-05
-1.0780062e-05
-9.3886234e-06
-8.7058809e-06
-6.6222818e-06
-4.9507349e-05
-3.1687954e-05
-3.23542e-05
-2.7513556e-05
-2.4607912e-05
-2.1751721e-05
-1.9270156e-05
-1.7076468e-05
-1.5130559e-05
-1.3415236e-05
-1.1864769e-05
-1.056027e-05
-9.1908345e-06
-8.5396696e-06
-6.428077e-06
-4.8447969e-05
-3.0514332e-05
-3.1438267e-05
-2.6814063e-05
-2.3990439e-05
-2.1231952e-05
-1.8816104e-05
-1.6678648e-05
-1.4779563e-05
-1.310404e-05
-1.1588775e-05
-1.0314055e-05
-8.972202e-06
-8.3491393e-06
-6.2298093e-06
-4.6978958e-05
-2.9283432e-05
-3.0372134e-05
-2.6027755e-05
-2.3295509e-05
-2.0646799e-05
-1.8306958e-05
-1.6233493e-05
-1.4387867e-05
-1.2757557e-05
-1.1282401e-05
-1.004072e-05
-8.7322969e-06
-8.1333463e-06
-6.0287239e-06
-4.5033391e-05
-2.8002061e-05
-2.9146429e-05
-2.5148739e-05
-2.2520314e-05
-1.9994095e-05
-1.7741504e-05
-1.5740339e-05
-1.3955093e-05
-1.2375544e-05
-1.0945461e-05
-9.7400597e-06
-8.4710168e-06
-7.8918758e-06
-5.8256996e-06
-4.2544245e-05
-2.6667717e-05
-2.7750963e-05
-2.416883e-05
-2.1662037e-05
-1.9272101e-05
-1.7119237e-05
-1.5199372e-05
-1.3481689e-05
-1.1958501e-05
-1.0578408e-05
-9.4124405e-06
-8.1886561e-06
-7.6249268e-06
-5.6212113e-06
-3.9487187e-05
-2.529298e-05
-2.6189813e-05
-2.3084184e-05
-2.0722057e-05
-1.8482092e-05
-1.6441865e-05
-1.4612492e-05
-1.2969442e-05
-1.1507981e-05
-1.018252e-05
-9.0589244e-06
-7.8859961e-06
-7.333369e-06
-5.4153559e-06
-3.5911834e-05
-2.3982705e-05
-2.4542753e-05
-2.1929976e-05
-1.9726169e-05
-1.7640272e-05
-1.5720183e-05
-1.3987352e-05
-1.2423885e-05
-1.1028045e-05
-9.7607677e-06
-8.6817857e-06
-7.5646072e-06
-7.0188482e-06
-5.2080416e-06
-3.1506065e-05
-2.2745994e-05
-2.2892829e-05
-2.0739429e-05
-1.869924e-05
-1.676361e-05
-1.496658e-05
-1.3333646e-05
-1.1852601e-05
-1.0524566e-05
-9.3175764e-06
-8.2845356e-06
-7.2268899e-06
-6.6838939e-06
-4.9990393e-06
-2.4697968e-05
-2.0462997e-05
-2.063621e-05
-1.9125873e-05
-1.7416182e-05
-1.5726362e-05
-1.4113132e-05
-1.2615849e-05
-1.1237406e-05
-9.9886785e-06
-8.8490537e-06
-7.8664269e-06
-6.8729123e-06
-6.3311046e-06
-4.7860853e-06
-1.438139e-05
-1.5312702e-05
-1.6617253e-05
-1.6353298e-05
-1.5439173e-05
-1.4276816e-05
-1.3013514e-05
-1.1746528e-05
-1.0524543e-05
-9.3870893e-06
-8.3352185e-06
-7.4161238e-06
-6.4964629e-06
-5.9606564e-06
-4.562772e-06
-7.4800215e-06
-6.1393039e-06
-5.5312834e-06
-4.6174024e-06
-3.9468184e-06
-3.2763466e-06
-2.6930487e-06
-2.1807739e-06
-1.7034012e-06
-1.3474275e-06
-9.2982407e-07
-7.8910945e-07
-2.6095014e-07
-6.3742008e-07
8.0372118e-07
-7.4865381e-06
-6.1315329e-06
-5.5281996e-06
-4.6154692e-06
-3.9450161e-06
-3.2753033e-06
-2.692257e-06
-2.1802248e-06
-1.703067e-06
-1.3471356e-06
-9.2975614e-07
-7.8886236e-07
-2.6122722e-07
-6.380612e-07
7.9790269e-07
-7.4987501e-06
-6.1146731e-06
-5.5217616e-06
-4.6111458e-06
-3.9411572e-06
-3.2730042e-06
-2.6905215e-06
-2.1790193e-06
-1.7023115e-06
-1.3465033e-06
-9.2956579e-07
-7.8835592e-07
-2.6173757e-07
-6.3932801e-07
7.8820029e-07
-7.5169554e-06
-6.0880969e-06
-5.5116727e-06
-4.6041767e-06
-3.9350702e-06
-3.2693191e-06
-2.6877518e-06
-2.1770939e-06
-1.7010886e-06
-1.3455013e-06
-9.2923165e-07
-7.8757418e-07
-2.624779e-07
-6.4113151e-07
7.7557803e-07
-7.5407039e-06
-6.0515829e-06
-5.4975279e-06
-4.5943769e-06
-3.9265887e-06
-3.2641317e-06
-2.6838674e-06
-2.1743902e-06
-1.6993605e-06
-1.3441005e-06
-9.2874194e-07
-7.8649297e-07
-2.6346042e-07
-6.4331814e-07
7.600412e-07
-7.5689325e-06
-6.0051518e-06
-5.4788483e-06
-4.5815712e-06
-3.9155384e-06
-3.2573178e-06
-2.6787826e-06
-2.1708452e-06
-1.6970861e-06
-1.3422695e-06
-9.2808312e-07
-7.8508553e-07
-2.6469465e-07
-6.4567877e-07
7.4300073e-07
-7.6000504e-06
-5.9490647e-06
-5.4550967e-06
-4.5655886e-06
-3.901741e-06
-3.248745e-06
-2.6724079e-06
-2.166392e-06
-1.6942209e-06
-1.339975e-06
-9.2723969e-07
-7.8332352e-07
-2.6618783e-07
-6.4799832e-07
7.2578143e-07
-7.6319119e-06
-5.883833e-06
-5.4256889e-06
-4.5462611e-06
-3.8850169e-06
-3.2382746e-06
-2.6646505e-06
-2.1609605e-06
-1.6907185e-06
-1.3371825e-06
-9.2619489e-07
-7.8117665e-07
-2.679505e-07
-6.5005726e-07
7.068488e-07
-7.6617863e-06
-5.8102008e-06
-5.390009e-06
-4.5234154e-06
-3.8651868e-06
-3.2257598e-06
-2.6554144e-06
-2.154477e-06
-1.6865297e-06
-1.3338562e-06
-9.2493085e-07
-7.7861241e-07
-2.6998603e-07
-6.5109685e-07
6.8458192e-07
-7.6863611e-06
-5.7291065e-06
-5.3474308e-06
-4.49686e-06
-3.842072e-06
-3.2110442e-06
-2.644599e-06
-2.1468639e-06
-1.6816025e-06
-1.3299584e-06
-9.2342823e-07
-7.7559699e-07
-2.7230366e-07
-6.4843401e-07
6.5922422e-07
-7.701782e-06
-5.6416227e-06
-5.2973431e-06
-4.4663702e-06
-3.8154941e-06
-3.1939596e-06
-2.6320978e-06
-2.1380383e-06
-1.675881e-06
-1.3254497e-06
-9.2166592e-07
-7.7210098e-07
-2.7498694e-07
-6.3957256e-07
6.3204593e-07
-7.7037391e-06
-5.5488763e-06
-5.2391784e-06
-4.4316722e-06
-3.7852736e-06
-3.1743233e-06
-2.6177966e-06
-2.127911e-06
-1.6693051e-06
-1.3202882e-06
-9.1962047e-07
-7.6811105e-07
-2.7813657e-07
-6.2541619e-07
6.0750291e-07
-7.6876051e-06
-5.451951e-06
-5.1724429e-06
-4.3924276e-06
-3.7512271e-06
-3.1519362e-06
-2.6015709e-06
-2.1163852e-06
-1.6618087e-06
-1.314429e-06
-9.1726533e-07
-7.6361444e-07
-2.8137724e-07
-6.0890536e-07
5.8796865e-07
-7.6486324e-06
-5.351778e-06
-5.0967439e-06
-4.3482207e-06
-3.7131638e-06
-3.1265801e-06
-2.5832836e-06
-2.1033549e-06
-1.653319e-06
-1.3078237e-06
-9.145714e-07
-7.5861152e-07
-2.8349514e-07
-5.9182897e-07
5.6911921e-07
-7.582204e-06
-5.2490261e-06
-5.011814e-06
-4.2985517e-06
-3.6708797e-06
-3.0980164e-06
-2.5627816e-06
-2.0887029e-06
-1.6437545e-06
-1.3004191e-06
-9.1151362e-07
-7.5314189e-07
-2.8408557e-07
-5.7437042e-07
5.4730267e-07
-7.4841288e-06
-5.1440036e-06
-4.9175263e-06
-4.2428392e-06
-3.6241524e-06
-3.0659862e-06
-2.539894e-06
-2.0722987e-06
-1.6330237e-06
-1.2921564e-06
-9.0807655e-07
-7.4724161e-07
-2.8461876e-07
-5.5644442e-07
5.2218548e-07
-7.3509579e-06
-5.0365866e-06
-4.8138986e-06
-4.1804323e-06
-3.5727359e-06
-3.0302114e-06
-2.5144292e-06
-2.0539973e-06
-1.6210231e-06
-1.2829695e-06
-9.0423826e-07
-7.4090715e-07
-2.8616047e-07
-5.3796348e-07
4.9398272e-07
-7.1802905e-06
-4.9261892e-06
-4.7010864e-06
-4.1106359e-06
-3.5163568e-06
-2.9903987e-06
-2.4861745e-06
-2.0336372e-06
-1.6076357e-06
-1.2727843e-06
-8.9996619e-07
-7.3412421e-07
-2.8864599e-07
-5.1889637e-07
4.6276173e-07
-6.9710295e-06
-4.8117866e-06
-4.5793626e-06
-4.0327471e-06
-3.4547154e-06
-2.9462464e-06
-2.4548977e-06
-2.0110406e-06
-1.5927299e-06
-1.2615173e-06
-8.9521517e-07
-7.2687328e-07
-2.9205173e-07
-4.9927606e-07
4.2854758e-07
-6.723524e-06
-4.6920043e-06
-4.4490875e-06
-3.9461013e-06
-3.3874925e-06
-2.8974544e-06
-2.4203517e-06
-1.9860148e-06
-1.5761601e-06
-1.2490754e-06
-8.8992559e-07
-7.1912804e-07
-2.9650543e-07
-4.7926343e-07
3.913774e-07
-6.4395575e-06
-4.5652757e-06
-4.3106712e-06
-3.8501095e-06
-3.3143554e-06
-2.8437301e-06
-2.3822743e-06
-1.9583482e-06
-1.5577631e-06
-1.2353512e-06
-8.8401702e-07
-7.1082584e-07
-3.0169069e-07
-4.5895825e-07
3.5129654e-07
-6.1224607e-06
-4.4299755e-06
-4.1645498e-06
-3.7442681e-06
-3.2349388e-06
-2.7847733e-06
-2.3403701e-06
-1.927788e-06
-1.5373364e-06
-1.2202063e-06
-8.7737091e-07
-7.0179954e-07
-3.0667519e-07
-4.373774e-07
3.0869076e-07
-5.7783706e-06
-4.2840645e-06
-4.0112736e-06
-3.6282669e-06
-3.1488602e-06
-2.7203198e-06
-2.294344e-06
-1.8940648e-06
-1.5146476e-06
-1.203498e-06
-8.6983913e-07
-6.9214791e-07
-3.1011718e-07
-4.1345737e-07
2.6470106e-07
-5.4163723e-06
-4.1244839e-06
-3.8517238e-06
-3.5026209e-06
-3.0561893e-06
-2.6505702e-06
-2.2442931e-06
-1.8572377e-06
-1.4897079e-06
-1.1853163e-06
-8.6142428e-07
-6.8127246e-07
-3.1302408e-07
-3.8768815e-07
2.2078957e-07
-1.0514431e-05
-5.3636414e-06
-1.7089612e-06
5.6007028e-07
1.787352e-06
2.5004677e-06
2.8781899e-06
2.9840404e-06
3.1862125e-06
-1.6774428e-06
5.8407671e-07
2.1320634e-06
3.0898686e-06
3.4768216e-06
3.6252743e-06
3.6281156e-06
3.5091818e-06
3.6556085e-06
4.7730604e-06
5.5829032e-06
5.7498521e-06
5.6223526e-06
5.2018686e-06
4.7622534e-06
4.373785e-06
4.0202817e-06
4.1192241e-06
1.0847895e-05
1.0360203e-05
9.3066247e-06
8.1357266e-06
6.9078639e-06
5.8821776e-06
5.1060862e-06
4.5251659e-06
4.583183e-06
1.6847243e-05
1.5093543e-05
1.2832592e-05
1.0615395e-05
8.5782803e-06
6.9740283e-06
5.8172861e-06
5.0223639e-06
5.038337e-06
2.2689479e-05
1.9716124e-05
1.6275614e-05
1.3026377e-05
1.0192932e-05
8.0258264e-06
6.5011254e-06
5.5128496e-06
5.469392e-06
2.8293153e-05
2.4154472e-05
1.9581018e-05
1.533364e-05
1.1731739e-05
9.0258521e-06
7.1523519e-06
5.9887221e-06
5.8507947e-06
3.3590314e-05
2.8348848e-05
2.2701322e-05
1.7505449e-05
1.3175804e-05
9.9632838e-06
7.7647447e-06
6.4297109e-06
6.1970832e-06
3.8513224e-05
3.2242774e-05
2.5593026e-05
1.9512852e-05
1.4507557e-05
1.0827447e-05
8.3269597e-06
6.8271574e-06
6.5266627e-06
4.2993949e-05
3.5782066e-05
2.8216126e-05
2.1329592e-05
1.5710741e-05
1.1606836e-05
8.8242517e-06
7.1797336e-06
6.8355405e-06
4.6967696e-05
3.8916472e-05
3.0534549e-05
2.2932216e-05
1.6770433e-05
1.2290373e-05
9.260057e-06
7.4951162e-06
7.1108616e-06
5.0375522e-05
4.1600974e-05
3.2516558e-05
2.4300126e-05
1.7674e-05
1.2873041e-05
9.6403499e-06
7.7691565e-06
7.3407241e-06
5.3166086e-05
4.379676e-05
3.4135177e-05
2.5415845e-05
1.8410587e-05
1.3348349e-05
9.9524908e-06
7.9888396e-06
7.5248803e-06
5.5296896e-05
4.5471905e-05
3.5368404e-05
2.62651e-05
1.8971047e-05
1.3710058e-05
1.0189197e-05
8.1531034e-06
7.664674e-06
5.6734707e-05
4.6601303e-05
3.6198776e-05
2.6836293e-05
1.9347742e-05
1.395299e-05
1.0347266e-05
8.2645922e-06
7.7585021e-06
5.7456092e-05
4.716704e-05
3.6613611e-05
2.7120707e-05
1.9534616e-05
1.4072908e-05
1.0424454e-05
8.320045e-06
7.8045756e-06
-1.609473e-05
-1.770473e-05
-1.741859e-05
-1.624353e-05
-1.4888904e-05
-1.3553815e-05
-1.2264446e-05
-1.1039381e-05
-9.8861182e-06
-8.8214989e-06
-7.8442944e-06
-6.9828642e-06
-6.1425817e-06
-5.6091762e-06
-4.3683178e-06
-6.9844636e-06
-9.6538797e-06
-1.0707114e-05
-1.0938925e-05
-1.084483e-05
-1.0503109e-05
-9.9508115e-06
-9.2576162e-06
-8.4976289e-06
-7.7316567e-06
-6.9920162e-06
-6.3051608e-06
-5.6373374e-06
-5.1339624e-06
-4.1776707e-06
-3.6041796e-06
-6.2168851e-06
-7.3983412e-06
-7.7327845e-06
-7.8324916e-06
-7.7984254e-06
-7.5926295e-06
-7.2278166e-06
-6.7844252e-06
-6.3078057e-06
-5.8205688e-06
-5.3423813e-06
-4.8720095e-06
-4.4455038e-06
-3.8343631e-06
-1.0864443e-06
-2.4211088e-06
-3.2338799e-06
-3.7459149e-06
-4.1194301e-06
-4.3644556e-06
-4.4983012e-06
-4.5140697e-06
-4.4523261e-06
-4.34574e-06
-4.1792722e-06
-3.9727537e-06
-3.7379628e-06
-3.4877374e-06
-3.1963147e-06
6.55893e-07
2.5915113e-08
-5.3790591e-07
-1.0242678e-06
-1.4278191e-06
-1.7494304e-06
-1.9945778e-06
-2.1778929e-06
-2.3014839e-06
-2.3681316e-06
-2.3881774e-06
-2.3743332e-06
-2.3378957e-06
-2.2854595e-06
-2.222057e-06
1.799483e-06
1.5155323e-06
1.2053312e-06
9.04113e-07
6.3132079e-07
3.8464698e-07
1.6056816e-07
-4.1471048e-08
-2.2125091e-07
-3.8001605e-07
-5.1926812e-07
-6.3987977e-07
-7.4213596e-07
-8.2795818e-07
-9.0834383e-07
2.4468178e-06
2.3165576e-06
2.1574864e-06
1.9907687e-06
1.828319e-06
1.6691989e-06
1.5122735e-06
1.3582451e-06
1.2080353e-06
1.0622973e-06
9.2159773e-07
7.8647548e-07
6.5736439e-07
5.347292e-07
4.1380919e-07
2.7087792e-06
2.6567732e-06
2.5803768e-06
2.4942843e-06
2.4075275e-06
2.3192253e-06
2.2280681e-06
2.1341188e-06
2.0376755e-06
1.9388639e-06
1.8377596e-06
1.7344765e-06
1.6291669e-06
1.5220453e-06
1.4115302e-06
2.9590763e-06
2.926623e-06
2.87667e-06
2.8194565e-06
2.7601267e-06
2.6977869e-06
2.6314639e-06
2.561022e-06
2.4864609e-06
2.4077009e-06
2.3246646e-06
2.237322e-06
2.1456861e-06
2.0499321e-06
1.9523279e-06
-5.0707158e-06
-3.9785812e-06
-3.706744e-06
-3.3860588e-06
-2.9710145e-06
-2.5861522e-06
-2.1980685e-06
-1.8232026e-06
-1.4667028e-06
-1.1686692e-06
-8.5380769e-07
-6.7048726e-07
-3.1730091e-07
-3.6356192e-07
1.8299402e-07
-4.6112042e-06
-3.8315781e-06
-3.5312277e-06
-3.2430311e-06
-2.8672626e-06
-2.5057439e-06
-2.1396013e-06
-1.7795234e-06
-1.4369436e-06
-1.1465261e-06
-8.4381858e-07
-6.5609396e-07
-3.2344963e-07
-3.319939e-07
1.419684e-07
-3.9703217e-06
-3.5455446e-06
-3.2514144e-06
-3.0002822e-06
-2.6867968e-06
-2.3669012e-06
-2.0366333e-06
-1.7012331e-06
-1.3822692e-06
-1.1058642e-06
-8.241848e-07
-6.3108945e-07
-3.3062753e-07
-2.8492335e-07
8.5726977e-08
-3.1779935e-06
-3.0090502e-06
-2.8014959e-06
-2.6059835e-06
-2.3809726e-06
-2.1356239e-06
-1.8583388e-06
-1.5598474e-06
-1.2791967e-06
-1.0304265e-06
-7.8257783e-07
-5.8860766e-07
-3.3171339e-07
-2.2709718e-07
1.3807205e-08
-2.1713718e-06
-2.1561527e-06
-2.1083902e-06
-2.0271003e-06
-1.9162158e-06
-1.7635621e-06
-1.5439201e-06
-1.3012507e-06
-1.0872491e-06
-8.9420497e-07
-6.9918098e-07
-5.1942212e-07
-3.1182493e-07
-1.6103787e-07
-6.045504e-08
-9.483762e-07
-1.0562181e-06
-1.1326063e-06
-1.1622167e-06
-1.1542151e-06
-1.0932624e-06
-1.0002278e-06
-9.1449292e-07
-8.2387802e-07
-7.1380548e-07
-5.7332213e-07
-4.1235169e-07
-2.4558484e-07
-9.260615e-08
-9.3502651e-08
3.2530107e-07
1.8919962e-07
6.0999252e-08
-4.608912e-08
-1.406314e-07
-2.1899994e-07
-2.7772632e-07
-3.1105704e-07
-3.2189414e-07
-2.9796106e-07
-2.3195968e-07
-1.683617e-07
-1.2554228e-07
-8.9573694e-08
-9.5120487e-08
1.3154746e-06
1.1928416e-06
1.0672887e-06
9.4570867e-07
8.2336022e-07
7.0085542e-07
5.823417e-07
4.7081225e-07
3.6633157e-07
2.7163516e-07
1.9051463e-07
1.2091937e-07
6.6319404e-08
2.8917205e-08
-1.2902532e-09
1.8549328e-06
1.747898e-06
1.6453255e-06
1.539214e-06
1.4229954e-06
1.297708e-06
1.165802e-06
1.0289443e-06
8.888252e-07
7.4762142e-07
6.0789855e-07
4.7165625e-07
3.3906722e-07
2.0662737e-07
7.9360838e-08
)
;

boundaryField
{
    inlet
    {
        type            zeroGradient;
    }
    outlet
    {
        type            fixedValue;
        value           uniform 0;
    }
    cylinder
    {
        type            zeroGradient;
    }
    frontAndBack
    {
        type            empty;
    }
}


// ************************************************************************* //
