/*--------------------------------*- C++ -*----------------------------------*\
  =========                 |
  \\      /  F ield         | OpenFOAM: The Open Source CFD Toolbox
   \\    /   O peration     | Website:  https://openfoam.org
    \\  /    A nd           | Version:  14
     \\/     M anipulation  |
\*---------------------------------------------------------------------------*/
FoamFile
{
    format      ascii;
    class       volScalarField;
    location    "2000";
    object      p;
}
// * * * * * * * * * * * * * * * * * * * * * * * * * * * * * * * * * * * * * //

dimensions      [0 2 -2 0 0 0 0];

internalField   nonuniform List<scalar> 
5388
(
-0.00030658794
-0.00030634907
-0.0003060288
-0.0003056661
-0.00030523683
-0.00030472216
-0.00030410572
-0.00030336834
-0.00030248692
-0.00030143408
-0.00030017772
-0.00029868032
-0.00029689835
-0.00029478161
-0.00029227284
-0.00028930747
-0.00028581379
-0.0002817137
-0.00027692433
-0.00027136068
-0.00026493975
-0.0002575861
-0.00024923904
-0.00023986106
-0.00022944673
-0.00021803095
-0.00020569494
-0.00019256842
-0.00017882667
-0.00016468236
-0.00015037093
-0.00013614035
-0.00012221006
-0.00010883306
-9.604911e-05
-8.4361723e-05
-7.285744e-05
-6.3974553e-05
-5.2586818e-05
-0.00030652122
-0.00030628194
-0.00030596125
-0.00030559795
-0.00030516794
-0.00030465237
-0.00030403484
-0.00030329613
-0.00030241307
-0.00030135823
-0.00030009943
-0.00029859907
-0.00029681349
-0.00029469243
-0.00029217851
-0.00028920708
-0.00028570636
-0.00028159828
-0.00027680002
-0.0002712268
-0.00026479588
-0.00025743222
-0.00024907564
-0.00023968917
-0.00022926796
-0.00021784746
-0.00020550935
-0.00019238367
-0.00017864582
-0.00016450832
-0.00015020636
-0.0001359874
-0.0001220705
-0.00010870705
-9.5938822e-05
-8.4264714e-05
-7.2771111e-05
-6.3931698e-05
-5.243914e-05
-0.00030642312
-0.0003061824
-0.00030585991
-0.00030549434
-0.00030506164
-0.00030454287
-0.00030392152
-0.00030317829
-0.00030228988
-0.00030122872
-0.00029996248
-0.00029845341
-0.00029665771
-0.00029452494
-0.00029199761
-0.00028901099
-0.0002854933
-0.00028136656
-0.0002765482
-0.0002709538
-0.00026450121
-0.00025711616
-0.00024873941
-0.00023933509
-0.00022889951
-0.00021746922
-0.00020512683
-0.00019200298
-0.00017827329
-0.00016415001
-0.00014986778
-0.00013567302
-0.00012178382
-0.00010844888
-9.5712425e-05
-8.4067775e-05
-7.2592647e-05
-6.3849377e-05
-5.2135817e-05
-0.00030626769
-0.00030602451
-0.00030569894
-0.00030532954
-0.00030489229
-0.00030436815
-0.00030374045
-0.00030298974
-0.00030209254
-0.00030102109
-0.00029974285
-0.00029821987
-0.00029640812
-0.00029425698
-0.00029170877
-0.00028869866
-0.00028515486
-0.0002809995
-0.00027615033
-0.00027052352
-0.00026403779
-0.00025662007
-0.0002482126
-0.00023878121
-0.00022832398
-0.00021687916
-0.00020453079
-0.00019141044
-0.00017769404
-0.0001635934
-0.00014934229
-0.00013518568
-0.00012133969
-0.00010804972
-9.5362049e-05
-8.3764824e-05
-7.2316084e-05
-6.3724419e-05
-5.166603e-05
-0.00030603681
-0.00030579022
-0.00030546037
-0.00030508564
-0.00030464207
-0.00030411045
-0.00030347392
-0.00030271277
-0.00030180329
-0.00030071745
-0.00029942243
-0.00029787997
-0.00029604576
-0.00029386889
-0.00029129151
-0.00028824865
-0.00028466856
-0.00028047361
-0.00027558206
-0.00026991091
-0.00026338011
-0.0002559182
-0.00024746942
-0.0002380019
-0.00022751614
-0.0002160527
-0.0002036975
-0.00019058339
-0.0001768867
-0.00016281857
-0.00014861157
-0.00013450881
-0.00012072324
-0.00010749647
-9.4876226e-05
-8.3345713e-05
-7.193362e-05
-6.3547822e-05
-5.1024276e-05
-0.00030569471
-0.00030544376
-0.00030510846
-0.00030472692
-0.00030427526
-0.00030373408
-0.00030308624
-0.00030231175
-0.00030138658
-0.00030028237
-0.00029896593
-0.00029739862
-0.00029553577
-0.00029332615
-0.00029071165
-0.00028762716
-0.00028400101
-0.00027975588
-0.00027481071
-0.0002690836
-0.00026249608
-0.00025497881
-0.00024647862
-0.00023696657
-0.00022644625
-0.00021496115
-0.0002025996
-0.00018949597
-0.00017582711
-0.00016180316
-0.00014765515
-0.00013362403
-0.00011991794
-0.0001067746
-9.4242264e-05
-8.2798932e-05
-7.1436885e-05
-6.3307952e-05
-5.0208068e-05
-0.00030519632
-0.00030494011
-0.00030459825
-0.00030420845
-0.00030374701
-0.00030319426
-0.00030253274
-0.00030174211
-0.00030079796
-0.00029967152
-0.00029832916
-0.00029673179
-0.00029483431
-0.0002925851
-0.00028992575
-0.00028679103
-0.00028310935
-0.00027880385
-0.00027379432
-0.00026800025
-0.00026134517
-0.00025376233
-0.00024520176
-0.00023563811
-0.00022507875
-0.00021357068
-0.00020120515
-0.00018811837
-0.00017448766
-0.00016052178
-0.00014644993
-0.0001325107
-0.00011890538
-0.0001058679
-9.3446027e-05
-8.211151e-05
-7.0816621e-05
-6.2990514e-05
-4.9216712e-05
-0.00030448025
-0.00030421795
-0.00030386853
-0.00030346915
-0.00030299633
-0.00030243015
-0.00030175274
-0.00030094337
-0.00029997719
-0.00029882496
-0.00029745253
-0.00029582031
-0.0002938827
-0.00029158765
-0.00028887642
-0.00028568365
-0.00028193792
-0.00027756291
-0.00027247947
-0.0002666088
-0.0002598768
-0.00025221988
-0.00024359184
-0.00023397162
-0.000223371
-0.00021184116
-0.00019947671
-0.0001864159
-0.00017283655
-0.00015894535
-0.00014496947
-0.00013114552
-0.00011766488
-0.00010475806
-9.2471458e-05
-8.1268588e-05
-7.0062178e-05
-6.257821e-05
-4.8050659e-05
-0.00030346849
-0.00030319937
-0.00030284154
-0.0003024314
-0.00030194582
-0.00030136456
-0.00030066932
-0.00029983893
-0.00029884805
-0.0002976669
-0.00029626079
-0.00029458955
-0.00029260704
-0.00029026074
-0.00028749159
-0.00028423412
-0.00028041714
-0.00027596501
-0.00027079987
-0.00026484493
-0.00025802891
-0.00025029186
-0.000241592
-0.00023191319
-0.00022127232
-0.00020972528
-0.00019737045
-0.00018434835
-0.00017083719
-0.0001570406
-0.00014318405
-0.00012950314
-0.00011617339
-0.00010342434
-9.1300212e-05
-8.0253117e-05
-6.9161072e-05
-6.2050773e-05
-4.6712303e-05
-0.00030206307
-0.00030178656
-0.00030141966
-0.00030099784
-0.00030049836
-0.00029990069
-0.00029918607
-0.00029833284
-0.00029731512
-0.00029610258
-0.00029465992
-0.00029294639
-0.00029091526
-0.00028851356
-0.00028568188
-0.00028235472
-0.0002784612
-0.00027392655
-0.00026867443
-0.00026263035
-0.00025572631
-0.00024790653
-0.00023913421
-0.0002293988
-0.00021872287
-0.00020716759
-0.00019483545
-0.0001818693
-0.00016844772
-0.00015477001
-0.00014106169
-0.000127556
-0.00011440257
-0.00010184267
-8.9911255e-05
-7.9045531e-05
-6.809846e-05
-6.1385302e-05
-4.5211679e-05
-0.00030014368
-0.00029985942
-0.00029948309
-0.00029904894
-0.0002985348
-0.00029791983
-0.0002971848
-0.00029630751
-0.00029526156
-0.00029401601
-0.00029253498
-0.00029077708
-0.00028869504
-0.00028623542
-0.00028333855
-0.00027993896
-0.00027596621
-0.00027134656
-0.00026600547
-0.00025987112
-0.00025287917
-0.00024497852
-0.00023613795
-0.00022635305
-0.00021565266
-0.00020410362
-0.00019181276
-0.00017892528
-0.00016561993
-0.00015208954
-0.00013856349
-0.00012525913
-0.00011231057
-9.9984091e-05
-8.8280383e-05
-7.7623344e-05
-6.6856296e-05
-6.0555368e-05
-4.3563998e-05
-0.0002975659
-0.00029727378
-0.00029688799
-0.00029644127
-0.00029591218
-0.0002952796
-0.00029452378
-0.00029362203
-0.00029254738
-0.00029126834
-0.0002897484
-0.00028794561
-0.00028581217
-0.00028329423
-0.00028033195
-0.00027685999
-0.00027280854
-0.00026810513
-0.00026267725
-0.00025645615
-0.00024938156
-0.00024140756
-0.00023250899
-0.00022268812
-0.00021198049
-0.00020045894
-0.00018823474
-0.00017545528
-0.00016229866
-0.00014894109
-0.00013561316
-0.00012250731
-0.00010986457
-9.7818846e-05
-8.6379811e-05
-7.5960673e-05
-6.5412184e-05
-5.9526135e-05
-4.1749903e-05
-0.00029415772
-0.0002938579
-0.00029346301
-0.00029300399
-0.00029246025
-0.00029181042
-0.00029103429
-0.00029010864
-0.00028900602
-0.00028769438
-0.00028613667
-0.00028429042
-0.00028210738
-0.00027953341
-0.00027650862
-0.00027296799
-0.00026884253
-0.00026406127
-0.0002585541
-0.00025225563
-0.00024511011
-0.00023707721
-0.00022813832
-0.00021830278
-0.00020761319
-0.00019614865
-0.00018402501
-0.00017139246
-0.00015842922
-0.00014526887
-0.00013209153
-0.00011941811
-0.00010724585
-9.5330567e-05
-8.4178507e-05
-7.4027881e-05
-6.3739687e-05
-5.8261198e-05
-3.9760753e-05
-0.00028972314
-0.00028941572
-0.00028901112
-0.0002885406
-0.00028798331
-0.0002873175
-0.00028652252
-0.00028557477
-0.00028444631
-0.00028310464
-0.00028151225
-0.00027962626
-0.00027739811
-0.0002747735
-0.00027169269
-0.00026809118
-0.00026390109
-0.00025905327
-0.00025348033
-0.00024712066
-0.0002399234
-0.00023185422
-0.00022290141
-0.00021308169
-0.00020244494
-0.00019107672
-0.00017909806
-0.00016666472
-0.00015396896
-0.00014113926
-0.000128293
-0.00011591158
-0.00010404813
-9.2491293e-05
-8.1643548e-05
-7.179095e-05
-6.1808137e-05
-5.6723483e-05
-3.7604463e-05
-0.00028402892
-0.00028371489
-0.00028330165
-0.00028282117
-0.00028225221
-0.00028157263
-0.00028076148
-0.0002797948
-0.00027864434
-0.00027727723
-0.00027565565
-0.00027373647
-0.00027147103
-0.00026880512
-0.00026567939
-0.00026203017
-0.000257791
-0.00025289485
-0.00024727742
-0.0002408812
-0.00023366057
-0.0002255875
-0.00021665738
-0.00020689438
-0.00019635546
-0.00018513203
-0.00017334867
-0.00016115965
-0.00014874544
-0.00013627446
-0.00012395554
-0.00011183395
-0.00010015215
-8.9150527e-05
-7.8719799e-05
-6.9210409e-05
-5.9581838e-05
-5.4871705e-05
-3.5274601e-05
-0.00027682502
-0.00027650595
-0.00027608614
-0.00027559811
-0.00027502034
-0.0002743304
-0.00027350714
-0.00027252638
-0.00027135967
-0.00026997394
-0.00026833127
-0.00026638848
-0.00026409705
-0.00026140313
-0.00025824808
-0.00025456942
-0.00025030246
-0.00024538279
-0.00023974961
-0.00023334998
-0.00022614391
-0.00021810988
-0.00020925047
-0.00019959718
-0.00018921362
-0.00017819636
-0.00016667243
-0.0001547939
-0.00014273025
-0.0001306457
-0.00011869232
-0.00010705753
-9.5912723e-05
-8.5357956e-05
-7.5371665e-05
-6.6245042e-05
-5.7020328e-05
-5.266067e-05
-3.2755588e-05
-0.00026781196
-0.00026748999
-0.00026706643
-0.00026657412
-0.00026599141
-0.00026529577
-0.00026446596
-0.00026347778
-0.00026230275
-0.0002609079
-0.00025925544
-0.00025730251
-0.00025500107
-0.00025229808
-0.00024913604
-0.00024545412
-0.00024118988
-0.0002362819
-0.00023067323
-0.0002243157
-0.00021717509
-0.0002092365
-0.00020050964
-0.00019103307
-0.00018087667
-0.00017014141
-0.00015895608
-0.00014747087
-0.00013584871
-0.00012424947
-0.00011281828
-0.00010172674
-9.1110638e-05
-8.1046919e-05
-7.1550374e-05
-6.2848725e-05
-5.4078174e-05
-5.0041966e-05
-3.0025563e-05
-0.00025671509
-0.00025639313
-0.00025596963
-0.00025547747
-0.00025489504
-0.0002541999
-0.00025337092
-0.00025238406
-0.00025121108
-0.0002498193
-0.00024817139
-0.00024622511
-0.00024393327
-0.00024124399
-0.00023810135
-0.00023444663
-0.00023022021
-0.00022536426
-0.00021982637
-0.00021356386
-0.00020654876
-0.00019877299
-0.00019025317
-0.00018103427
-0.00017119138
-0.00016082861
-0.00015007503
-0.00013907755
-0.00012799187
-0.00011697011
-0.00010615042
-9.5672777e-05
-8.5648854e-05
-7.6151759e-05
-6.7201108e-05
-5.8971191e-05
-5.0705721e-05
-4.6964444e-05
-2.7054205e-05
-0.00024313693
-0.00024281839
-0.00024239948
-0.00024191273
-0.00024133686
-0.00024064974
-0.00023983061
-0.00023885589
-0.00023769791
-0.00023632474
-0.0002347
-0.00023278264
-0.00023052698
-0.00022788306
-0.00022479731
-0.00022121389
-0.00021707661
-0.00021233167
-0.00020693126
-0.00020083792
-0.00019402947
-0.00018650409
-0.00017828474
-0.00016942224
-0.00015999605
-0.00015011228
-0.00013989865
-0.00012949694
-0.00011905365
-0.00010870948
-9.8590454e-05
-8.881209e-05
-7.9465113e-05
-7.0610879e-05
-6.2266622e-05
-5.4559856e-05
-4.6851042e-05
-4.337649e-05
-2.3805253e-05
-0.00022689179
-0.00022658127
-0.00022617295
-0.00022569857
-0.00022513741
-0.00022446797
-0.0002236701
-0.00022272092
-0.00022159363
-0.00022025737
-0.00021867698
-0.00021681293
-0.00021462138
-0.00021205454
-0.00020906153
-0.00020558979
-0.00020158717
-0.00019700481
-0.0001918008
-0.00018594445
-0.00017942083
-0.00017223519
-0.00016441662
-0.00015602035
-0.00014712795
-0.00013784473
-0.00012829428
-0.00011861053
-0.0001089284
-9.9374282e-05
-9.0058442e-05
-8.1074885e-05
-7.2494036e-05
-6.4361528e-05
-5.6689008e-05
-4.9561945e-05
-4.2462798e-05
-3.923017e-05
-2.0248889e-05
-0.00020732121
-0.00020702333
-0.00020663169
-0.00020617684
-0.00020563897
-0.00020499759
-0.00020423355
-0.00020332516
-0.00020224711
-0.00020097029
-0.00019946173
-0.00019768451
-0.00019559787
-0.00019315772
-0.00019031744
-0.00018702924
-0.00018324613
-0.00017892459
-0.00017402792
-0.00016853031
-0.00016242132
-0.00015571037
-0.00014843039
-0.00014063965
-0.00013242104
-0.0001238784
-0.00011513001
-0.00010630018
-9.7510223e-05
-8.8869872e-05
-8.0471038e-05
-7.2386463e-05
-6.466652e-05
-5.7340266e-05
-5.0410737e-05
-4.3925742e-05
-3.7490092e-05
-3.4467652e-05
-1.6325617e-05
-0.0001847791
-0.00018450059
-0.00018413449
-0.00018370927
-0.00018320643
-0.00018260684
-0.0001818926
-0.00018104346
-0.00018003576
-0.00017884233
-0.0001774324
-0.00017577152
-0.00017382178
-0.00017154229
-0.00016889008
-0.00016582164
-0.00016229511
-0.00015827314
-0.00015372655
-0.00014863817
-0.00014300681
-0.00013685041
-0.00013020817
-0.00012314093
-0.00011572965
-0.0001080715
-0.00010027378
-9.2445982e-05
-8.4691489e-05
-7.7100055e-05
-6.974272e-05
-6.2670546e-05
-5.5914081e-05
-4.9485846e-05
-4.3378009e-05
-3.7605387e-05
-3.1883269e-05
-2.8972084e-05
-1.1748773e-05
-0.00015757674
-0.00015732287
-0.00015698925
-0.00015660203
-0.00015614448
-0.00015559934
-0.00015495063
-0.00015418033
-0.0001532675
-0.00015218825
-0.00015091572
-0.00014942016
-0.00014766912
-0.00014562806
-0.00014326114
-0.0001405326
-0.00013740847
-0.00013385885
-0.00012986073
-0.00012540116
-0.00012048079
-0.00011511726
-0.00010934772
-0.00010322962
-9.6838898e-05
-9.0265302e-05
-8.3605335e-05
-7.6953928e-05
-7.0396387e-05
-6.4002019e-05
-5.7820551e-05
-5.1881978e-05
-4.6198184e-05
-4.0766436e-05
-3.5568398e-05
-3.059488e-05
-2.5644644e-05
-2.26659e-05
-6.2614037e-06
-0.00012829152
-0.00012807045
-0.00012778009
-0.00012744297
-0.00012704454
-0.00012656977
-0.00012600469
-0.00012533355
-0.00012453804
-0.00012359722
-0.00012248758
-0.00012118302
-0.00011965515
-0.00011787382
-0.00011580802
-0.00011342728
-0.00011070366
-0.00010761423
-0.00010414409
-0.00010028952
-9.6060865e-05
-9.1484522e-05
-8.6603594e-05
-8.1476711e-05
-7.6174933e-05
-7.077676e-05
-6.5361683e-05
-6.0003116e-05
-5.4761937e-05
-4.9681908e-05
-4.4787897e-05
-4.0087245e-05
-3.5573239e-05
-3.1229526e-05
-2.7032163e-05
-2.2969129e-05
-1.8911949e-05
-1.6007491e-05
-2.3956771e-06
-9.2159169e-05
-9.1980931e-05
-9.1746888e-05
-9.1475306e-05
-9.1154549e-05
-9.0772638e-05
-9.0318517e-05
-8.9779786e-05
-8.9142098e-05
-8.838918e-05
-8.7502885e-05
-8.6463308e-05
-8.5249078e-05
-8.3837881e-05
-8.2207287e-05
-8.0335939e-05
-7.8205131e-05
-7.5800792e-05
-7.3115774e-05
-7.0152278e-05
-6.6924068e-05
-6.3458008e-05
-5.9794312e-05
-5.5985012e-05
-5.20904e-05
-4.8173664e-05
-4.4294456e-05
-4.0502521e-05
-3.6832615e-05
-3.3301814e-05
-2.9909789e-05
-2.664208e-05
-2.3475509e-05
-2.038356e-05
-1.73449e-05
-1.4371128e-05
-1.140628e-05
-9.2475452e-06
-4.2388259e-06
-5.0751294e-05
-5.0622722e-05
-5.0453906e-05
-5.0258297e-05
-5.0027648e-05
-4.9753541e-05
-4.942834e-05
-4.9043584e-05
-4.8589612e-05
-4.8055641e-05
-4.7429901e-05
-4.669983e-05
-4.5852417e-05
-4.4874741e-05
-4.3754714e-05
-4.2482077e-05
-4.1049607e-05
-3.945449e-05
-3.7699735e-05
-3.5795463e-05
-3.3759832e-05
-3.1619355e-05
-2.9408284e-05
-2.7166764e-05
-2.4937525e-05
-2.2761236e-05
-2.0671112e-05
-1.8687877e-05
-1.6816354e-05
-1.5044706e-05
-1.3346702e-05
-1.1686823e-05
-1.0027254e-05
-8.3319191e-06
-6.5803832e-06
-4.8142312e-06
-2.9964939e-06
-1.5743271e-06
8.4857147e-07
-8.2517648e-06
-8.1805364e-06
-8.0871273e-06
-7.9790109e-06
-7.8517724e-06
-7.7009259e-06
-7.5224845e-06
-7.3121108e-06
-7.0649471e-06
-6.7757147e-06
-6.4388588e-06
-6.0487567e-06
-5.600037e-06
-5.0880441e-06
-4.5094746e-06
-3.8632031e-06
-3.1512897e-06
-2.3801103e-06
-1.5614684e-06
-7.1343262e-07
1.3946952e-07
9.6710903e-07
1.7359606e-06
2.4126624e-06
2.9685591e-06
3.3845363e-06
3.6552846e-06
3.7921026e-06
3.8234697e-06
3.7929345e-06
3.7543566e-06
3.7647813e-06
3.8760043e-06
4.136515e-06
4.5715581e-06
5.0889777e-06
5.7300772e-06
6.2937507e-06
7.4164467e-06
3.7607609e-05
3.7616204e-05
3.7627238e-05
3.7639531e-05
3.765329e-05
3.7668594e-05
3.768525e-05
3.7702819e-05
3.7720525e-05
3.77371e-05
3.7750573e-05
3.7758007e-05
3.7755156e-05
3.7736057e-05
3.7692562e-05
3.7613846e-05
3.7485956e-05
3.7291514e-05
3.70097e-05
3.661668e-05
3.6086617e-05
3.5393421e-05
3.4513324e-05
3.3428326e-05
3.2130293e-05
3.0625157e-05
2.8936277e-05
2.7105841e-05
2.5193479e-05
2.3271835e-05
2.1419596e-05
1.971213e-05
1.8211108e-05
1.6983645e-05
1.6071439e-05
1.5264462e-05
1.466648e-05
1.42282e-05
1.4121733e-05
8.4602856e-05
8.4543477e-05
8.446513e-05
8.4373628e-05
8.4264655e-05
8.413361e-05
8.3975937e-05
8.3786254e-05
8.3558016e-05
8.3283328e-05
8.2952719e-05
8.2554854e-05
8.2076234e-05
8.1500876e-05
8.0810022e-05
7.9981917e-05
7.8991738e-05
7.7811795e-05
7.6412162e-05
7.4761952e-05
7.2831438e-05
7.0595153e-05
6.8035902e-05
6.5149309e-05
6.194825e-05
5.8466261e-05
5.4759035e-05
5.0903214e-05
4.699211e-05
4.3128682e-05
3.9416457e-05
3.5947033e-05
3.2787415e-05
3.0047517e-05
2.776368e-05
2.5523545e-05
2.3676637e-05
2.2179437e-05
2.0898918e-05
0.00013266652
0.00013253641
0.00013236505
0.00013216547
0.00013192862
0.000131645
0.00013130545
0.00013089935
0.00013041403
0.00012983451
0.00012914328
0.00012831993
0.00012734092
0.00012617932
0.00012480477
0.00012318361
0.00012127938
0.00011905382
0.00011646848
0.00011348718
0.00011007922
0.00010622351
0.0001019132
9.7160495e-05
9.2000874e-05
8.649571e-05
8.0732308e-05
7.4820534e-05
6.8885932e-05
6.3060273e-05
5.7470061e-05
5.221779e-05
4.7368676e-05
4.3176992e-05
3.9348654e-05
3.5740704e-05
3.2767208e-05
3.0071981e-05
2.7645157e-05
0.0001805393
0.00018033669
0.00018007001
0.0001797597
0.00017939192
0.00017895217
0.00017842663
0.00017779939
0.00017705161
0.00017616123
0.00017510272
0.00017384668
0.00017235969
0.00017060411
0.00016853833
0.0001661172
0.00016329305
0.00016001738
0.00015624333
0.00015192918
0.00014704275
0.00014156673
0.00013550431
0.00012888455
0.0001217664
0.00011424017
0.00010642567
9.846618e-05
9.0518775e-05
8.2741886e-05
7.5279043e-05
6.8230242e-05
6.1632931e-05
5.5976606e-05
5.0738779e-05
4.5899484e-05
4.1684108e-05
3.7737175e-05
3.4214339e-05
0.00022744506
0.00022717026
0.00022680867
0.00022638812
0.00022588997
0.00022529474
0.00022458395
0.00022373645
0.00022272724
0.00022152718
0.00022010272
0.0002184155
0.0002164222
0.00021407451
0.00021131959
0.00020810087
0.00020435968
0.00020003762
0.00019508006
0.00018944063
0.00018308684
0.00017600638
0.00016821349
0.00015975466
0.00015071226
0.00014120502
0.00013138424
0.00012142545
0.00011151598
0.00010183872
9.254846e-05
8.3752517e-05
7.5699834e-05
6.8389179e-05
6.1598421e-05
5.5510586e-05
5.0045247e-05
4.5035383e-05
4.048166e-05
0.00027231938
0.00027197436
0.00027152046
0.00027099269
0.00027036775
0.00026962137
0.00026873055
0.00026766903
0.00026640589
0.00026490516
0.00026312558
0.00026102019
0.00025853617
0.00025561507
0.00025219333
0.0002482036
0.0002435768
0.00023824527
0.00023214705
0.00022523153
0.00021746605
0.00020884325
0.00019938829
0.00018916473
0.00017827787
0.00016687409
0.00015513519
0.00014326785
0.000131489
0.00012000834
0.0001090103
9.8659348e-05
8.9189768e-05
8.0162034e-05
7.1800819e-05
6.4558332e-05
5.7951189e-05
5.1883972e-05
4.6344706e-05
0.00031422388
0.00031381252
0.0003132714
0.00031264234
0.00031189764
0.00031100846
0.00030994758
0.00030868392
0.00030718094
0.00030539627
0.00030328136
0.00030078113
0.00029783388
0.00029437155
0.00029032058
0.00028560352
0.00028014162
0.00027385867
0.00026668615
0.0002585698
0.00024947729
0.00023940642
0.000228393
0.00021651695
0.00020390517
0.00019072972
0.00017720052
0.00016355243
0.00015002825
0.00013685932
0.00012424693
0.00011235793
0.00010135164
9.109042e-05
8.156283e-05
7.3016214e-05
6.5250876e-05
5.8168031e-05
5.1706943e-05
0.00035218902
0.00035171698
0.00035109602
0.00035037423
0.00034951991
0.00034850006
0.00034728356
0.00034583496
0.0003441126
0.00034206826
0.00033964677
0.00033678567
0.00033341519
0.00032945858
0.00032483325
0.00031945263
0.00031322929
0.00030607937
0.00029792854
0.00028871936
0.00027841994
0.00026703296
0.00025460408
0.00024122822
0.00022705198
0.00021227079
0.0001971198
0.00018185897
0.00016675381
0.00015205422
0.00013797473
0.0001246832
0.00011230598
0.00010082632
9.0219464e-05
8.0572197e-05
7.1778417e-05
6.3774069e-05
5.6479004e-05
0.00038535231
0.00038482593
0.00038413151
0.000383328
0.00038237748
0.00038124273
0.00037988933
0.00037827806
0.00037636275
0.00037409001
0.00037139888
0.00036822041
0.00036447772
0.00036008649
0.00035495616
0.00034899222
0.00034209971
0.00033418815
0.00032517826
0.00031501005
0.00030365226
0.00029111208
0.00027744403
0.00026275628
0.0002472127
0.00023102901
0.00021446219
0.00019779379
0.00018130873
0.0001652727
0.00014991171
0.00013539842
0.00012184873
0.00010928295
9.7690246e-05
8.7092248e-05
7.7411101e-05
6.8603468e-05
6.0581791e-05
0.00041290487
0.00041233146
0.00041157082
0.00041069876
0.00040966813
0.00040843743
0.00040696964
0.00040522245
0.00040314598
0.00040068253
0.00039776629
0.00039432296
0.00039026977
0.00038551608
0.00037996479
0.0003735148
0.0003660649
0.00035751918
0.00034779423
0.00033682796
0.00032458965
0.00031109027
0.00029639172
0.00028061328
0.00026393324
0.00024658417
0.00022884117
0.00021100352
0.00019337206
0.00017622535
0.00015979863
0.00014426947
0.00012975179
0.00011628147
0.00010385424
9.2463517e-05
8.2046493e-05
7.257188e-05
6.3947603e-05
0.00043421707
0.00043360783
0.00043279628
0.00043187224
0.00043078073
0.00042947668
0.00042792081
0.00042606818
0.00042386582
0.00042125298
0.00041816044
0.00041450976
0.0004102136
0.00040517644
0.00039929612
0.00039246651
0.00038458167
0.0003755416
0.0003652599
0.00035367306
0.00034075099
0.00032650772
0.00031101099
0.00029438864
0.00027682998
0.00025858049
0.00023992903
0.0002211884
0.00020267152
0.00018466671
0.00016741618
0.00015110135
0.00013583677
0.00012166652
0.00010858914
9.6584684e-05
8.55994e-05
7.5609995e-05
6.6521025e-05
0.00044865806
0.00044802469
0.00044717884
0.00044622058
0.00044508942
0.00044373789
0.0004421252
0.00044020416
0.00043791881
0.00043520624
0.00043199581
0.00042820662
0.00042374802
0.00041852111
0.00041242029
0.00040533596
0.00039715885
0.00038778604
0.00037712894
0.0003651229
0.00035173809
0.00033699057
0.000320952
0.00030375616
0.00028559999
0.00026673789
0.00024746818
0.0002281129
0.00020899321
0.00019040403
0.00017259225
0.000155742
0.00013996885
0.00012532104
0.00011179865
9.9375848e-05
8.8003798e-05
7.7664251e-05
6.825923e-05
0.00045612591
0.00045571452
0.00045503585
0.00045420204
0.00045315592
0.00045183349
0.00045014136
0.0004479672
0.00044531048
0.00044231481
0.00043899105
0.00043514542
0.00043061005
0.00042528604
0.00041907202
0.00041185749
0.00040353114
0.00039398851
0.00038313996
0.00037092034
0.00035730004
0.00034229619
0.00032598251
0.00030849572
0.00029003663
0.00027086406
0.0002512811
0.00023161441
0.00021218929
0.00019330399
0.00017520776
0.00015808611
0.00014205526
0.00012716519
0.00011341675
0.00010078195
8.9214148e-05
7.8697518e-05
6.9132442e-05
-4.7333815e-05
-3.8801733e-05
-3.4902801e-05
-2.9767723e-05
-2.6341511e-05
-2.2993791e-05
-2.0255681e-05
-1.7810297e-05
-1.5677891e-05
-1.3800134e-05
-1.211095e-05
-1.0664831e-05
-9.2465064e-06
-8.2322207e-06
-6.8523819e-06
-4.738809e-05
-3.8755976e-05
-3.4918368e-05
-2.9790053e-05
-2.6365567e-05
-2.3022559e-05
-2.0281242e-05
-1.7833871e-05
-1.5697438e-05
-1.3815638e-05
-1.2122059e-05
-1.0672014e-05
-9.2486049e-06
-8.2344012e-06
-6.8397131e-06
-4.7502791e-05
-3.8632663e-05
-3.491752e-05
-2.9783635e-05
-2.636615e-05
-2.3030067e-05
-2.0286731e-05
-1.7839115e-05
-1.5699932e-05
-1.3815372e-05
-1.2118609e-05
-1.0666032e-05
-9.2375786e-06
-8.2287563e-06
-6.808048e-06
-4.7668604e-05
-3.8416356e-05
-3.488878e-05
-2.9737976e-05
-2.6335181e-05
-2.3009255e-05
-2.0266668e-05
-1.7821572e-05
-1.5681961e-05
-1.3796821e-05
-1.2098831e-05
-1.0645939e-05
-9.2128628e-06
-8.2156626e-06
-6.7571291e-06
-4.7878664e-05
-3.8104612e-05
-3.4828304e-05
-2.9652214e-05
-2.6271845e-05
-2.2959971e-05
-2.0221187e-05
-1.7781493e-05
-1.5643846e-05
-1.37603e-05
-1.2062957e-05
-1.0611902e-05
-9.1745128e-06
-8.1948976e-06
-6.6869028e-06
-4.8123004e-05
-3.7698051e-05
-3.4731379e-05
-2.9524688e-05
-2.617403e-05
-2.2880623e-05
-2.0148925e-05
-1.7717658e-05
-1.5584523e-05
-1.3704859e-05
-1.2010128e-05
-1.0563107e-05
-9.1219086e-06
-8.1654457e-06
-6.5974036e-06
-4.8386004e-05
-3.7199138e-05
-3.4591816e-05
-2.9352772e-05
-2.6038584e-05
-2.2768707e-05
-2.0047711e-05
-1.7628142e-05
-1.5502333e-05
-1.3629053e-05
-1.1939114e-05
-1.0498437e-05
-9.054307e-06
-8.1260409e-06
-6.4890206e-06
-4.8643579e-05
-3.6605949e-05
-3.440272e-05
-2.9133715e-05
-2.5862099e-05
-2.2621598e-05
-1.9915289e-05
-1.751097e-05
-1.5395595e-05
-1.3531434e-05
-1.1848697e-05
-1.0416773e-05
-8.97104e-06
-8.0752949e-06
-6.3625561e-06
-4.8865124e-05
-3.5894045e-05
-3.4156188e-05
-2.8865137e-05
-2.5640943e-05
-2.2436533e-05
-1.9749333e-05
-1.7364118e-05
-1.5262589e-05
-1.3410526e-05
-1.1737655e-05
-1.0316975e-05
-8.8714759e-06
-8.0116805e-06
-6.219193e-06
-4.9045524e-05
-3.5095618e-05
-3.3841597e-05
-2.8545592e-05
-2.5371413e-05
-2.2210497e-05
-1.9547356e-05
-1.7185436e-05
-1.5101498e-05
-1.3264777e-05
-1.1604707e-05
-1.0197844e-05
-8.7549788e-06
-7.933537e-06
-6.0604478e-06
-4.9212931e-05
-3.4250463e-05
-3.3407932e-05
-2.817395e-05
-2.5050289e-05
-2.194023e-05
-1.9306666e-05
-1.6972621e-05
-1.4910382e-05
-1.3092536e-05
-1.1448501e-05
-1.0058122e-05
-8.6208874e-06
-7.8390992e-06
-5.88811e-06
-4.9238595e-05
-3.331462e-05
-3.2877235e-05
-2.7734801e-05
-2.4672671e-05
-2.1622223e-05
-1.9024368e-05
-1.6723219e-05
-1.4687186e-05
-1.289207e-05
-1.1267621e-05
-9.8964999e-06
-8.4685071e-06
-7.7265402e-06
-5.704163e-06
-4.8998924e-05
-3.2273648e-05
-3.2292081e-05
-2.7229532e-05
-2.4234348e-05
-2.1252791e-05
-1.8697425e-05
-1.6434676e-05
-1.4429785e-05
-1.2661593e-05
-1.1060615e-05
-9.7116481e-06
-8.2971157e-06
-7.5940313e-06
-5.5106881e-06
-4.8518694e-05
-3.1176903e-05
-3.1604596e-05
-2.6655065e-05
-2.3731061e-05
-2.0828069e-05
-1.8322744e-05
-1.6104424e-05
-1.4136066e-05
-1.2399348e-05
-1.0826058e-05
-9.5022703e-06
-8.1059907e-06
-7.4398199e-06
-5.3097576e-06
-4.7757895e-05
-3.0022076e-05
-3.0789239e-05
-2.6004775e-05
-2.3158025e-05
-2.0344159e-05
-1.7897329e-05
-1.573004e-05
-1.3804062e-05
-1.2103714e-05
-1.0562645e-05
-9.2671852e-06
-7.8944611e-06
-7.262327e-06
-5.1033252e-06
-4.6650496e-05
-2.8803885e-05
-2.9834083e-05
-2.5272534e-05
-2.251074e-05
-1.9797477e-05
-1.7418542e-05
-1.530947e-05
-1.3432147e-05
-1.1773372e-05
-1.026932e-05
-9.0054363e-06
-7.6619823e-06
-7.0602599e-06
-4.8931214e-06
-4.5132071e-05
-2.753002e-05
-2.8728924e-05
-2.4452735e-05
-2.178562e-05
-1.9185157e-05
-1.6884424e-05
-1.4841298e-05
-1.3019261e-05
-1.140749e-05
-9.9454327e-06
-8.7164225e-06
-7.4082304e-06
-6.8327331e-06
-4.6805638e-06
-4.3136049e-05
-2.6206438e-05
-2.7464363e-05
-2.3539633e-05
-2.097998e-05
-1.8505163e-05
-1.629387e-05
-1.4324948e-05
-1.2565098e-05
-1.1005894e-05
-9.5908812e-06
-8.4000239e-06
-7.1331984e-06
-6.5793832e-06
-4.466689e-06
-4.0594811e-05
-2.4830007e-05
-2.603037e-05
-2.2525123e-05
-2.0091057e-05
-1.7755856e-05
-1.5646454e-05
-1.3760648e-05
-1.2070144e-05
-1.0569127e-05
-9.2061861e-06
-8.0566855e-06
-6.8372695e-06
-6.3004569e-06
-4.2521097e-06
-3.7482099e-05
-2.3412105e-05
-2.4431161e-05
-2.1405517e-05
-1.9120338e-05
-1.6938673e-05
-1.4944008e-05
-1.3150377e-05
-1.1536236e-05
-1.0098797e-05
-8.7927035e-06
-7.687556e-06
-6.521312e-06
-5.9968701e-06
-4.0370349e-06
-3.3853377e-05
-2.2057044e-05
-2.2746575e-05
-2.0216343e-05
-1.8093892e-05
-1.6070168e-05
-1.4197647e-05
-1.2502023e-05
-1.0969078e-05
-9.5990975e-06
-8.3535325e-06
-7.2950291e-06
-6.1869976e-06
-5.670323e-06
-3.8214662e-06
-2.9430344e-05
-2.0779051e-05
-2.105889e-05
-1.8989963e-05
-1.7035884e-05
-1.5167015e-05
-1.3419634e-05
-1.1825184e-05
-1.0376176e-05
-9.0758682e-06
-7.8931431e-06
-6.8827191e-06
-5.8368382e-06
-5.3234382e-06
-3.6052788e-06
-2.2602908e-05
-1.8450008e-05
-1.8756975e-05
-1.7333818e-05
-1.5716719e-05
-1.4100081e-05
-1.2539164e-05
-1.1081852e-05
-9.7374833e-06
-8.5190702e-06
-7.4070806e-06
-6.4497072e-06
-5.470877e-06
-4.9589119e-06
-3.3862104e-06
-1.2190258e-05
-1.3239467e-05
-1.4680588e-05
-1.4511283e-05
-1.3698909e-05
-1.2617115e-05
-1.1408484e-05
-1.0182927e-05
-8.9980565e-06
-7.8948657e-06
-6.875224e-06
-5.9845219e-06
-5.0826074e-06
-4.5765982e-06
-3.1571578e-06
-6.2689653e-06
-4.8960778e-06
-4.2875084e-06
-3.3587853e-06
-2.6922846e-06
-2.0205021e-06
-1.459416e-06
-9.5285326e-07
-5.4125936e-07
-1.8019304e-07
6.0796136e-08
2.8738436e-07
3.1348992e-07
3.8647097e-07
1.3651295e-07
-6.2751352e-06
-4.8876336e-06
-4.283986e-06
-3.3565036e-06
-2.6901563e-06
-2.0192088e-06
-1.4583672e-06
-9.5213227e-07
-5.4070442e-07
-1.7980272e-07
6.1135935e-08
2.8761834e-07
3.1372583e-07
3.8541565e-07
1.287106e-07
-6.2865592e-06
-4.8692731e-06
-4.2765427e-06
-3.3513813e-06
-2.6855854e-06
-2.016374e-06
-1.4561087e-06
-9.5054447e-07
-5.3947155e-07
-1.789352e-07
6.1859352e-08
2.8814559e-07
3.1419528e-07
3.8520894e-07
1.231107e-07
-6.3036237e-06
-4.8404544e-06
-4.2649985e-06
-3.343247e-06
-2.6784662e-06
-2.0119082e-06
-1.4525828e-06
-9.4808196e-07
-5.3759495e-07
-1.7762423e-07
6.2927356e-08
2.8890054e-07
3.1488086e-07
3.8619767e-07
1.23641e-07
-6.325846e-06
-4.8009343e-06
-4.2489177e-06
-3.3319006e-06
-2.668624e-06
-2.0056967e-06
-1.4477155e-06
-9.4469331e-07
-5.3503953e-07
-1.7585666e-07
6.4343185e-08
2.8987454e-07
3.1575643e-07
3.8750624e-07
1.258581e-07
-6.3521512e-06
-4.7507414e-06
-4.22781e-06
-3.3171689e-06
-2.6558886e-06
-1.9976249e-06
-1.4414334e-06
-9.403291e-07
-5.3177453e-07
-1.7362181e-07
6.6106891e-08
2.9105634e-07
3.1679821e-07
3.8898799e-07
1.2713045e-07
-6.380957e-06
-4.6901752e-06
-4.2011483e-06
-3.2989024e-06
-2.6400993e-06
-1.9875799e-06
-1.4336663e-06
-9.3494397e-07
-5.2777613e-07
-1.7091384e-07
6.821403e-08
2.9242879e-07
3.1798448e-07
3.9066132e-07
1.2765934e-07
-6.4101353e-06
-4.6198041e-06
-4.1683676e-06
-3.2769641e-06
-2.6211024e-06
-1.9754479e-06
-1.4243459e-06
-9.2849351e-07
-5.2302226e-07
-1.677283e-07
7.0658739e-08
2.9397336e-07
3.1929378e-07
3.9252453e-07
1.2771683e-07
-6.4369789e-06
-4.5404467e-06
-4.1288789e-06
-3.25122e-06
-2.5987507e-06
-1.9611126e-06
-1.4134054e-06
-9.2093329e-07
-5.1749125e-07
-1.640614e-07
7.3434409e-08
2.9567113e-07
3.2070445e-07
3.9455857e-07
1.2734903e-07
-6.4582006e-06
-4.4531319e-06
-4.0820906e-06
-3.2215258e-06
-2.5729048e-06
-1.9444536e-06
-1.4007783e-06
-9.1221834e-07
-5.1116179e-07
-1.5990996e-07
7.653362e-08
2.9750263e-07
3.2219483e-07
3.9674287e-07
1.2651966e-07
-6.4699693e-06
-4.3590378e-06
-4.0274339e-06
-3.1877107e-06
-2.543432e-06
-1.9253434e-06
-1.3863965e-06
-9.0230213e-07
-5.0401225e-07
-1.5527105e-07
7.9948312e-08
2.9944771e-07
3.2374352e-07
3.9905764e-07
1.2518191e-07
-6.4679896e-06
-4.2594089e-06
-3.9643909e-06
-3.1495592e-06
-2.5102042e-06
-1.9036445e-06
-1.3701884e-06
-8.9113498e-07
-4.9601961e-07
-1.5014137e-07
8.3670215e-08
3.0148579e-07
3.2532975e-07
4.0148261e-07
1.2328711e-07
-6.4476354e-06
-4.1554548e-06
-3.8925235e-06
-3.1067935e-06
-2.473094e-06
-1.8792058e-06
-1.3520752e-06
-8.7866201e-07
-4.8715794e-07
-1.445162e-07
8.769149e-08
3.0359624e-07
3.2693398e-07
4.0399604e-07
1.2078554e-07
-6.4041412e-06
-4.0482372e-06
-3.8115011e-06
-3.0590579e-06
-2.4319692e-06
-1.8518589e-06
-1.3319674e-06
-8.6482058e-07
-4.7739648e-07
-1.3838814e-07
9.2005611e-08
3.0575885e-07
3.2853853e-07
4.0657408e-07
1.176297e-07
-6.3328522e-06
-3.9385548e-06
-3.7211229e-06
-3.0059097e-06
-2.386686e-06
-1.8214156e-06
-1.3097605e-06
-8.4953744e-07
-4.6669734e-07
-1.3174553e-07
9.6608472e-08
3.0795459e-07
3.3012854e-07
4.0919025e-07
1.1377824e-07
-6.2295204e-06
-3.8268398e-06
-3.6213331e-06
-2.9468184e-06
-2.3370814e-06
-1.7876658e-06
-1.285331e-06
-8.3272564e-07
-4.55013e-07
-1.2457061e-07
1.0149971e-07
3.1016642e-07
3.3169295e-07
4.1181449e-07
1.0919787e-07
-6.0906264e-06
-3.7130816e-06
-3.5122243e-06
-2.8811765e-06
-2.2829659e-06
-1.750378e-06
-1.2585325e-06
-8.1428146e-07
-4.4228358e-07
-1.1683751e-07
1.0668422e-07
3.1238035e-07
3.3322575e-07
4.144115e-07
1.0386051e-07
-5.9136967e-06
-3.5967913e-06
-3.394029e-06
-2.8083228e-06
-2.2241189e-06
-1.7093014e-06
-1.2291935e-06
-7.9408163e-07
-4.284341e-07
-1.0850997e-07
1.1217391e-07
3.1458675e-07
3.3472755e-07
4.1694147e-07
9.7754221e-08
-5.6975713e-06
-3.4770224e-06
-3.2670977e-06
-2.7275784e-06
-2.1602862e-06
-1.6641711e-06
-1.1971164e-06
-7.7198102e-07
-4.1337177e-07
-9.9538724e-08
1.1799019e-07
3.1678275e-07
3.3620818e-07
4.1937407e-07
9.0960372e-08
-5.4425596e-06
-3.3524567e-06
-3.131865e-06
-2.6382913e-06
-2.091186e-06
-1.6147167e-06
-1.1620798e-06
-7.4781197e-07
-3.9698418e-07
-8.9859498e-08
1.2416613e-07
3.1897394e-07
3.3768914e-07
4.2169753e-07
8.3693965e-08
-5.1504481e-06
-3.2215697e-06
-2.9888149e-06
-2.5398805e-06
-2.0165204e-06
-1.5606749e-06
-1.1238448e-06
-7.213881e-07
-3.7914283e-07
-7.9398638e-08
1.3074043e-07
3.2116379e-07
3.3919491e-07
4.2387342e-07
7.6187751e-08
-4.8246869e-06
-3.0827875e-06
-2.8384834e-06
-2.431873e-06
-1.9359831e-06
-1.5018019e-06
-1.0821624e-06
-6.9250871e-07
-3.597114e-07
-6.8086655e-08
1.3773829e-07
3.2332751e-07
3.4072466e-07
4.2577939e-07
6.8559831e-08
-4.4717234e-06
-2.9340939e-06
-2.6815224e-06
-2.3139862e-06
-1.8492426e-06
-1.4378771e-06
-1.036764e-06
-6.6092632e-07
-3.385101e-07
-5.5803319e-08
1.4522133e-07
3.2549859e-07
3.4230692e-07
4.2735679e-07
6.0807308e-08
-4.1005333e-06
-2.772019e-06
-2.5184584e-06
-2.1863546e-06
-1.7559941e-06
-1.3687033e-06
-9.873245e-07
-6.2623205e-07
-3.1512869e-07
-4.2077129e-08
1.5364713e-07
3.2828964e-07
3.4447064e-07
4.2942822e-07
5.3815039e-08
-8.4139494e-06
-3.3033523e-06
2.7819781e-07
2.4612335e-06
3.5707089e-06
4.1597169e-06
4.400706e-06
4.3646696e-06
4.4743171e-06
4.9729993e-07
2.7097645e-06
4.1722209e-06
5.02895e-06
5.2897931e-06
5.3093774e-06
5.1744421e-06
4.9199096e-06
4.9789627e-06
6.9819028e-06
7.7387656e-06
7.8193113e-06
7.58776e-06
7.0396227e-06
6.4690151e-06
5.9424993e-06
5.4600856e-06
5.4804924e-06
1.3077563e-05
1.2538177e-05
1.1400387e-05
1.0124792e-05
8.7685712e-06
7.6100186e-06
6.695755e-06
5.9925895e-06
5.9787414e-06
1.90935e-05
1.7291579e-05
1.4948925e-05
1.2626536e-05
1.0460219e-05
8.721289e-06
7.4265301e-06
6.5160392e-06
6.4639687e-06
2.4948944e-05
2.1931816e-05
1.8412402e-05
1.5057741e-05
1.2094245e-05
9.7908588e-06
8.1287582e-06
7.0300972e-06
6.9181371e-06
3.0562562e-05
2.6385122e-05
2.1735899e-05
1.7383198e-05
1.3650495e-05
1.0807065e-05
8.7970774e-06
7.5248633e-06
7.3227475e-06
3.5867051e-05
3.0591977e-05
2.4871984e-05
1.9571131e-05
1.5110065e-05
1.175904e-05
9.4244779e-06
7.9820225e-06
7.693594e-06
4.0795274e-05
3.4496193e-05
2.7777259e-05
2.1592609e-05
1.6455403e-05
1.2635916e-05
9.9985957e-06
8.3926458e-06
8.0452714e-06
4.5279748e-05
3.8043846e-05
3.0411833e-05
2.3421428e-05
1.7670276e-05
1.3426064e-05
1.0506651e-05
8.7574018e-06
8.3736068e-06
4.9256039e-05
4.1184917e-05
3.2739757e-05
2.5034196e-05
1.8739873e-05
1.4119017e-05
1.095334e-05
9.0845806e-06
8.6647578e-06
5.2665497e-05
4.3874596e-05
3.4729419e-05
2.6410385e-05
1.9651614e-05
1.4709561e-05
1.1342263e-05
9.3681593e-06
8.9075062e-06
5.5457029e-05
4.6074259e-05
3.6353965e-05
2.7532594e-05
2.0394653e-05
1.5191131e-05
1.1661088e-05
9.5955621e-06
9.1017456e-06
5.7588351e-05
4.7752142e-05
3.759151e-05
2.8386623e-05
2.0959898e-05
1.5557531e-05
1.1902773e-05
9.765619e-06
9.2490755e-06
5.9026391e-05
4.8883272e-05
3.8424685e-05
2.8960938e-05
2.1339743e-05
1.5803567e-05
1.2064107e-05
9.8811057e-06
9.3478856e-06
5.974786e-05
4.9449839e-05
3.8840884e-05
2.924687e-05
2.1528146e-05
1.5924983e-05
1.2142849e-05
9.9385893e-06
9.3963574e-06
-1.3836173e-05
-1.5658857e-05
-1.5512986e-05
-1.4419461e-05
-1.3156787e-05
-1.1896433e-05
-1.0656434e-05
-9.4681995e-06
-8.3493059e-06
-7.317777e-06
-6.3732751e-06
-5.5401401e-06
-4.7189425e-06
-4.213445e-06
-2.957364e-06
-4.8419456e-06
-7.6962283e-06
-8.8386729e-06
-9.1237966e-06
-9.1138197e-06
-8.8388499e-06
-8.3236326e-06
-7.6635113e-06
-6.9403168e-06
-6.2127619e-06
-5.5098236e-06
-4.8520883e-06
-4.2051978e-06
-3.7259193e-06
-2.7662209e-06
-1.5905307e-06
-4.3172328e-06
-5.5393028e-06
-5.9352534e-06
-6.148504e-06
-6.1737251e-06
-5.9778351e-06
-5.638544e-06
-5.2282414e-06
-4.7872353e-06
-4.3348565e-06
-3.8836714e-06
-3.4341962e-06
-3.0291279e-06
-2.4320879e-06
8.1698347e-07
-5.9503321e-07
-1.4617931e-06
-2.01469e-06
-2.4358223e-06
-2.72623e-06
-2.8869335e-06
-2.9361647e-06
-2.9144758e-06
-2.8425265e-06
-2.7040147e-06
-2.5159332e-06
-2.2992036e-06
-2.0702298e-06
-1.8107931e-06
2.430002e-06
1.7512987e-06
1.1512254e-06
6.3725969e-07
2.0524863e-07
-1.4541892e-07
-4.1893974e-07
-6.2601321e-07
-7.7159325e-07
-8.6252814e-07
-9.0945443e-07
-9.2320514e-07
-9.1808018e-07
-8.9590469e-07
-8.5012347e-07
3.4472417e-06
3.1345533e-06
2.802332e-06
2.4835284e-06
2.1921759e-06
1.9257734e-06
1.6816385e-06
1.4591609e-06
1.2579897e-06
1.0768811e-06
9.1466319e-07
7.7080556e-07
6.4509485e-07
5.3392813e-07
4.2717747e-07
3.9565274e-06
3.8089514e-06
3.6369082e-06
3.459496e-06
3.2852616e-06
3.113131e-06
2.942381e-06
2.7737114e-06
2.6079158e-06
2.4455568e-06
2.2871054e-06
2.1329768e-06
1.9834461e-06
1.8388583e-06
1.6945291e-06
4.0721627e-06
4.0097641e-06
3.9256648e-06
3.8327214e-06
3.738049e-06
3.6407355e-06
3.5396768e-06
3.4348893e-06
3.32655e-06
3.2146838e-06
3.0992707e-06
2.9803161e-06
2.8578472e-06
2.7319311e-06
2.6008631e-06
4.2069932e-06
4.1616333e-06
4.1069981e-06
4.0468802e-06
3.9830304e-06
3.9149573e-06
3.8421395e-06
3.7643604e-06
3.6814573e-06
3.5932447e-06
3.4995475e-06
3.4002161e-06
3.2951208e-06
3.1843103e-06
3.0698718e-06
-3.7444362e-06
-2.6234878e-06
-2.36947e-06
-2.0670615e-06
-1.6694908e-06
-1.3039153e-06
-9.4066293e-07
-5.9309856e-07
-2.9247995e-07
-2.831821e-08
1.6256898e-07
3.3222191e-07
3.4797807e-07
4.3316105e-07
5.1161389e-08
-3.2709542e-06
-2.4775862e-06
-2.1908665e-06
-1.9223095e-06
-1.5658761e-06
-1.2248166e-06
-8.8327756e-07
-5.5238007e-07
-2.6467312e-07
-1.2075371e-08
1.7288897e-07
3.3519251e-07
3.5147911e-07
4.3386528e-07
4.982086e-08
-2.6236241e-06
-2.2000908e-06
-1.9125948e-06
-1.6820076e-06
-1.391581e-06
-1.0941729e-06
-7.8787787e-07
-4.8474178e-07
-2.1964259e-07
1.2226266e-08
1.8607391e-07
3.3407917e-07
3.5198065e-07
4.2417311e-07
4.2057166e-08
-1.8396946e-06
-1.6720847e-06
-1.4661137e-06
-1.2958717e-06
-1.1015249e-06
-8.8060117e-07
-6.2509301e-07
-3.6355606e-07
-1.3777679e-07
5.8229063e-08
2.0984705e-07
3.3327247e-07
3.51416e-07
4.0268518e-07
2.8048545e-08
-8.1767106e-07
-8.1473671e-07
-7.9435777e-07
-7.4881322e-07
-6.6628269e-07
-5.2945175e-07
-3.3095921e-07
-1.372366e-07
1.5907288e-08
1.495787e-07
2.5790927e-07
3.4327737e-07
3.5495503e-07
3.7256644e-07
1.890379e-08
3.623884e-07
2.3461943e-07
1.370383e-07
8.6510133e-08
7.7129238e-08
1.1029473e-07
1.4745793e-07
1.7346001e-07
2.1154727e-07
2.6697799e-07
3.2954771e-07
3.8255816e-07
3.8267321e-07
3.5029228e-07
4.21398e-08
1.5839433e-06
1.4288245e-06
1.2777903e-06
1.1422727e-06
1.0146522e-06
8.9823841e-07
7.9537931e-07
7.1623042e-07
6.6341183e-07
6.1941102e-07
5.7340176e-07
5.1447536e-07
4.2448131e-07
2.9363526e-07
7.4972926e-08
2.4850457e-06
2.3443888e-06
2.1974133e-06
2.0499118e-06
1.8967552e-06
1.7377539e-06
1.5755804e-06
1.4108955e-06
1.2423456e-06
1.0704094e-06
8.9669199e-07
7.1909221e-07
5.4694714e-07
3.5684554e-07
1.5608925e-07
2.9550413e-06
2.8305149e-06
2.7077285e-06
2.5772628e-06
2.4318686e-06
2.2718381e-06
2.0985356e-06
1.9122895e-06
1.7132271e-06
1.5016058e-06
1.2773122e-06
1.0392522e-06
7.8458955e-07
5.041573e-07
2.2428952e-07
-0.00030658795
-0.00030634908
-0.00030602882
-0.00030566612
-0.00030523684
-0.00030472217
-0.00030410573
-0.00030336836
-0.00030248693
-0.00030143409
-0.00030017773
-0.00029868033
-0.00029689836
-0.00029478162
-0.00029227286
-0.00028930749
-0.00028581381
-0.00028171372
-0.00027692434
-0.00027136069
-0.00026493976
-0.00025758611
-0.00024923906
-0.00023986109
-0.00022944676
-0.00021803098
-0.00020569496
-0.00019256843
-0.00017882668
-0.00016468237
-0.00015037093
-0.00013614036
-0.00012221007
-0.00010883306
-9.6049101e-05
-8.4361708e-05
-7.2857421e-05
-6.3974531e-05
-5.2586793e-05
-0.00030652121
-0.00030628193
-0.00030596124
-0.00030559794
-0.00030516793
-0.00030465237
-0.00030403483
-0.00030329612
-0.00030241306
-0.00030135823
-0.00030009942
-0.00029859906
-0.00029681348
-0.00029469242
-0.0002921785
-0.00028920707
-0.00028570635
-0.00028159827
-0.00027680001
-0.00027122679
-0.00026479587
-0.00025743221
-0.00024907563
-0.00023968915
-0.00022926793
-0.00021784743
-0.00020550933
-0.00019238365
-0.00017864581
-0.00016450831
-0.00015020636
-0.00013598739
-0.0001220705
-0.00010870705
-9.5938831e-05
-8.4264731e-05
-7.2771133e-05
-6.3931723e-05
-5.2439168e-05
-0.00030642313
-0.00030618241
-0.00030585991
-0.00030549435
-0.00030506164
-0.00030454287
-0.00030392153
-0.0003031783
-0.00030228988
-0.00030122872
-0.00029996249
-0.00029845342
-0.00029665772
-0.00029452494
-0.00029199762
-0.00028901099
-0.00028549331
-0.00028136657
-0.0002765482
-0.0002709538
-0.00026450121
-0.00025711616
-0.00024873941
-0.00023933509
-0.00022889951
-0.00021746922
-0.00020512683
-0.00019200298
-0.00017827329
-0.00016415001
-0.00014986778
-0.00013567302
-0.00012178382
-0.00010844888
-9.5712429e-05
-8.406778e-05
-7.2592655e-05
-6.3849384e-05
-5.2135825e-05
-0.00030626769
-0.00030602451
-0.00030569894
-0.00030532954
-0.00030489229
-0.00030436815
-0.00030374045
-0.00030298974
-0.00030209253
-0.00030102108
-0.00029974285
-0.00029821987
-0.00029640812
-0.00029425698
-0.00029170877
-0.00028869866
-0.00028515486
-0.0002809995
-0.00027615033
-0.00027052352
-0.00026403779
-0.00025662008
-0.0002482126
-0.00023878121
-0.00022832398
-0.00021687917
-0.0002045308
-0.00019141044
-0.00017769404
-0.0001635934
-0.00014934229
-0.00013518568
-0.00012133969
-0.00010804972
-9.5362052e-05
-8.3764826e-05
-7.2316087e-05
-6.3724421e-05
-5.1666033e-05
-0.00030603681
-0.00030579022
-0.00030546037
-0.00030508564
-0.00030464207
-0.00030411046
-0.00030347392
-0.00030271277
-0.00030180329
-0.00030071746
-0.00029942244
-0.00029787998
-0.00029604576
-0.0002938689
-0.00029129151
-0.00028824865
-0.00028466856
-0.00028047361
-0.00027558206
-0.00026991091
-0.00026338011
-0.0002559182
-0.00024746942
-0.0002380019
-0.00022751614
-0.0002160527
-0.00020369751
-0.00019058339
-0.0001768867
-0.00016281857
-0.00014861158
-0.00013450882
-0.00012072324
-0.00010749648
-9.4876231e-05
-8.3345717e-05
-7.1933625e-05
-6.3547826e-05
-5.1024281e-05
-0.00030569472
-0.00030544377
-0.00030510847
-0.00030472692
-0.00030427526
-0.00030373408
-0.00030308624
-0.00030231175
-0.00030138658
-0.00030028237
-0.00029896593
-0.00029739862
-0.00029553577
-0.00029332615
-0.00029071165
-0.00028762717
-0.00028400101
-0.00027975588
-0.00027481071
-0.0002690836
-0.00026249608
-0.00025497881
-0.00024647862
-0.00023696657
-0.00022644625
-0.00021496115
-0.0002025996
-0.00018949597
-0.00017582711
-0.00016180316
-0.00014765516
-0.00013362404
-0.00011991795
-0.00010677461
-9.4242271e-05
-8.2798938e-05
-7.1436893e-05
-6.3307958e-05
-5.0208076e-05
-0.00030519632
-0.00030494011
-0.00030459826
-0.00030420846
-0.00030374701
-0.00030319427
-0.00030253274
-0.00030174211
-0.00030079797
-0.00029967152
-0.00029832916
-0.00029673179
-0.00029483431
-0.0002925851
-0.00028992575
-0.00028679103
-0.00028310935
-0.00027880385
-0.00027379432
-0.00026800025
-0.00026134517
-0.00025376233
-0.00024520176
-0.00023563812
-0.00022507875
-0.00021357068
-0.00020120515
-0.00018811837
-0.00017448766
-0.00016052179
-0.00014644993
-0.0001325107
-0.00011890539
-0.0001058679
-9.3446034e-05
-8.2111516e-05
-7.081663e-05
-6.2990521e-05
-4.9216722e-05
-0.00030448026
-0.00030421795
-0.00030386853
-0.00030346915
-0.00030299634
-0.00030243015
-0.00030175274
-0.00030094337
-0.00029997719
-0.00029882496
-0.00029745253
-0.00029582032
-0.00029388271
-0.00029158765
-0.00028887642
-0.00028568365
-0.00028193792
-0.00027756291
-0.00027247947
-0.0002666088
-0.0002598768
-0.00025221988
-0.00024359184
-0.00023397162
-0.000223371
-0.00021184117
-0.00019947671
-0.0001864159
-0.00017283655
-0.00015894535
-0.00014496948
-0.00013114552
-0.00011766489
-0.00010475806
-9.2471466e-05
-8.1268595e-05
-7.0062188e-05
-6.2578217e-05
-4.8050669e-05
-0.0003034685
-0.00030319938
-0.00030284154
-0.00030243141
-0.00030194583
-0.00030136456
-0.00030066932
-0.00029983893
-0.00029884805
-0.0002976669
-0.00029626079
-0.00029458955
-0.00029260704
-0.00029026075
-0.00028749159
-0.00028423412
-0.00028041714
-0.00027596501
-0.00027079988
-0.00026484493
-0.00025802891
-0.00025029186
-0.000241592
-0.00023191319
-0.00022127232
-0.00020972528
-0.00019737046
-0.00018434836
-0.0001708372
-0.00015704061
-0.00014318406
-0.00012950315
-0.0001161734
-0.00010342435
-9.1300221e-05
-8.0253125e-05
-6.9161082e-05
-6.2050781e-05
-4.6712314e-05
-0.00030206307
-0.00030178657
-0.00030141967
-0.00030099784
-0.00030049836
-0.00029990069
-0.00029918608
-0.00029833284
-0.00029731512
-0.00029610258
-0.00029465992
-0.00029294639
-0.00029091527
-0.00028851356
-0.00028568188
-0.00028235472
-0.00027846121
-0.00027392655
-0.00026867443
-0.00026263035
-0.00025572632
-0.00024790653
-0.00023913421
-0.0002293988
-0.00021872288
-0.0002071676
-0.00019483545
-0.00018186931
-0.00016844772
-0.00015477001
-0.00014106169
-0.00012755601
-0.00011440257
-0.00010184267
-8.9911264e-05
-7.904554e-05
-6.8098472e-05
-6.1385311e-05
-4.521169e-05
-0.00030014369
-0.00029985943
-0.0002994831
-0.00029904894
-0.0002985348
-0.00029791984
-0.00029718481
-0.00029630752
-0.00029526156
-0.00029401602
-0.00029253498
-0.00029077708
-0.00028869505
-0.00028623542
-0.00028333856
-0.00027993896
-0.00027596621
-0.00027134656
-0.00026600547
-0.00025987112
-0.00025287917
-0.00024497852
-0.00023613795
-0.00022635305
-0.00021565266
-0.00020410362
-0.00019181276
-0.00017892529
-0.00016561994
-0.00015208955
-0.0001385635
-0.00012525913
-0.00011231058
-9.9984101e-05
-8.8280394e-05
-7.7623354e-05
-6.6856308e-05
-6.0555378e-05
-4.3564011e-05
-0.0002975659
-0.00029727379
-0.00029688799
-0.00029644127
-0.00029591218
-0.0002952796
-0.00029452379
-0.00029362203
-0.00029254738
-0.00029126834
-0.0002897484
-0.00028794561
-0.00028581218
-0.00028329423
-0.00028033195
-0.00027685999
-0.00027280854
-0.00026810513
-0.00026267725
-0.00025645615
-0.00024938157
-0.00024140756
-0.00023250899
-0.00022268813
-0.00021198049
-0.00020045894
-0.00018823475
-0.00017545528
-0.00016229867
-0.0001489411
-0.00013561317
-0.00012250731
-0.00010986457
-9.7818857e-05
-8.6379823e-05
-7.5960685e-05
-6.5412197e-05
-5.9526147e-05
-4.1749917e-05
-0.00029415773
-0.00029385791
-0.00029346302
-0.000293004
-0.00029246025
-0.00029181043
-0.00029103429
-0.00029010865
-0.00028900603
-0.00028769438
-0.00028613667
-0.00028429042
-0.00028210738
-0.00027953342
-0.00027650863
-0.00027296799
-0.00026884253
-0.00026406127
-0.0002585541
-0.00025225563
-0.00024511012
-0.00023707721
-0.00022813832
-0.00021830278
-0.0002076132
-0.00019614866
-0.00018402502
-0.00017139247
-0.00015842923
-0.00014526888
-0.00013209154
-0.00011941812
-0.00010724586
-9.5330579e-05
-8.417852e-05
-7.4027894e-05
-6.3739701e-05
-5.8261211e-05
-3.9760767e-05
-0.00028972315
-0.00028941573
-0.00028901112
-0.0002885406
-0.00028798331
-0.0002873175
-0.00028652253
-0.00028557477
-0.00028444631
-0.00028310464
-0.00028151226
-0.00027962626
-0.00027739811
-0.0002747735
-0.00027169269
-0.00026809118
-0.0002639011
-0.00025905328
-0.00025348033
-0.00024712066
-0.0002399234
-0.00023185422
-0.00022290141
-0.00021308169
-0.00020244495
-0.00019107672
-0.00017909806
-0.00016666472
-0.00015396897
-0.00014113927
-0.00012829301
-0.00011591159
-0.00010404814
-9.2491306e-05
-8.1643562e-05
-7.1790964e-05
-6.1808153e-05
-5.6723497e-05
-3.7604478e-05
-0.00028402893
-0.00028371489
-0.00028330165
-0.00028282117
-0.00028225221
-0.00028157263
-0.00028076148
-0.00027979481
-0.00027864434
-0.00027727723
-0.00027565565
-0.00027373647
-0.00027147103
-0.00026880512
-0.00026567939
-0.00026203018
-0.000257791
-0.00025289485
-0.00024727742
-0.0002408812
-0.00023366057
-0.0002255875
-0.00021665738
-0.00020689438
-0.00019635546
-0.00018513204
-0.00017334867
-0.00016115966
-0.00014874545
-0.00013627447
-0.00012395555
-0.00011183396
-0.00010015216
-8.9150541e-05
-7.8719814e-05
-6.9210424e-05
-5.9581854e-05
-5.4871721e-05
-3.5274616e-05
-0.00027682502
-0.00027650595
-0.00027608615
-0.00027559811
-0.00027502034
-0.0002743304
-0.00027350714
-0.00027252638
-0.00027135967
-0.00026997394
-0.00026833127
-0.00026638848
-0.00026409705
-0.00026140313
-0.00025824808
-0.00025456942
-0.00025030246
-0.00024538279
-0.00023974961
-0.00023334998
-0.00022614391
-0.00021810988
-0.00020925048
-0.00019959718
-0.00018921363
-0.00017819637
-0.00016667244
-0.00015479391
-0.00014273026
-0.00013064571
-0.00011869234
-0.00010705754
-9.5912737e-05
-8.5357971e-05
-7.537168e-05
-6.6245059e-05
-5.7020345e-05
-5.2660687e-05
-3.2755604e-05
-0.00026781196
-0.00026748999
-0.00026706643
-0.00026657412
-0.00026599141
-0.00026529577
-0.00026446596
-0.00026347778
-0.00026230275
-0.0002609079
-0.00025925544
-0.00025730251
-0.00025500107
-0.00025229808
-0.00024913604
-0.00024545412
-0.00024118988
-0.0002362819
-0.00023067323
-0.0002243157
-0.00021717509
-0.0002092365
-0.00020050964
-0.00019103307
-0.00018087667
-0.00017014142
-0.00015895608
-0.00014747088
-0.00013584872
-0.00012424948
-0.00011281829
-0.00010172676
-9.1110653e-05
-8.1046935e-05
-7.1550391e-05
-6.2848742e-05
-5.4078192e-05
-5.0041984e-05
-3.0025579e-05
-0.00025671509
-0.00025639313
-0.00025596963
-0.00025547747
-0.00025489504
-0.0002541999
-0.00025337092
-0.00025238406
-0.00025121107
-0.0002498193
-0.00024817139
-0.00024622511
-0.00024393327
-0.00024124399
-0.00023810135
-0.00023444663
-0.00023022021
-0.00022536426
-0.00021982637
-0.00021356386
-0.00020654876
-0.00019877299
-0.00019025317
-0.00018103428
-0.00017119138
-0.00016082862
-0.00015007504
-0.00013907756
-0.00012799188
-0.00011697012
-0.00010615043
-9.5672792e-05
-8.564887e-05
-7.6151776e-05
-6.7201125e-05
-5.8971209e-05
-5.0705739e-05
-4.6964462e-05
-2.7054222e-05
-0.00024313692
-0.00024281839
-0.00024239947
-0.00024191273
-0.00024133685
-0.00024064973
-0.00023983061
-0.00023885589
-0.00023769791
-0.00023632474
-0.0002347
-0.00023278263
-0.00023052698
-0.00022788306
-0.00022479731
-0.00022121389
-0.00021707661
-0.00021233167
-0.00020693126
-0.00020083792
-0.00019402947
-0.00018650409
-0.00017828474
-0.00016942225
-0.00015999606
-0.00015011229
-0.00013989866
-0.00012949695
-0.00011905366
-0.00010870949
-9.8590468e-05
-8.8812106e-05
-7.9465129e-05
-7.0610897e-05
-6.2266641e-05
-5.4559874e-05
-4.6851061e-05
-4.3376509e-05
-2.3805269e-05
-0.00022689178
-0.00022658126
-0.00022617295
-0.00022569857
-0.00022513741
-0.00022446797
-0.00022367009
-0.00022272091
-0.00022159363
-0.00022025736
-0.00021867697
-0.00021681293
-0.00021462137
-0.00021205453
-0.00020906153
-0.00020558979
-0.00020158717
-0.00019700481
-0.0001918008
-0.00018594445
-0.00017942083
-0.00017223519
-0.00016441662
-0.00015602036
-0.00014712796
-0.00013784474
-0.00012829429
-0.00011861054
-0.00010892841
-9.9374296e-05
-9.0058458e-05
-8.1074902e-05
-7.2494054e-05
-6.4361547e-05
-5.6689028e-05
-4.9561965e-05
-4.2462818e-05
-3.923019e-05
-2.0248906e-05
-0.0002073212
-0.00020702332
-0.00020663169
-0.00020617683
-0.00020563897
-0.00020499758
-0.00020423354
-0.00020332516
-0.0002022471
-0.00020097029
-0.00019946173
-0.0001976845
-0.00019559786
-0.00019315772
-0.00019031744
-0.00018702923
-0.00018324613
-0.00017892459
-0.00017402792
-0.00016853031
-0.00016242132
-0.00015571037
-0.00014843039
-0.00014063965
-0.00013242105
-0.00012387841
-0.00011513001
-0.00010630019
-9.7510237e-05
-8.8869887e-05
-8.0471054e-05
-7.2386481e-05
-6.4666539e-05
-5.7340286e-05
-5.0410757e-05
-4.3925763e-05
-3.7490112e-05
-3.4467672e-05
-1.6325634e-05
-0.0001847791
-0.00018450058
-0.00018413448
-0.00018370926
-0.00018320642
-0.00018260683
-0.00018189259
-0.00018104345
-0.00018003575
-0.00017884233
-0.00017743239
-0.00017577151
-0.00017382177
-0.00017154228
-0.00016889007
-0.00016582164
-0.0001622951
-0.00015827314
-0.00015372654
-0.00014863817
-0.00014300681
-0.00013685041
-0.00013020817
-0.00012314093
-0.00011572965
-0.00010807151
-0.00010027379
-9.2445995e-05
-8.4691504e-05
-7.7100072e-05
-6.9742737e-05
-6.2670565e-05
-5.59141e-05
-4.9485867e-05
-4.337803e-05
-3.7605408e-05
-3.188329e-05
-2.8972105e-05
-1.174879e-05
-0.00015757673
-0.00015732286
-0.00015698924
-0.00015660202
-0.00015614447
-0.00015559934
-0.00015495063
-0.00015418032
-0.00015326749
-0.00015218824
-0.00015091572
-0.00014942015
-0.00014766912
-0.00014562805
-0.00014326113
-0.00014053259
-0.00013740846
-0.00013385885
-0.00012986073
-0.00012540116
-0.00012048079
-0.00011511726
-0.00010934772
-0.00010322962
-9.6838904e-05
-9.0265311e-05
-8.3605346e-05
-7.6953941e-05
-7.0396402e-05
-6.4002036e-05
-5.782057e-05
-5.1881998e-05
-4.6198205e-05
-4.0766457e-05
-3.556842e-05
-3.0594902e-05
-2.5644666e-05
-2.2665921e-05
-6.2614208e-06
-0.00012829151
-0.00012807043
-0.00012778008
-0.00012744296
-0.00012704453
-0.00012656976
-0.00012600468
-0.00012533354
-0.00012453803
-0.00012359721
-0.00012248757
-0.00012118301
-0.00011965514
-0.00011787381
-0.00011580801
-0.00011342728
-0.00011070366
-0.00010761423
-0.00010414409
-0.00010028952
-9.6060864e-05
-9.1484523e-05
-8.6603596e-05
-8.1476716e-05
-7.617494e-05
-7.0776769e-05
-6.5361695e-05
-6.0003129e-05
-5.4761952e-05
-4.9681925e-05
-4.4787916e-05
-4.0087265e-05
-3.557326e-05
-3.1229548e-05
-2.7032185e-05
-2.2969151e-05
-1.8911971e-05
-1.6007512e-05
-2.3956944e-06
-9.2159157e-05
-9.1980919e-05
-9.1746876e-05
-9.1475295e-05
-9.1154537e-05
-9.0772627e-05
-9.0318506e-05
-8.9779775e-05
-8.9142087e-05
-8.838917e-05
-8.7502875e-05
-8.6463299e-05
-8.5249069e-05
-8.3837872e-05
-8.2207279e-05
-8.0335932e-05
-7.8205125e-05
-7.5800787e-05
-7.3115771e-05
-7.0152275e-05
-6.6924068e-05
-6.3458009e-05
-5.9794314e-05
-5.5985017e-05
-5.2090408e-05
-4.8173673e-05
-4.4294468e-05
-4.0502535e-05
-3.6832631e-05
-3.3301832e-05
-2.9909809e-05
-2.6642101e-05
-2.3475531e-05
-2.0383582e-05
-1.7344923e-05
-1.4371151e-05
-1.1406302e-05
-9.2475663e-06
-4.2388455e-06
-5.0751281e-05
-5.062271e-05
-5.0453893e-05
-5.0258284e-05
-5.0027636e-05
-4.9753529e-05
-4.9428328e-05
-4.9043572e-05
-4.85896e-05
-4.805563e-05
-4.7429891e-05
-4.6699819e-05
-4.5852408e-05
-4.4874732e-05
-4.3754706e-05
-4.248207e-05
-4.1049601e-05
-3.9454484e-05
-3.7699731e-05
-3.579546e-05
-3.3759831e-05
-3.1619356e-05
-2.9408287e-05
-2.7166769e-05
-2.4937533e-05
-2.2761246e-05
-2.0671125e-05
-1.8687891e-05
-1.6816371e-05
-1.5044725e-05
-1.3346722e-05
-1.1686844e-05
-1.0027276e-05
-8.3319418e-06
-6.5804061e-06
-4.8142537e-06
-2.9965157e-06
-1.5743481e-06
8.4855175e-07
-8.2517515e-06
-8.1805232e-06
-8.0871141e-06
-7.9789979e-06
-7.8517595e-06
-7.7009132e-06
-7.522472e-06
-7.3120986e-06
-7.0649351e-06
-6.7757031e-06
-6.4388477e-06
-6.0487461e-06
-5.600027e-06
-5.0880348e-06
-4.5094661e-06
-3.8631956e-06
-3.1512833e-06
-2.3801051e-06
-1.5614647e-06
-7.1343045e-07
1.3946999e-07
9.6710764e-07
1.7359572e-06
2.4126569e-06
2.9685513e-06
3.3845262e-06
3.6552722e-06
3.7920879e-06
3.8234529e-06
3.7929158e-06
3.7543363e-06
3.7647597e-06
3.875982e-06
4.1364924e-06
4.5715353e-06
5.0889552e-06
5.7300557e-06
6.2937301e-06
7.4164274e-06
3.7607622e-05
3.7616217e-05
3.7627251e-05
3.7639545e-05
3.7653303e-05
3.7668607e-05
3.7685262e-05
3.7702831e-05
3.7720537e-05
3.7737111e-05
3.7750585e-05
3.7758018e-05
3.7755166e-05
3.7736066e-05
3.7692571e-05
3.7613853e-05
3.7485962e-05
3.7291518e-05
3.7009704e-05
3.6616682e-05
3.6086617e-05
3.5393419e-05
3.451332e-05
3.3428321e-05
3.2130285e-05
3.0625147e-05
2.8936264e-05
2.7105827e-05
2.5193462e-05
2.3271816e-05
2.1419576e-05
1.9712108e-05
1.8211085e-05
1.6983623e-05
1.6071416e-05
1.5264439e-05
1.4666459e-05
1.422818e-05
1.4121714e-05
8.4602869e-05
8.454349e-05
8.4465144e-05
8.4373641e-05
8.4264668e-05
8.4133623e-05
8.397595e-05
8.3786267e-05
8.3558028e-05
8.328334e-05
8.295273e-05
8.2554865e-05
8.2076244e-05
8.1500885e-05
8.081003e-05
7.9981924e-05
7.8991744e-05
7.78118e-05
7.6412165e-05
7.4761954e-05
7.2831438e-05
7.0595151e-05
6.8035897e-05
6.5149303e-05
6.1948241e-05
5.846625e-05
5.4759022e-05
5.0903199e-05
4.6992093e-05
4.3128663e-05
3.9416437e-05
3.5947012e-05
3.2787393e-05
3.0047496e-05
2.7763658e-05
2.5523524e-05
2.3676617e-05
2.2179418e-05
2.08989e-05
0.00013266654
0.00013253642
0.00013236507
0.00013216548
0.00013192863
0.00013164501
0.00013130546
0.00013089936
0.00013041404
0.00012983452
0.00012914329
0.00012831994
0.00012734093
0.00012617933
0.00012480478
0.00012318361
0.00012127938
0.00011905382
0.00011646849
0.00011348718
0.00011007922
0.00010622351
0.00010191319
9.7160489e-05
9.2000865e-05
8.6495699e-05
8.0732295e-05
7.4820519e-05
6.8885915e-05
6.3060255e-05
5.7470041e-05
5.2217769e-05
4.7368655e-05
4.3176971e-05
3.9348635e-05
3.5740684e-05
3.2767189e-05
3.0071963e-05
2.764514e-05
0.00018053931
0.0001803367
0.00018007002
0.00017975971
0.00017939194
0.00017895219
0.00017842664
0.0001777994
0.00017705162
0.00017616125
0.00017510273
0.00017384669
0.00017235969
0.00017060412
0.00016853834
0.00016611721
0.00016329306
0.00016001738
0.00015624334
0.00015192918
0.00014704275
0.00014156673
0.00013550431
0.00012888455
0.00012176639
0.00011424016
0.00010642565
9.8466166e-05
9.0518758e-05
8.2741868e-05
7.5279024e-05
6.8230222e-05
6.163291e-05
5.5976586e-05
5.0738762e-05
4.5899465e-05
4.168409e-05
3.7737157e-05
3.4214323e-05
0.00022744507
0.00022717027
0.00022680868
0.00022638813
0.00022588998
0.00022529475
0.00022458396
0.00022373647
0.00022272725
0.00022152719
0.00022010273
0.00021841551
0.0002164222
0.00021407452
0.0002113196
0.00020810088
0.00020435969
0.00020003763
0.00019508006
0.00018944063
0.00018308684
0.00017600638
0.00016821349
0.00015975466
0.00015071226
0.00014120501
0.00013138423
0.00012142544
0.00011151596
0.0001018387
9.2548442e-05
8.3752499e-05
7.5699817e-05
6.8389162e-05
6.1598404e-05
5.5510568e-05
5.0045229e-05
4.5035367e-05
4.0481646e-05
0.00027231939
0.00027197437
0.00027152047
0.0002709927
0.00027036777
0.00026962138
0.00026873056
0.00026766904
0.0002664059
0.00026490517
0.00026312559
0.00026102019
0.00025853618
0.00025561508
0.00025219334
0.00024820361
0.00024357681
0.00023824527
0.00023214705
0.00022523153
0.00021746605
0.00020884325
0.00019938828
0.00018916472
0.00017827787
0.00016687408
0.00015513517
0.00014326784
0.00013148898
0.00012000832
0.00010901028
9.8659332e-05
8.9189753e-05
8.016202e-05
7.1800801e-05
6.4558315e-05
5.7951173e-05
5.1883957e-05
4.6344693e-05
0.00031422389
0.00031381253
0.00031327141
0.00031264235
0.00031189765
0.00031100847
0.00030994759
0.00030868393
0.00030718095
0.00030539628
0.00030328137
0.00030078114
0.00029783389
0.00029437156
0.00029032059
0.00028560353
0.00028014162
0.00027385867
0.00026668615
0.0002585698
0.00024947729
0.00023940642
0.000228393
0.00021651695
0.00020390516
0.00019072971
0.00017720051
0.00016355242
0.00015002823
0.00013685931
0.00012424691
0.00011235792
0.00010135163
9.1090407e-05
8.1562815e-05
7.3016199e-05
6.5250862e-05
5.8168018e-05
5.1706931e-05
0.00035218903
0.00035171699
0.00035109603
0.00035037424
0.00034951992
0.00034850007
0.00034728357
0.00034583497
0.00034411261
0.00034206827
0.00033964677
0.00033678568
0.00033341519
0.00032945859
0.00032483326
0.00031945263
0.00031322929
0.00030607938
0.00029792854
0.00028871936
0.00027841994
0.00026703296
0.00025460408
0.00024122821
0.00022705198
0.00021227078
0.00019711979
0.00018185896
0.0001667538
0.00015205421
0.00013797472
0.00012468319
0.00011230597
0.00010082631
9.0219451e-05
8.0572183e-05
7.1778403e-05
6.3774057e-05
5.6478994e-05
0.00038535231
0.00038482593
0.00038413152
0.00038332801
0.00038237748
0.00038124273
0.00037988934
0.00037827806
0.00037636275
0.00037409002
0.00037139888
0.00036822041
0.00036447773
0.00036008649
0.00035495616
0.00034899222
0.00034209971
0.00033418815
0.00032517825
0.00031501004
0.00030365226
0.00029111208
0.00027744402
0.00026275627
0.00024721269
0.000231029
0.00021446218
0.00019779378
0.00018130872
0.00016527269
0.0001499117
0.00013539841
0.00012184872
0.00010928294
9.7690235e-05
8.7092235e-05
7.7411089e-05
6.8603458e-05
6.0581783e-05
0.00041290487
0.00041233147
0.00041157083
0.00041069877
0.00040966814
0.00040843744
0.00040696965
0.00040522246
0.00040314598
0.00040068253
0.0003977663
0.00039432297
0.00039026978
0.00038551609
0.00037996479
0.00037351481
0.0003660649
0.00035751918
0.00034779423
0.00033682796
0.00032458965
0.00031109027
0.00029639171
0.00028061327
0.00026393323
0.00024658417
0.00022884116
0.00021100352
0.00019337205
0.00017622534
0.00015979862
0.00014426947
0.00012975179
0.00011628146
0.00010385423
9.2463506e-05
8.2046483e-05
7.2571872e-05
6.3947597e-05
0.00043421706
0.00043360782
0.00043279628
0.00043187223
0.00043078073
0.00042947667
0.00042792081
0.00042606817
0.00042386581
0.00042125298
0.00041816043
0.00041450975
0.0004102136
0.00040517644
0.00039929611
0.00039246651
0.00038458166
0.00037554159
0.00036525989
0.00035367306
0.00034075099
0.00032650772
0.00031101099
0.00029438863
0.00027682997
0.00025858049
0.00023992902
0.00022118839
0.00020267151
0.00018466671
0.00016741617
0.00015110135
0.00013583676
0.00012166652
0.00010858913
9.6584674e-05
8.5599392e-05
7.5609989e-05
6.6521023e-05
0.00044865807
0.0004480247
0.00044717885
0.0004462206
0.00044508944
0.0004437379
0.00044212522
0.00044020417
0.00043791882
0.00043520625
0.00043199582
0.00042820663
0.00042374803
0.00041852112
0.0004124203
0.00040533597
0.00039715886
0.00038778605
0.00037712895
0.00036512291
0.0003517381
0.00033699057
0.00032095201
0.00030375615
0.00028559999
0.00026673788
0.00024746817
0.0002281129
0.00020899321
0.00019040403
0.00017259226
0.00015574201
0.00013996885
0.00012532103
0.00011179864
9.9375839e-05
8.8003794e-05
7.7664251e-05
6.8259231e-05
0.00045612589
0.0004557145
0.00045503583
0.00045420201
0.0004531559
0.00045183347
0.00045014134
0.00044796717
0.00044531045
0.00044231479
0.00043899103
0.0004351454
0.00043061003
0.00042528602
0.000419072
0.00041185747
0.00040353112
0.00039398849
0.00038313994
0.00037092032
0.00035730002
0.00034229617
0.00032598248
0.00030849569
0.00029003661
0.00027086405
0.0002512811
0.00023161444
0.00021218934
0.00019330404
0.00017520779
0.00015808612
0.00014205525
0.00012716517
0.00011341673
0.00010078194
8.9214162e-05
7.8697531e-05
6.9132439e-05
-4.733379e-05
-3.8801704e-05
-3.4902771e-05
-2.976769e-05
-2.6341477e-05
-2.2993753e-05
-2.0255641e-05
-1.7810256e-05
-1.567785e-05
-1.3800097e-05
-1.2110922e-05
-1.0664814e-05
-9.2465026e-06
-8.2322299e-06
-6.8524036e-06
-4.7388121e-05
-3.8756007e-05
-3.4918402e-05
-2.9790091e-05
-2.6365604e-05
-2.3022603e-05
-2.0281287e-05
-1.7833918e-05
-1.5697487e-05
-1.3815683e-05
-1.2122094e-05
-1.0672036e-05
-9.2486132e-06
-8.2343916e-06
-6.8396935e-06
-4.7502799e-05
-3.8632672e-05
-3.4917527e-05
-2.9783646e-05
-2.6366158e-05
-2.3030078e-05
-2.0286742e-05
-1.7839127e-05
-1.5699944e-05
-1.3815382e-05
-1.2118617e-05
-1.0666037e-05
-9.2375812e-06
-8.2287534e-06
-6.8080455e-06
-4.7668605e-05
-3.8416359e-05
-3.488878e-05
-2.9737979e-05
-2.6335181e-05
-2.3009256e-05
-2.0266669e-05
-1.7821573e-05
-1.5681962e-05
-1.3796821e-05
-1.2098832e-05
-1.0645939e-05
-9.2128645e-06
-8.2156624e-06
-6.7571324e-06
-4.7878667e-05
-3.8104618e-05
-3.4828307e-05
-2.9652218e-05
-2.6271848e-05
-2.2959974e-05
-2.022119e-05
-1.7781496e-05
-1.5643849e-05
-1.3760303e-05
-1.206296e-05
-1.0611904e-05
-9.1745153e-06
-8.1948978e-06
-6.6869059e-06
-4.8123009e-05
-3.7698059e-05
-3.4731383e-05
-2.9524694e-05
-2.6174034e-05
-2.2880627e-05
-2.014893e-05
-1.7717663e-05
-1.5584527e-05
-1.3704863e-05
-1.2010132e-05
-1.056311e-05
-9.1219119e-06
-8.165446e-06
-6.5974066e-06
-4.838601e-05
-3.7199147e-05
-3.4591821e-05
-2.9352778e-05
-2.603859e-05
-2.2768713e-05
-2.0047716e-05
-1.7628147e-05
-1.5502338e-05
-1.3629058e-05
-1.1939118e-05
-1.049844e-05
-9.054311e-06
-8.1260417e-06
-6.4890239e-06
-4.8643585e-05
-3.6605958e-05
-3.4402727e-05
-2.9133722e-05
-2.5862105e-05
-2.2621604e-05
-1.9915295e-05
-1.7510975e-05
-1.53956e-05
-1.3531439e-05
-1.1848703e-05
-1.0416777e-05
-8.9710444e-06
-8.0752962e-06
-6.3625597e-06
-4.8865132e-05
-3.5894054e-05
-3.4156195e-05
-2.8865144e-05
-2.564095e-05
-2.243654e-05
-1.974934e-05
-1.7364124e-05
-1.5262595e-05
-1.3410532e-05
-1.1737661e-05
-1.0316979e-05
-8.8714809e-06
-8.0116823e-06
-6.2191968e-06
-4.9045533e-05
-3.5095628e-05
-3.3841606e-05
-2.8545601e-05
-2.5371421e-05
-2.2210504e-05
-1.9547363e-05
-1.7185443e-05
-1.5101505e-05
-1.3264783e-05
-1.1604713e-05
-1.0197849e-05
-8.7549842e-06
-7.9335395e-06
-6.0604517e-06
-4.9212942e-05
-3.4250474e-05
-3.3407941e-05
-2.8173959e-05
-2.5050297e-05
-2.1940238e-05
-1.9306674e-05
-1.6972629e-05
-1.4910389e-05
-1.3092543e-05
-1.1448508e-05
-1.0058128e-05
-8.6208932e-06
-7.8391023e-06
-5.888114e-06
-4.9238606e-05
-3.3314632e-05
-3.2877246e-05
-2.7734811e-05
-2.4672681e-05
-2.1622232e-05
-1.9024377e-05
-1.6723228e-05
-1.4687194e-05
-1.2892077e-05
-1.1267628e-05
-9.896506e-06
-8.4685132e-06
-7.726544e-06
-5.7041671e-06
-4.8998938e-05
-3.227366e-05
-3.2292093e-05
-2.7229543e-05
-2.4234359e-05
-2.12528e-05
-1.8697434e-05
-1.6434684e-05
-1.4429794e-05
-1.2661602e-05
-1.1060623e-05
-9.7116548e-06
-8.297122e-06
-7.5940358e-06
-5.5106923e-06
-4.8518708e-05
-3.1176916e-05
-3.1604609e-05
-2.6655076e-05
-2.3731072e-05
-2.0828079e-05
-1.8322754e-05
-1.6104433e-05
-1.4136075e-05
-1.2399357e-05
-1.0826067e-05
-9.5022776e-06
-8.1059974e-06
-7.439825e-06
-5.3097619e-06
-4.7757911e-05
-3.002209e-05
-3.0789253e-05
-2.6004788e-05
-2.3158037e-05
-2.034417e-05
-1.7897339e-05
-1.573005e-05
-1.3804071e-05
-1.2103723e-05
-1.0562653e-05
-9.267193e-06
-7.8944681e-06
-7.2623327e-06
-5.1033297e-06
-4.6650513e-05
-2.88039e-05
-2.9834097e-05
-2.5272547e-05
-2.2510752e-05
-1.9797489e-05
-1.7418552e-05
-1.530948e-05
-1.3432157e-05
-1.1773381e-05
-1.0269329e-05
-9.0054445e-06
-7.6619895e-06
-7.0602661e-06
-4.8931261e-06
-4.5132088e-05
-2.7530035e-05
-2.8728939e-05
-2.4452748e-05
-2.1785633e-05
-1.9185169e-05
-1.6884435e-05
-1.4841309e-05
-1.3019271e-05
-1.14075e-05
-9.9454418e-06
-8.7164311e-06
-7.4082378e-06
-6.8327397e-06
-4.6805687e-06
-4.3136068e-05
-2.6206453e-05
-2.7464378e-05
-2.3539647e-05
-2.0979993e-05
-1.8505176e-05
-1.6293882e-05
-1.4324958e-05
-1.2565109e-05
-1.1005904e-05
-9.5908906e-06
-8.4000327e-06
-7.1332061e-06
-6.5793901e-06
-4.4666941e-06
-4.059483e-05
-2.4830023e-05
-2.6030385e-05
-2.2525137e-05
-2.009107e-05
-1.7755869e-05
-1.5646466e-05
-1.3760659e-05
-1.2070154e-05
-1.0569137e-05
-9.2061957e-06
-8.0566945e-06
-6.8372774e-06
-6.300464e-06
-4.252115e-06
-3.7482119e-05
-2.3412121e-05
-2.4431177e-05
-2.1405532e-05
-1.9120352e-05
-1.6938685e-05
-1.494402e-05
-1.3150389e-05
-1.1536246e-05
-1.0098808e-05
-8.7927132e-06
-7.6875652e-06
-6.5213201e-06
-5.9968775e-06
-4.0370403e-06
-3.3853398e-05
-2.205706e-05
-2.2746591e-05
-2.0216358e-05
-1.8093906e-05
-1.6070181e-05
-1.4197659e-05
-1.2502035e-05
-1.0969089e-05
-9.5991082e-06
-8.3535424e-06
-7.2950384e-06
-6.1870058e-06
-5.6703305e-06
-3.8214718e-06
-2.9430365e-05
-2.0779068e-05
-2.1058906e-05
-1.8989978e-05
-1.7035898e-05
-1.5167028e-05
-1.3419646e-05
-1.1825195e-05
-1.0376188e-05
-9.075879e-06
-7.8931531e-06
-6.8827285e-06
-5.8368466e-06
-5.3234458e-06
-3.6052846e-06
-2.260293e-05
-1.8450025e-05
-1.8756992e-05
-1.7333834e-05
-1.5716734e-05
-1.4100095e-05
-1.2539176e-05
-1.1081864e-05
-9.7374946e-06
-8.5190811e-06
-7.4070908e-06
-6.4497166e-06
-5.4708854e-06
-4.9589194e-06
-3.3862163e-06
-1.2190279e-05
-1.3239485e-05
-1.4680605e-05
-1.4511298e-05
-1.3698924e-05
-1.2617128e-05
-1.1408497e-05
-1.0182939e-05
-8.9980678e-06
-7.8948766e-06
-6.8752342e-06
-5.9845313e-06
-5.0826158e-06
-4.5766058e-06
-3.1571638e-06
-6.2689969e-06
-4.896117e-06
-4.2875446e-06
-3.3588131e-06
-2.6923051e-06
-2.0205149e-06
-1.4594227e-06
-9.5286698e-07
-5.4128043e-07
-1.8019714e-07
6.0767444e-08
2.8739058e-07
3.135109e-07
3.864034e-07
1.3653582e-07
-6.275093e-06
-4.887595e-06
-4.2839377e-06
-3.3564712e-06
-2.6901331e-06
-2.0191964e-06
-1.4583606e-06
-9.5211519e-07
-5.406829e-07
-1.7978533e-07
6.1146449e-08
2.8763631e-07
3.1373472e-07
3.8534772e-07
1.2871203e-07
-6.2865486e-06
-4.8692671e-06
-4.2765321e-06
-3.3513772e-06
-2.6855819e-06
-2.0163726e-06
-1.4561097e-06
-9.5054014e-07
-5.3946903e-07
-1.7893278e-07
6.1862418e-08
2.8814319e-07
3.1420331e-07
3.8515416e-07
1.2313365e-07
-6.3036231e-06
-4.8404592e-06
-4.2650002e-06
-3.3432521e-06
-2.6784695e-06
-2.0119107e-06
-1.4525868e-06
-9.4808212e-07
-5.3759957e-07
-1.7762616e-07
6.2925712e-08
2.8889348e-07
3.1488849e-07
3.8614481e-07
1.2366991e-07
-6.3258446e-06
-4.8009381e-06
-4.2489185e-06
-3.3319049e-06
-2.6686272e-06
-2.0056991e-06
-1.44772e-06
-9.4469325e-07
-5.3504442e-07
-1.758584e-07
6.434117e-08
2.8986772e-07
3.1576304e-07
3.8745518e-07
1.25885e-07
-6.3521493e-06
-4.7507443e-06
-4.2278099e-06
-3.3171724e-06
-2.6558915e-06
-1.9976271e-06
-1.4414384e-06
-9.4032873e-07
-5.3177946e-07
-1.7362352e-07
6.6105174e-08
2.9104888e-07
3.1680434e-07
3.8894012e-07
1.2715438e-07
-6.3809555e-06
-4.690178e-06
-4.2011485e-06
-3.2989058e-06
-2.6401026e-06
-1.9875823e-06
-1.433672e-06
-9.3494369e-07
-5.2778162e-07
-1.7091595e-07
6.8212406e-08
2.9241999e-07
3.1799062e-07
3.9061713e-07
1.2768081e-07
-6.4101345e-06
-4.6198069e-06
-4.1683684e-06
-3.2769676e-06
-2.6211061e-06
-1.9754505e-06
-1.4243523e-06
-9.2849342e-07
-5.2302835e-07
-1.6773089e-07
7.0657133e-08
2.939632e-07
3.1930006e-07
3.9248398e-07
1.2773613e-07
-6.4369788e-06
-4.5404494e-06
-4.1288802e-06
-3.2512236e-06
-2.5987547e-06
-1.9611154e-06
-1.4134124e-06
-9.2093337e-07
-5.1749789e-07
-1.6406447e-07
7.3432821e-08
2.956598e-07
3.2071082e-07
3.9452144e-07
1.2736633e-07
-6.4582012e-06
-4.4531345e-06
-4.0820924e-06
-3.2215294e-06
-2.5729091e-06
-1.9444565e-06
-1.4007859e-06
-9.122186e-07
-5.1116891e-07
-1.5991351e-07
7.6532047e-08
2.9749029e-07
3.2220119e-07
3.9670889e-07
1.2653515e-07
-6.4699707e-06
-4.3590403e-06
-4.0274362e-06
-3.1877143e-06
-2.5434365e-06
-1.9253465e-06
-1.3864046e-06
-9.0230255e-07
-5.0401981e-07
-1.5527509e-07
7.994674e-08
2.9943452e-07
3.2374976e-07
3.9902655e-07
1.2519578e-07
-6.4679918e-06
-4.2594113e-06
-3.9643937e-06
-3.149563e-06
-2.5102088e-06
-1.9036478e-06
-1.370197e-06
-8.9113558e-07
-4.9602758e-07
-1.501459e-07
8.3668624e-08
3.0147192e-07
3.2533578e-07
4.0145415e-07
1.2329955e-07
-6.4476384e-06
-4.1554572e-06
-3.8925268e-06
-3.1067974e-06
-2.4730988e-06
-1.8792093e-06
-1.3520843e-06
-8.7866277e-07
-4.871663e-07
-1.4452121e-07
8.7689865e-08
3.0358181e-07
3.2693971e-07
4.0396997e-07
1.2079672e-07
-6.4041449e-06
-4.0482396e-06
-3.8115047e-06
-3.059062e-06
-2.4319741e-06
-1.8518626e-06
-1.3319769e-06
-8.648215e-07
-4.7740518e-07
-1.3839363e-07
9.2003932e-08
3.0574401e-07
3.2854389e-07
4.0655018e-07
1.1763977e-07
-6.3328565e-06
-3.9385573e-06
-3.7211268e-06
-3.005914e-06
-2.386691e-06
-1.8214195e-06
-1.3097704e-06
-8.4953853e-07
-4.6670636e-07
-1.3175148e-07
9.6606721e-08
3.0793944e-07
3.3013347e-07
4.0916832e-07
1.1378732e-07
-6.2295252e-06
-3.8268425e-06
-3.6213373e-06
-2.9468229e-06
-2.3370864e-06
-1.7876699e-06
-1.2853412e-06
-8.3272689e-07
-4.5502231e-07
-1.24577e-07
1.0149787e-07
3.1015108e-07
3.3169739e-07
4.1179435e-07
1.0920608e-07
-6.0906316e-06
-3.7130845e-06
-3.5122286e-06
-2.8811812e-06
-2.2829711e-06
-1.7503824e-06
-1.258543e-06
-8.1428288e-07
-4.4229312e-07
-1.1684433e-07
1.0668226e-07
3.1236492e-07
3.3322965e-07
4.1439298e-07
1.0386795e-07
-5.9137023e-06
-3.5967945e-06
-3.3940335e-06
-2.8083279e-06
-2.224124e-06
-1.7093059e-06
-1.2292042e-06
-7.9408324e-07
-4.2844384e-07
-1.085172e-07
1.1217181e-07
3.1457133e-07
3.3473087e-07
4.1692444e-07
9.7760978e-08
-5.6975773e-06
-3.4770259e-06
-3.2671024e-06
-2.7275838e-06
-2.1602914e-06
-1.6641758e-06
-1.1971273e-06
-7.7198284e-07
-4.1338164e-07
-9.9546335e-08
1.1798791e-07
3.1676744e-07
3.3621086e-07
4.1935839e-07
9.0966513e-08
-5.4425658e-06
-3.3524605e-06
-3.1318697e-06
-2.6382969e-06
-2.0911913e-06
-1.6147215e-06
-1.1620909e-06
-7.4781405e-07
-3.9699413e-07
-8.986747e-08
1.2416363e-07
3.1895882e-07
3.3769114e-07
4.2168309e-07
8.3699547e-08
-5.1504545e-06
-3.2215738e-06
-2.9888198e-06
-2.5398863e-06
-2.0165258e-06
-1.5606798e-06
-1.1238559e-06
-7.2139048e-07
-3.7915279e-07
-7.9406943e-08
1.3073768e-07
3.2114896e-07
3.3919619e-07
4.2386015e-07
7.6192816e-08
-4.8246934e-06
-3.0827919e-06
-2.8384883e-06
-2.4318791e-06
-1.9359886e-06
-1.5018069e-06
-1.0821735e-06
-6.9251146e-07
-3.5972129e-07
-6.8095259e-08
1.3773524e-07
3.2331306e-07
3.4072518e-07
4.257672e-07
6.8564414e-08
-4.47173e-06
-2.9340987e-06
-2.6815275e-06
-2.3139925e-06
-1.8492483e-06
-1.4378823e-06
-1.036775e-06
-6.6092952e-07
-3.3851983e-07
-5.5812187e-08
1.4521791e-07
3.2548463e-07
3.4230663e-07
4.2734564e-07
6.081143e-08
-4.10054e-06
-2.772024e-06
-2.5184636e-06
-2.186361e-06
-1.756e-06
-1.3687087e-06
-9.8733537e-07
-6.2623581e-07
-3.1513819e-07
-4.2086251e-08
1.5364326e-07
3.2827626e-07
3.4446945e-07
4.2941805e-07
5.3818728e-08
-8.4139698e-06
-3.3033695e-06
2.7818377e-07
2.4612221e-06
3.5706997e-06
4.1597095e-06
4.4006998e-06
4.3646646e-06
4.474313e-06
4.9728117e-07
2.7097484e-06
4.1722076e-06
5.0289392e-06
5.2897846e-06
5.30937e-06
5.1744367e-06
4.9199046e-06
4.9789587e-06
6.9818849e-06
7.7387501e-06
7.8192986e-06
7.5877496e-06
7.0396147e-06
6.4690082e-06
5.9424942e-06
5.4600808e-06
5.4804887e-06
1.3077546e-05
1.2538163e-05
1.1400375e-05
1.0124782e-05
8.7685636e-06
7.610012e-06
6.6957502e-06
5.992585e-06
5.9787378e-06
1.9093484e-05
1.7291565e-05
1.4948914e-05
1.2626526e-05
1.0460212e-05
8.7212829e-06
7.4265256e-06
6.5160349e-06
6.4639654e-06
2.4948929e-05
2.1931803e-05
1.8412392e-05
1.5057733e-05
1.2094238e-05
9.7908532e-06
8.128754e-06
7.0300933e-06
6.9181343e-06
3.0562548e-05
2.638511e-05
2.173589e-05
1.738319e-05
1.3650489e-05
1.080706e-05
8.7970735e-06
7.5248597e-06
7.3227449e-06
3.5867039e-05
3.0591966e-05
2.4871976e-05
1.9571123e-05
1.5110059e-05
1.1759036e-05
9.4244743e-06
7.9820193e-06
7.6935916e-06
4.0795263e-05
3.4496183e-05
2.7777251e-05
2.1592602e-05
1.6455398e-05
1.2635912e-05
9.9985925e-06
8.3926431e-06
8.0452692e-06
4.5279738e-05
3.8043837e-05
3.0411827e-05
2.3421422e-05
1.7670271e-05
1.342606e-05
1.0506648e-05
8.7573995e-06
8.3736048e-06
4.9256031e-05
4.1184909e-05
3.2739752e-05
2.503419e-05
1.873987e-05
1.4119014e-05
1.0953337e-05
9.0845787e-06
8.6647561e-06
5.2665491e-05
4.387459e-05
3.4729415e-05
2.641038e-05
1.9651611e-05
1.4709558e-05
1.1342261e-05
9.3681577e-06
8.9075048e-06
5.5457025e-05
4.6074254e-05
3.6353962e-05
2.753259e-05
2.0394651e-05
1.519113e-05
1.1661086e-05
9.5955608e-06
9.1017445e-06
5.7588349e-05
4.7752138e-05
3.7591508e-05
2.838662e-05
2.0959896e-05
1.555753e-05
1.1902772e-05
9.765618e-06
9.2490747e-06
5.902639e-05
4.8883267e-05
3.8424683e-05
2.8960937e-05
2.1339742e-05
1.5803566e-05
1.2064106e-05
9.8811052e-06
9.3478851e-06
5.974785e-05
4.9449831e-05
3.8840884e-05
2.9246869e-05
2.1528146e-05
1.5924983e-05
1.2142848e-05
9.9385895e-06
9.3963574e-06
-1.3836191e-05
-1.5658875e-05
-1.5513003e-05
-1.4419476e-05
-1.3156802e-05
-1.1896447e-05
-1.0656447e-05
-9.4682115e-06
-8.3493173e-06
-7.317788e-06
-6.3732853e-06
-5.5401495e-06
-4.718951e-06
-4.2134527e-06
-2.9573701e-06
-4.8419614e-06
-7.6962444e-06
-8.8386883e-06
-9.1238109e-06
-9.1138332e-06
-8.8388628e-06
-8.3236448e-06
-7.6635229e-06
-6.9403279e-06
-6.2127725e-06
-5.5098335e-06
-4.8520973e-06
-4.205206e-06
-3.7259268e-06
-2.7662272e-06
-1.5905445e-06
-4.3172468e-06
-5.539316e-06
-5.9352658e-06
-6.1485162e-06
-6.173737e-06
-5.9778465e-06
-5.6385548e-06
-5.2282519e-06
-4.7872453e-06
-4.3348658e-06
-3.8836801e-06
-3.4342042e-06
-3.0291351e-06
-2.4320943e-06
8.1697188e-07
-5.9504476e-07
-1.4618043e-06
-2.0147008e-06
-2.4358329e-06
-2.7262402e-06
-2.8869434e-06
-2.9361742e-06
-2.914485e-06
-2.8425353e-06
-2.704023e-06
-2.515941e-06
-2.2992109e-06
-2.0702366e-06
-1.8107993e-06
2.4299924e-06
1.7512894e-06
1.1512164e-06
6.3725089e-07
2.0524002e-07
-1.4542732e-07
-4.1894792e-07
-6.2602118e-07
-7.7160099e-07
-8.6253563e-07
-9.0946162e-07
-9.2321199e-07
-9.180867e-07
-8.9591096e-07
-8.5012956e-07
3.4472344e-06
3.1345458e-06
2.8023246e-06
2.4835213e-06
2.192169e-06
1.9257666e-06
1.681632e-06
1.4591545e-06
1.2579834e-06
1.076875e-06
9.1465723e-07
7.7079974e-07
6.4508916e-07
5.3392255e-07
4.2717195e-07
3.9565206e-06
3.8089456e-06
3.6369026e-06
3.4594904e-06
3.2852561e-06
3.1131256e-06
2.9423758e-06
2.7737062e-06
2.6079107e-06
2.4455518e-06
2.2871004e-06
2.1329719e-06
1.9834413e-06
1.8388534e-06
1.6945243e-06
4.072158e-06
4.0097592e-06
3.9256599e-06
3.8327166e-06
3.7380444e-06
3.640731e-06
3.5396724e-06
3.4348849e-06
3.3265457e-06
3.2146796e-06
3.0992666e-06
2.980312e-06
2.8578432e-06
2.731927e-06
2.6008591e-06
4.2069893e-06
4.1616295e-06
4.1069943e-06
4.0468765e-06
3.9830267e-06
3.9149537e-06
3.8421358e-06
3.7643568e-06
3.6814536e-06
3.5932411e-06
3.4995439e-06
3.4002125e-06
3.2951172e-06
3.1843067e-06
3.0698682e-06
-3.7444429e-06
-2.6234932e-06
-2.3694753e-06
-2.0670679e-06
-1.6694969e-06
-1.3039208e-06
-9.406736e-07
-5.9310295e-07
-2.9248923e-07
-2.8327551e-08
1.6256455e-07
3.3220914e-07
3.4797588e-07
4.331518e-07
5.116471e-08
-3.2709608e-06
-2.4775919e-06
-2.1908722e-06
-1.9223159e-06
-1.5658825e-06
-1.2248227e-06
-8.832874e-07
-5.5238517e-07
-2.6468233e-07
-1.2084519e-08
1.7288383e-07
3.3518045e-07
3.5147598e-07
4.3385694e-07
4.9823765e-08
-2.6236305e-06
-2.2000967e-06
-1.9126006e-06
-1.6820139e-06
-1.3915873e-06
-1.0941792e-06
-7.8788688e-07
-4.8474757e-07
-2.1965122e-07
1.2217215e-08
1.8606839e-07
3.3406801e-07
3.5197686e-07
4.2416579e-07
4.2059418e-08
-1.8397006e-06
-1.6720907e-06
-1.4661196e-06
-1.2958779e-06
-1.1015312e-06
-8.806075e-07
-6.2510112e-07
-3.6356243e-07
-1.3778457e-07
5.8220324e-08
2.0984129e-07
3.3326265e-07
3.5141168e-07
4.0267915e-07
2.8049798e-08
-8.1767701e-07
-8.1474262e-07
-7.9436365e-07
-7.488192e-07
-6.6628877e-07
-5.2945803e-07
-3.3096634e-07
-1.3724308e-07
1.5900377e-08
1.4957077e-07
2.5790335e-07
3.4326928e-07
3.5495035e-07
3.7256185e-07
1.8903864e-08
3.6238295e-07
2.3461396e-07
1.370328e-07
8.6504613e-08
7.7123544e-08
1.1028886e-07
1.474519e-07
1.7345407e-07
2.115412e-07
2.669713e-07
3.2954193e-07
3.8255182e-07
3.8266867e-07
3.5028894e-07
4.2139022e-08
1.5839385e-06
1.4288197e-06
1.2777855e-06
1.1422678e-06
1.0146473e-06
8.9823344e-07
7.9537425e-07
7.1622528e-07
6.6340664e-07
6.1940582e-07
5.7339703e-07
5.1447084e-07
4.2447761e-07
2.9363262e-07
7.497175e-08
2.4850417e-06
2.3443849e-06
2.1974093e-06
2.0499079e-06
1.8967513e-06
1.7377499e-06
1.5755765e-06
1.4108916e-06
1.2423418e-06
1.0704057e-06
8.9668849e-07
7.1908896e-07
5.4694414e-07
3.5684361e-07
1.5608852e-07
2.9550377e-06
2.8305114e-06
2.707725e-06
2.5772593e-06
2.4318652e-06
2.2718347e-06
2.0985322e-06
1.9122863e-06
1.713224e-06
1.5016028e-06
1.2773095e-06
1.0392497e-06
7.8458756e-07
5.0415591e-07
2.242888e-07
)
;

boundaryField
{
    inlet
    {
        type            zeroGradient;
    }
    outlet
    {
        type            fixedValue;
        value           uniform 0;
    }
    cylinder
    {
        type            zeroGradient;
    }
    frontAndBack
    {
        type            empty;
    }
}


// ************************************************************************* //
