/*--------------------------------*- C++ -*----------------------------------*\
  =========                 |
  \\      /  F ield         | OpenFOAM: The Open Source CFD Toolbox
   \\    /   O peration     | Website:  https://openfoam.org
    \\  /    A nd           | Version:  14
     \\/     M anipulation  |
\*---------------------------------------------------------------------------*/
FoamFile
{
    format      ascii;
    class       volScalarField;
    location    "3000";
    object      p;
}
// * * * * * * * * * * * * * * * * * * * * * * * * * * * * * * * * * * * * * //

dimensions      [0 2 -2 0 0 0 0];

internalField   nonuniform List<scalar> 
5388
(
-0.00031440496
-0.00031415162
-0.00031381201
-0.00031342755
-0.00031297274
-0.00031242784
-0.00031177576
-0.00031099658
-0.00031006629
-0.00030895655
-0.00030763419
-0.00030606051
-0.00030419072
-0.00030197331
-0.00029934961
-0.00029625363
-0.00029261226
-0.00028834608
-0.00028337099
-0.00027760104
-0.00027095255
-0.00026334983
-0.00025473251
-0.00024506405
-0.00023434085
-0.00022260055
-0.00020992816
-0.0001964582
-0.00018237174
-0.00016788798
-0.00015324906
-0.00013871026
-0.00012449612
-0.00011086495
-9.7861169e-05
-8.5987443e-05
-7.4337097e-05
-6.5333195e-05
-5.3876202e-05
-0.00031432413
-0.00031407049
-0.00031373059
-0.00031334566
-0.00031289028
-0.00031234468
-0.00031169173
-0.00031091147
-0.00030997985
-0.00030886847
-0.00030754405
-0.00030596786
-0.00030409498
-0.0003018738
-0.00029924558
-0.00029614423
-0.00029249658
-0.00028822322
-0.00028324015
-0.00027746157
-0.0002708041
-0.00026319244
-0.00025456669
-0.00024489087
-0.00023416195
-0.00022241808
-0.00020974471
-0.00019627665
-0.00018219504
-0.00016771892
-0.00015309016
-0.00013856353
-0.0001243631
-0.00011074563
-9.7757579e-05
-8.5896994e-05
-7.4257084e-05
-6.529603e-05
-5.3734794e-05
-0.00031419869
-0.00031394377
-0.00031360232
-0.00031321536
-0.00031275755
-0.00031220905
-0.00031155267
-0.00031076833
-0.00030983186
-0.00030871473
-0.00030738356
-0.00030579943
-0.0003039173
-0.00030168542
-0.00029904491
-0.00029592963
-0.00029226642
-0.00028797596
-0.00028297448
-0.00027717658
-0.00027049943
-0.00026286849
-0.00025422479
-0.00024453344
-0.00023379248
-0.00022204115
-0.00020936576
-0.00019590168
-0.00018183018
-0.00016737
-0.00015276236
-0.00013826114
-0.00012408908
-0.00011050046
-9.7544249e-05
-8.571287e-05
-7.4091002e-05
-6.5224847e-05
-5.3443875e-05
-0.00031400126
-0.00031374412
-0.00031339994
-0.00031300948
-0.00031254751
-0.0003119941
-0.0003113319
-0.0003105407
-0.00030959617
-0.0003084696
-0.00030712742
-0.00030553051
-0.00030363363
-0.00030138485
-0.00029872514
-0.00029558826
-0.00029190103
-0.00028758426
-0.00028255452
-0.00027672698
-0.00027001967
-0.00026235923
-0.00025368815
-0.00024397318
-0.00023321409
-0.00022145177
-0.00020877384
-0.00019531652
-0.00018126131
-0.00016682641
-0.00015225207
-0.00013779092
-0.00012366319
-0.00011012014
-9.7212912e-05
-8.5428662e-05
-7.3832628e-05
-6.51163e-05
-5.2992369e-05
-0.00031371321
-0.00031345297
-0.00031310497
-0.00031270961
-0.00031224181
-0.00031168151
-0.00031101117
-0.00031021035
-0.0003092545
-0.00030811466
-0.00030675697
-0.00030514205
-0.0003032244
-0.00030095182
-0.00029826511
-0.00029509792
-0.00029137715
-0.00028702385
-0.00028195509
-0.00027608687
-0.00026933843
-0.00026163802
-0.00025293009
-0.0002431836
-0.00023240071
-0.00022062449
-0.00020794438
-0.00019449771
-0.0001804663
-0.00016606753
-0.00015154029
-0.00013713572
-0.00012306998
-0.00010959103
-9.6751649e-05
-8.5033833e-05
-7.3473812e-05
-6.4961155e-05
-5.2374402e-05
-0.00031329807
-0.00031303385
-0.00031268097
-0.00031227931
-0.00031180403
-0.00031123489
-0.0003105541
-0.00030974094
-0.00030877056
-0.0003076137
-0.00030623615
-0.0003045982
-0.00030265398
-0.00030035102
-0.00029762987
-0.00029442409
-0.00029066065
-0.00028626093
-0.0002811427
-0.00027522305
-0.00026842281
-0.00026067229
-0.00025191849
-0.00024213325
-0.00023132172
-0.00021952979
-0.00020684916
-0.00019341858
-0.00017942017
-0.0001650702
-0.00015060578
-0.00013627652
-0.00012229234
-0.00010889803
-9.6147281e-05
-8.4516447e-05
-7.3005796e-05
-6.4747527e-05
-5.1587077e-05
-0.00031271037
-0.00031244133
-0.00031208255
-0.00031167326
-0.0003111889
-0.00031060904
-0.00030991556
-0.00030908743
-0.00030809945
-0.00030692194
-0.00030552032
-0.00030385443
-0.00030187801
-0.00029953823
-0.00029677539
-0.00029352294
-0.00028970797
-0.00028525234
-0.00028007466
-0.00027409344
-0.00026723147
-0.00025942164
-0.00025061408
-0.00024078417
-0.0002299407
-0.00021813296
-0.00020545541
-0.00019204845
-0.0001780945
-0.00016380825
-0.00014942465
-0.00013519202
-0.0001213112
-0.00010802434
-9.5385145e-05
-8.3863066e-05
-7.2418895e-05
-6.4460854e-05
-5.062928e-05
-0.00031188838
-0.00031161375
-0.00031124815
-0.00031082998
-0.00031033506
-0.00030974272
-0.00030903449
-0.00030818895
-0.00030718049
-0.000305979
-0.00030454941
-0.00030285108
-0.00030083731
-0.00029845486
-0.00029564375
-0.00029233733
-0.00028846288
-0.00028394283
-0.0002786969
-0.00027264526
-0.00026571311
-0.00025783642
-0.00024896907
-0.00023909061
-0.00022821416
-0.00021639302
-0.00020372482
-0.0001903518
-0.00017645666
-0.00016225173
-0.0001479696
-0.00013385829
-0.00012010522
-0.00010695096
-9.4448615e-05
-8.3058321e-05
-7.1701987e-05
-6.4083526e-05
-4.9500927e-05
-0.00031075389
-0.000310473
-0.00031009981
-0.00030967167
-0.00030916487
-0.00030855852
-0.00030783372
-0.00030696864
-0.0003059372
-0.0003047088
-0.00030324785
-0.00030151319
-0.0002994576
-0.00029702744
-0.00029416241
-0.00029079584
-0.00028685525
-0.0002822638
-0.00027694249
-0.00027081355
-0.00026380495
-0.0002558563
-0.0002469258
-0.00023699788
-0.00022609059
-0.0002142618
-0.0002016127
-0.00018828755
-0.00017446921
-0.00016036653
-0.00014621
-0.00013224958
-0.00011865054
-0.00010565642
-9.3318729e-05
-8.20846e-05
-7.0842073e-05
-6.3594854e-05
-4.820311e-05
-0.0003092088
-0.00030892112
-0.00030853977
-0.00030810077
-0.00030758105
-0.00030695945
-0.00030621665
-0.00030533033
-0.00030427393
-0.00030301632
-0.00030152136
-0.00029974733
-0.0002976465
-0.00029516478
-0.00029224162
-0.00028881033
-0.00028479882
-0.00028013112
-0.00027472979
-0.00026851939
-0.00026143114
-0.0002534088
-0.0002444155
-0.00023444113
-0.00022350932
-0.000211683
-0.00019906725
-0.0001858084
-0.00017208939
-0.00015811417
-0.00014411292
-0.00013033865
-0.00011691766
-0.00010411564
-9.1973776e-05
-8.0921728e-05
-6.9823766e-05
-6.2971428e-05
-4.6743825e-05
-0.00030713272
-0.00030683794
-0.00030644809
-0.00030599767
-0.00030546433
-0.00030482668
-0.00030406493
-0.00030315628
-0.00030207366
-0.00030078539
-0.00029925477
-0.00029743952
-0.0002952914
-0.00029275591
-0.0002897723
-0.00028627393
-0.00028218924
-0.00027744334
-0.00027196059
-0.00026566826
-0.00025850122
-0.00025040789
-0.00024135691
-0.00023134421
-0.00022039953
-0.00020859129
-0.00019602867
-0.00018285999
-0.0001692681
-0.00015544927
-0.00014163718
-0.00012807904
-0.00011486421
-0.00010229857
-9.0388797e-05
-7.9546561e-05
-6.8628427e-05
-6.2186652e-05
-4.51466e-05
-0.00030438118
-0.0003040792
-0.00030368087
-0.00030321884
-0.00030267165
-0.0003020177
-0.00030123671
-0.00030030542
-0.00029919624
-0.00029787696
-0.00029631032
-0.00029445351
-0.00029225783
-0.00028966843
-0.00028662444
-0.00028305943
-0.0002789025
-0.00027408007
-0.00026851864
-0.00026214849
-0.00025490863
-0.0002467526
-0.00023765506
-0.0002276185
-0.0002166792
-0.0002049114
-0.00019242842
-0.00017938046
-0.00016594931
-0.00015231199
-0.00013870174
-0.00012534944
-0.0001124633
-0.00010017554
-8.8535242e-05
-7.793248e-05
-6.7232922e-05
-6.1205303e-05
-4.3389682e-05
-0.00030078281
-0.00030047361
-0.00030006658
-0.00029959322
-0.00029903257
-0.00029836277
-0.00029756309
-0.00029660982
-0.0002954749
-0.00029412563
-0.00029252424
-0.00029062748
-0.00028838624
-0.00028574545
-0.00028264425
-0.00027901659
-0.00027479247
-0.00026989988
-0.00026426772
-0.00025782972
-0.00025052937
-0.00024232581
-0.00023320018
-0.00022316196
-0.00021225433
-0.00020055757
-0.00018818934
-0.00017530247
-0.00016207877
-0.00014864875
-0.00013519726
-0.00012227442
-0.00010989712
-9.7734307e-05
-8.6381504e-05
-7.6048982e-05
-6.5609818e-05
-5.9988898e-05
-4.144916e-05
-0.00029614034
-0.00029582415
-0.00029540804
-0.00029492419
-0.00029435123
-0.00029366688
-0.00029285006
-0.00029187666
-0.00029071823
-0.00028934165
-0.00028770874
-0.00028577589
-0.00028349374
-0.00028080715
-0.00027765547
-0.00027397324
-0.00026969164
-0.00026474053
-0.00025905161
-0.00025256241
-0.00024522135
-0.00023699356
-0.000227867
-0.00021785844
-0.00020701821
-0.00019543283
-0.00018322501
-0.00017055325
-0.00015761466
-0.00014453349
-0.00013143709
-0.00011879827
-0.00010672386
-9.4942999e-05
-8.3892766e-05
-7.3860977e-05
-6.3727604e-05
-5.8500146e-05
-3.9339127e-05
-0.0002902201
-0.000289898
-0.00028947417
-0.00028898143
-0.00028839805
-0.00028770142
-0.00028687017
-0.00028587991
-0.00028470189
-0.00028330267
-0.00028164384
-0.00027968159
-0.00027736652
-0.00027464366
-0.00027145281
-0.00026772944
-0.00026340618
-0.00025841515
-0.00025269115
-0.00024617588
-0.00023882302
-0.00023060397
-0.00022151377
-0.00021157652
-0.00020084947
-0.00018942476
-0.00017742828
-0.00016501644
-0.00015237301
-0.00013966706
-0.00012712232
-0.00011475907
-0.00010283907
-9.1638103e-05
-8.1012577e-05
-7.1328004e-05
-6.1549807e-05
-5.6697461e-05
-3.7056069e-05
-0.00028277204
-0.00028244564
-0.00028201619
-0.000281517
-0.00028092609
-0.00028022063
-0.00027937908
-0.00027837686
-0.00027718507
-0.00027577014
-0.00027409358
-0.00027211163
-0.00026977508
-0.0002670294
-0.00026381517
-0.00026006913
-0.0002557258
-0.00025071995
-0.00024498997
-0.00023848219
-0.00023115592
-0.00022298911
-0.00021398394
-0.00020417169
-0.00019361612
-0.00018241425
-0.00017069408
-0.00015860921
-0.00014633133
-0.00013402574
-0.00012184904
-0.00010999656
-9.8630605e-05
-8.7880109e-05
-7.7705427e-05
-6.8407988e-05
-5.903515e-05
-5.4534849e-05
-3.4583098e-05
-0.00027349574
-0.00027316718
-0.00027273495
-0.00027223261
-0.0002716381
-0.0002709285
-0.00027008226
-0.0002690748
-0.00026787725
-0.00026645619
-0.00026477332
-0.00026278524
-0.00026044334
-0.00025769394
-0.00025447887
-0.0002507366
-0.00024640397
-0.00024141883
-0.0002357235
-0.00022926914
-0.00022202088
-0.00021396326
-0.00020510554
-0.00019548601
-0.00018517447
-0.00017427213
-0.00016290838
-0.00015123454
-0.00013941521
-0.00012761178
-0.00011597208
-0.00010467546
-9.3853738e-05
-8.359973e-05
-7.3921456e-05
-6.5053798e-05
-5.6137297e-05
-5.1963032e-05
-3.1897095e-05
-0.00026211638
-0.00026178858
-0.00026135742
-0.00026085638
-0.00026026353
-0.00025955605
-0.00025871255
-0.00025770866
-0.00025651578
-0.00025510086
-0.00025342611
-0.00025144882
-0.0002491213
-0.0002463911
-0.00024320174
-0.00023949387
-0.00023520724
-0.00023028339
-0.00022466927
-0.00021832158
-0.00021121176
-0.00020333119
-0.00019469599
-0.00018535075
-0.00017537031
-0.00016485876
-0.00015394546
-0.00014277802
-0.00013151337
-0.00012030513
-0.00010929381
-9.8624344e-05
-8.8408442e-05
-7.8729326e-05
-6.960453e-05
-6.1214093e-05
-5.2805647e-05
-4.8929965e-05
-2.8966796e-05
-0.00024823397
-0.00024791039
-0.00024748484
-0.00024699042
-0.00024640552
-0.00024570773
-0.00024487605
-0.00024388661
-0.00024271144
-0.00024131829
-0.00023967039
-0.0002377263
-0.00023543991
-0.00023276078
-0.00022963487
-0.0002260058
-0.00022181685
-0.00021701369
-0.00021154795
-0.00020538159
-0.00019849191
-0.00019087652
-0.00018255788
-0.00017358631
-0.00016404087
-0.00015402738
-0.00014367354
-0.00013312141
-0.00012251826
-0.00011200603
-0.00010171271
-9.1757392e-05
-8.2232338e-05
-7.3206062e-05
-6.4696169e-05
-5.6835199e-05
-4.8987309e-05
-4.5383095e-05
-2.5755233e-05
-0.00023166462
-0.00023134986
-0.00023093598
-0.00023045517
-0.00022988645
-0.00022920807
-0.00022839967
-0.00022743817
-0.0002262965
-0.00022494351
-0.00022334375
-0.00022145736
-0.00021924013
-0.0002166439
-0.00021361738
-0.00021010758
-0.00020606192
-0.00020143109
-0.00019617273
-0.00019025568
-0.00018366453
-0.000176404
-0.00016850265
-0.00016001512
-0.00015102238
-0.00014162921
-0.00013195881
-0.00012214499
-0.000112323
-0.00010262005
-9.3147973e-05
-8.4003503e-05
-7.5259181e-05
-6.696597e-05
-5.9137286e-05
-5.1863272e-05
-4.4629977e-05
-4.127352e-05
-2.2232413e-05
-0.00021174218
-0.0002114409
-0.0002110448
-0.00021058478
-0.00021004085
-0.0002093923
-0.00020861984
-0.0002077016
-0.00020661206
-0.00020532191
-0.00020379794
-0.00020200297
-0.000199896
-0.00019743264
-0.00019456596
-0.00019124786
-0.00018743104
-0.00018307161
-0.0001781325
-0.00017258746
-0.00016642561
-0.00015965583
-0.00015231043
-0.000144447
-0.00013614769
-0.00012751557
-0.00011866821
-0.00010972944
-0.00010082043
-9.2051319e-05
-8.3515131e-05
-7.5286722e-05
-6.7418718e-05
-5.994441e-05
-5.2869247e-05
-4.6245566e-05
-3.9681722e-05
-3.6542183e-05
-1.8338046e-05
-0.00018883209
-0.00018855107
-0.00018818167
-0.00018775264
-0.00018724533
-0.00018664045
-0.00018592
-0.0001850636
-0.00018404744
-0.00018284419
-0.00018142291
-0.00017974898
-0.00017778428
-0.0001754877
-0.00017281608
-0.00016972567
-0.00016617435
-0.00016212455
-0.00015754681
-0.00015242367
-0.00014675356
-0.00014055399
-0.00013386354
-0.00012674229
-0.00011927027
-0.00011154362
-0.00010366854
-9.575364e-05
-8.79017e-05
-8.0202413e-05
-7.2727491e-05
-6.5529593e-05
-5.8641445e-05
-5.207914e-05
-4.5837356e-05
-3.9935389e-05
-3.4091884e-05
-3.1069894e-05
-1.3779064e-05
-0.00016121746
-0.00016096197
-0.00016062622
-0.00016023656
-0.00015977615
-0.00015922765
-0.000158575
-0.00015780012
-0.00015688199
-0.00015579664
-0.00015451714
-0.00015301362
-0.00015125358
-0.00014920237
-0.00014682408
-0.00014408284
-0.00014094457
-0.00013737923
-0.0001333636
-0.00012888444
-0.000123942
-0.00011855338
-0.000112755
-0.0001066034
-0.00010017338
-9.355344e-05
-8.6838733e-05
-8.0122933e-05
-7.3490372e-05
-6.7009886e-05
-6.0731464e-05
-5.4686279e-05
-4.8888224e-05
-4.3337773e-05
-3.8018728e-05
-3.2926503e-05
-2.7862805e-05
-2.4777446e-05
-8.2859469e-06
-0.00013152714
-0.00013130545
-0.00013101429
-0.00013067626
-0.00013027675
-0.00012980072
-0.00012923417
-0.00012856133
-0.00012776384
-0.00012682077
-0.00012570856
-0.00012440109
-0.00012286995
-0.00012108496
-0.00011901508
-0.00011662982
-0.00011390119
-0.00011080622
-0.00010732989
-0.00010346833
-9.9231598e-05
-9.4645642e-05
-8.9752887e-05
-8.4611015e-05
-7.928984e-05
-7.3866364e-05
-6.8418417e-05
-6.3017769e-05
-5.7723896e-05
-5.2579652e-05
-4.7609743e-05
-4.2822292e-05
-3.8212405e-05
-3.3766796e-05
-2.946274e-05
-2.5293463e-05
-2.1133767e-05
-1.8133017e-05
-4.4198841e-06
-9.4919141e-05
-9.4741346e-05
-9.4507891e-05
-9.4236995e-05
-9.391705e-05
-9.3536111e-05
-9.3083151e-05
-9.2545801e-05
-9.1909758e-05
-9.1158795e-05
-9.0274819e-05
-8.9237989e-05
-8.8027006e-05
-8.6619634e-05
-8.4993528e-05
-8.3127411e-05
-8.100265e-05
-7.860521e-05
-7.5927928e-05
-7.2972889e-05
-6.9753602e-05
-6.6296462e-05
-6.2640951e-05
-5.8838044e-05
-5.4946629e-05
-5.1028171e-05
-4.7140381e-05
-4.3331017e-05
-3.9633052e-05
-3.6062253e-05
-3.2617742e-05
-2.9285485e-05
-2.6044e-05
-2.2870028e-05
-1.9741565e-05
-1.6676814e-05
-1.36237e-05
-1.1385707e-05
-6.2939575e-06
-5.2980863e-05
-5.2853837e-05
-5.2687056e-05
-5.2493813e-05
-5.2265962e-05
-5.1995182e-05
-5.1673927e-05
-5.1293841e-05
-5.0845377e-05
-5.0317889e-05
-4.9699759e-05
-4.8978595e-05
-4.8141582e-05
-4.7176001e-05
-4.6069984e-05
-4.4813486e-05
-4.3399479e-05
-4.1825294e-05
-4.0094e-05
-3.8215629e-05
-3.6208058e-05
-3.4097247e-05
-3.1916578e-05
-2.9704959e-05
-2.7503509e-05
-2.5350936e-05
-2.3278246e-05
-2.130388e-05
-1.9430547e-05
-1.7644761e-05
-1.5919387e-05
-1.4218989e-05
-1.2507463e-05
-1.0752965e-05
-8.9304168e-06
-7.0905395e-06
-5.199713e-06
-3.7091182e-06
-1.2204213e-06
-9.9843199e-06
-9.9158232e-06
-9.8260051e-06
-9.7220491e-06
-9.599709e-06
-9.4546646e-06
-9.2830724e-06
-9.0807513e-06
-8.8430214e-06
-8.5648033e-06
-8.2407626e-06
-7.8655178e-06
-7.4339581e-06
-6.9417037e-06
-6.3857356e-06
-5.7652099e-06
-5.0824479e-06
-4.3440411e-06
-3.561927e-06
-2.7541763e-06
-1.9451218e-06
-1.1644222e-06
-4.4477301e-07
1.8172246e-07
6.8812949e-07
1.0574883e-06
1.2869685e-06
1.3904773e-06
1.3989589e-06
1.3579656e-06
1.3226152e-06
1.3502644e-06
1.4907045e-06
1.7857878e-06
2.2741755e-06
2.8478693e-06
3.5455637e-06
4.1652221e-06
5.3423289e-06
3.6397138e-05
3.6401855e-05
3.6407792e-05
3.641418e-05
3.6420987e-05
3.6428057e-05
3.6434998e-05
3.6441148e-05
3.6445481e-05
3.6446449e-05
3.6441771e-05
3.6428168e-05
3.6401026e-05
3.6353993e-05
3.6278519e-05
3.616338e-05
3.5994254e-05
3.575346e-05
3.5419995e-05
3.4970015e-05
3.4377927e-05
3.3618212e-05
3.2668072e-05
3.1510929e-05
3.0140541e-05
2.8565177e-05
2.6810874e-05
2.4922652e-05
2.2962848e-05
2.1006352e-05
1.9133363e-05
1.7419951e-05
1.5924752e-05
1.4702943e-05
1.3831196e-05
1.3062156e-05
1.2503314e-05
1.210673e-05
1.2043211e-05
8.3900965e-05
8.3836543e-05
8.375157e-05
8.3652393e-05
8.353439e-05
8.3392661e-05
8.3222388e-05
8.3017912e-05
8.2772369e-05
8.2477514e-05
8.2123485e-05
8.1698528e-05
8.1188691e-05
8.0577514e-05
7.9845752e-05
7.8971171e-05
7.7928502e-05
7.6689683e-05
7.522454e-05
7.3502128e-05
7.1492933e-05
6.9172056e-05
6.6523311e-05
6.3543842e-05
6.024857e-05
5.6673574e-05
5.2877467e-05
4.8939991e-05
4.4957453e-05
4.1035341e-05
3.7279131e-05
3.3782153e-05
3.0606156e-05
2.7838128e-05
2.5579786e-05
2.33543e-05
2.1535042e-05
2.0065914e-05
1.8817251e-05
0.00013247008
0.00013233379
0.00013215431
0.00013194533
0.00013169742
0.00013140072
0.00013104575
0.00013062155
0.00013011506
0.00012951088
0.00012879103
0.00012793459
0.00012691747
0.00012571217
0.00012428775
0.00012260997
0.00012064183
0.00011834464
0.00011567967
0.00011261063
0.00010910709
0.00010514857
0.00010072934
9.5863246e-05
9.058795e-05
8.4967536e-05
7.9092426e-05
7.3075822e-05
6.7046572e-05
6.1139517e-05
5.5484799e-05
5.0190699e-05
4.5312988e-05
4.1086825e-05
3.7196753e-05
3.3602903e-05
3.0645227e-05
2.7967266e-05
2.5562022e-05
0.00018083064
0.00018062074
0.00018034449
0.0001800231
0.00017964228
0.00017918711
0.00017864339
0.00017799483
0.00017722213
0.00017630274
0.00017521057
0.00017391565
0.00017238391
0.00017057708
0.00016845285
0.00016596542
0.00016306653
0.00015970716
0.00015584012
0.00015142358
0.00014642562
0.00014082956
0.00013463977
0.00012788707
0.0001206327
0.00011296985
0.00010502159
9.6934714e-05
8.8869754e-05
8.0988638e-05
7.3440454e-05
6.6334037e-05
5.9661976e-05
5.3945637e-05
4.8640412e-05
4.3837672e-05
3.9588556e-05
3.5645325e-05
3.2131868e-05
0.00022820365
0.00022792051
0.00022754796
0.00022711471
0.00022660163
0.00022598875
0.00022525717
0.00022438527
0.00022334755
0.00022211432
0.00022065139
0.00021891974
0.00021687533
0.00021446914
0.00021164754
0.00020835325
0.0002045269
0.00020010955
0.00019504617
0.00018929029
0.00018280967
0.00017559269
0.00016765484
0.00015904444
0.00014984628
0.00014018202
0.00013020631
0.00012009813
0.00011004808
0.00010024176
9.0836061e-05
8.19369e-05
7.3771289e-05
6.637228e-05
5.9593749e-05
5.350289e-05
4.797816e-05
4.295703e-05
3.8401147e-05
0.00027351592
0.00027316156
0.00027269538
0.0002721534
0.00027151177
0.00027074563
0.00026983154
0.00026874274
0.00026744772
0.0002659099
0.00026408734
0.00026193231
0.00025939125
0.00025640485
0.00025290876
0.00024883479
0.00024411315
0.00023867553
0.00023245959
0.00022541458
0.00021750808
0.0002087335
0.00019911727
0.00018872487
0.00017766412
0.00016608441
0.00015417098
0.00014213406
0.00013019387
0.0001185629
0.00010742747
9.6951042e-05
8.7355989e-05
7.821766e-05
6.9861572e-05
6.2571793e-05
5.5909408e-05
4.981828e-05
4.4266835e-05
0.00031582308
0.00031540146
0.00031484686
0.00031420219
0.00031343915
0.00031252829
0.00031144186
0.00031014826
0.00030861031
0.00030678495
0.00030462289
0.00030206826
0.00029905848
0.00029552463
0.00029139224
0.00028658298
0.00028101733
0.00027461839
0.00026731722
0.00025905942
0.00024981292
0.0002395763
0.00022838673
0.0002163261
0.0002035239
0.00019015535
0.00017643385
0.00016259792
0.00014889381
0.00013555595
0.00012278807
0.00011075825
9.9623547e-05
8.9257946e-05
7.9674467e-05
7.1057297e-05
6.3231985e-05
5.611387e-05
4.9632065e-05
0.00035414829
0.00035366516
0.00035302963
0.00035229099
0.00035141687
0.00035037359
0.00034912951
0.00034764858
0.00034588847
0.00034380021
0.00034132785
0.00033840807
0.00033497016
0.00033093646
0.0003262234
0.00032074348
0.00031440845
0.00030713373
0.00029884453
0.00028948327
0.00027901834
0.00026745321
0.00025483497
0.00024126056
0.00022687927
0.00021188972
0.00019653065
0.00018106574
0.0001657641
0.00015087887
0.00013662728
0.00012317911
0.00011066123
9.9063132e-05
8.8368935e-05
7.8640385e-05
6.9779497e-05
6.1730224e-05
5.4407217e-05
0.00038762268
0.00038708458
0.00038637492
0.00038555349
0.00038458186
0.00038342219
0.00038203945
0.00038039378
0.00037843831
0.00037611887
0.00037337364
0.00037013278
0.00036631844
0.00036184529
0.00035662176
0.00035055239
0.00034354131
0.00033549733
0.00032634067
0.0003160112
0.00030447796
0.00029174896
0.00027788017
0.00026298187
0.00024722065
0.00023081549
0.00021402702
0.00019714057
0.00018044474
0.00016420861
0.00014866101
0.00013397682
0.00012027337
0.00010757486
9.5875565e-05
8.5185328e-05
7.5429257e-05
6.6568659e-05
5.8512988e-05
0.00041543209
0.0004148463
0.00041406937
0.00041317848
0.00041212572
0.00041086886
0.00040937026
0.00040758698
0.00040546835
0.0004029559
0.00039998292
0.00039647415
0.00039234582
0.00038750624
0.00038185727
0.0003752968
0.0003677227
0.00035903831
0.00034915971
0.00033802467
0.00032560277
0.00031190582
0.00029699722
0.00028099839
0.00026409038
0.0002465091
0.00022853329
0.00021046611
0.00019261211
0.00017525333
0.00015862799
0.00014291607
0.00012823338
0.00011461868
0.00010207086
9.0577931e-05
8.0078762e-05
7.0544664e-05
6.1881485e-05
0.00043694221
0.00043632007
0.00043549144
0.00043454789
0.00043343349
0.00043210235
0.00043051458
0.00042862454
0.0004263785
0.00042371486
0.0004205635
0.00041684499
0.00041247097
0.00040734482
0.00040136332
0.0003944193
0.00038640586
0.00037722226
0.00036678157
0.00035502014
0.00034190818
0.00032746061
0.00031174667
0.00029489637
0.00027710185
0.0002586119
0.00023971909
0.00022074011
0.00020199166
0.00018376557
0.00016630714
0.00014980034
0.00013436189
0.00012003828
0.00010683025
9.4715858e-05
8.364259e-05
7.3588726e-05
6.4457116e-05
0.000451516
0.00045086939
0.00045000591
0.00044902772
0.00044787318
0.00044649398
0.00044484871
0.00044288943
0.00044055941
0.00043779486
0.00043452425
0.00043066568
0.00042612743
0.00042080951
0.00041460522
0.0004074039
0.00039909532
0.00038957579
0.00037875618
0.00036657169
0.00035299281
0.00033803649
0.00032177592
0.00030434705
0.00028594969
0.00026684155
0.00024732472
0.00022772512
0.00020836772
0.00018955101
0.00017152501
0.0001544765
0.00013852334
0.00012371601
0.0001100565
9.7518537e-05
8.6054447e-05
7.5647077e-05
6.6196894e-05
0.00045905418
0.00045863423
0.00045794142
0.00045709028
0.00045602257
0.00045467311
0.00045294688
0.00045072967
0.00044802123
0.00044496835
0.00044158263
0.00043766711
0.00043305131
0.00042763524
0.00042131657
0.00041398373
0.00040552444
0.00039583344
0.00038482058
0.00037242054
0.00035860405
0.00034338911
0.00032685099
0.00030912861
0.00029042562
0.00027100421
0.00025117121
0.00023125718
0.00021159125
0.00019247524
0.00017416158
0.00015683848
0.00014062452
0.00012557182
0.00011168305
9.8930473e-05
8.7268561e-05
7.6682413e-05
6.707091e-05
-4.8560847e-05
-3.999411e-05
-3.6046559e-05
-3.0885996e-05
-2.7431534e-05
-2.4067659e-05
-2.1316127e-05
-1.886378e-05
-1.6728414e-05
-1.4851451e-05
-1.3167379e-05
-1.1727206e-05
-1.0322118e-05
-9.3142827e-06
-7.9588329e-06
-4.8618873e-05
-3.9952213e-05
-3.6065607e-05
-3.0911533e-05
-2.7458552e-05
-2.4099084e-05
-2.1344108e-05
-1.8889512e-05
-1.6749898e-05
-1.4868679e-05
-1.3180023e-05
-1.1735743e-05
-1.0325456e-05
-9.3174344e-06
-7.9473951e-06
-4.8741108e-05
-3.9836579e-05
-3.6071436e-05
-3.0911233e-05
-2.7464695e-05
-2.41116e-05
-2.135416e-05
-1.8898867e-05
-1.6756112e-05
-1.4871766e-05
-1.3179603e-05
-1.1732473e-05
-1.031694e-05
-9.3137567e-06
-7.9182546e-06
-4.8918215e-05
-3.9631669e-05
-3.6052537e-05
-3.0874597e-05
-2.7441887e-05
-2.4098186e-05
-2.1340859e-05
-1.8887462e-05
-1.6743735e-05
-1.4858293e-05
-1.3164429e-05
-1.1716502e-05
-1.0296036e-05
-9.3036094e-06
-7.8711167e-06
-4.9143288e-05
-3.9334891e-05
-3.6005021e-05
-3.0800695e-05
-2.7389244e-05
-2.4058613e-05
-2.130426e-05
-1.8855472e-05
-1.6713012e-05
-1.4828501e-05
-1.3134671e-05
-1.1687943e-05
-1.0262757e-05
-9.2867501e-06
-7.8059026e-06
-4.9406276e-05
-3.8946647e-05
-3.5924122e-05
-3.0687789e-05
-2.7304562e-05
-2.3991196e-05
-2.1242912e-05
-1.880159e-05
-1.6662794e-05
-1.478136e-05
-1.3089396e-05
-1.1645918e-05
-1.0216424e-05
-9.2621296e-06
-7.7225884e-06
-4.9691419e-05
-3.8469104e-05
-3.5803549e-05
-3.0533139e-05
-2.7184576e-05
-2.3893318e-05
-2.1154534e-05
-1.872379e-05
-1.6591331e-05
-1.471534e-05
-1.3027293e-05
-1.1589237e-05
-1.0156221e-05
-9.2284367e-06
-7.6214785e-06
-4.9974672e-05
-3.790034e-05
-3.5636187e-05
-3.0333823e-05
-2.7025724e-05
-2.3762205e-05
-2.1036737e-05
-1.8619973e-05
-1.6496824e-05
-1.4628887e-05
-1.2947049e-05
-1.1516695e-05
-1.008139e-05
-9.184226e-06
-7.5032708e-06
-5.0225861e-05
-3.7216762e-05
-3.5414144e-05
-3.0087247e-05
-2.6824189e-05
-2.3594924e-05
-2.0887036e-05
-1.8487969e-05
-1.6377421e-05
-1.45204e-05
-1.2847324e-05
-1.1427047e-05
-9.991196e-06
-9.127903e-06
-7.3690251e-06
-5.043859e-05
-3.6446617e-05
-3.5128711e-05
-2.9792001e-05
-2.6576043e-05
-2.3388256e-05
-2.0702761e-05
-1.8325462e-05
-1.6231152e-05
-1.4388189e-05
-1.2726707e-05
-1.1318978e-05
-9.8848847e-06
-9.057731e-06
-7.2201192e-06
-5.0634254e-05
-3.5635699e-05
-3.4731809e-05
-2.9447032e-05
-2.6277807e-05
-2.3138701e-05
-2.0481024e-05
-1.812997e-05
-1.6055914e-05
-1.4230456e-05
-1.2583711e-05
-1.1191107e-05
-9.7616703e-06
-8.9718629e-06
-7.058191e-06
-5.0705944e-05
-3.4742384e-05
-3.4224056e-05
-2.9035983e-05
-2.5924403e-05
-2.2842496e-05
-2.0218715e-05
-1.7898858e-05
-1.5849487e-05
-1.4045315e-05
-1.2416778e-05
-1.1041998e-05
-9.6207292e-06
-8.8683882e-06
-6.8850619e-06
-5.0520198e-05
-3.3732346e-05
-3.3656021e-05
-2.8555823e-05
-2.5510931e-05
-2.2495709e-05
-1.9912589e-05
-1.7629387e-05
-1.5609584e-05
-1.3830836e-05
-1.2224319e-05
-1.0870197e-05
-9.4612113e-06
-8.7453959e-06
-6.702645e-06
-5.0077852e-05
-3.2660899e-05
-3.3001844e-05
-2.800838e-05
-2.5033244e-05
-2.2094317e-05
-1.9559369e-05
-1.7318824e-05
-1.5333938e-05
-1.358512e-05
-1.2004778e-05
-1.0674289e-05
-9.2822712e-06
-8.6010564e-06
-6.5128417e-06
-4.9357846e-05
-3.154598e-05
-3.2221994e-05
-2.7386646e-05
-2.4486536e-05
-2.1634271e-05
-1.9155897e-05
-1.6964595e-05
-1.502045e-05
-1.3306426e-05
-1.175673e-05
-1.0452982e-05
-9.0831226e-06
-8.4337213e-06
-6.3174356e-06
-4.8293549e-05
-3.0367884e-05
-3.1302137e-05
-2.6683881e-05
-2.3866093e-05
-2.1111824e-05
-1.8699387e-05
-1.6564518e-05
-1.4667378e-05
-1.2993331e-05
-1.1479018e-05
-1.0205225e-05
-8.8631158e-06
-8.2420371e-06
-6.117992e-06
-4.6819474e-05
-2.9132667e-05
-3.0232089e-05
-2.5894225e-05
-2.3168151e-05
-2.0523961e-05
-1.8187757e-05
-1.6117075e-05
-1.4273575e-05
-1.2644922e-05
-1.1170903e-05
-9.930328e-06
-8.6218318e-06
-8.025066e-06
-5.9157722e-06
-4.4868725e-05
-2.7847055e-05
-2.9002482e-05
-2.5011799e-05
-2.2389916e-05
-1.9868532e-05
-1.7619802e-05
-1.5621614e-05
-1.3838673e-05
-1.2260961e-05
-1.083221e-05
-9.6280962e-06
-8.3591776e-06
-7.7823987e-06
-5.7116696e-06
-4.2374217e-05
-2.6508481e-05
-2.7603143e-05
-2.4028427e-05
-2.1528577e-05
-1.9143807e-05
-1.6995027e-05
-1.5078323e-05
-1.3363122e-05
-1.1841955e-05
-1.0463399e-05
-9.2989031e-06
-8.0754562e-06
-7.5142395e-06
-5.5061714e-06
-3.9311426e-05
-2.5129402e-05
-2.6038167e-05
-2.2940282e-05
-2.0585524e-05
-1.8351077e-05
-1.6315152e-05
-1.4489115e-05
-1.2848716e-05
-1.1389463e-05
-1.0065754e-05
-8.9438197e-06
-7.7714578e-06
-7.2214635e-06
-5.2993844e-06
-3.5730566e-05
-2.3814623e-05
-2.4387343e-05
-2.1782582e-05
-1.9586586e-05
-1.7506584e-05
-1.5591008e-05
-1.3861666e-05
-1.2301005e-05
-1.0907559e-05
-9.6422618e-06
-8.5651322e-06
-7.4487635e-06
-6.9057232e-06
-5.0912248e-06
-3.1322924e-05
-2.2573765e-05
-2.2733649e-05
-2.0588473e-05
-1.8556567e-05
-1.6627272e-05
-1.4834971e-05
-1.3205661e-05
-1.1727567e-05
-1.0402117e-05
-9.1973522e-06
-8.166362e-06
-7.109785e-06
-6.5695581e-06
-4.8814726e-06
-2.4512663e-05
-2.0286064e-05
-2.0472472e-05
-1.8970659e-05
-1.7269898e-05
-1.5587033e-05
-1.3978821e-05
-1.2485329e-05
-1.1110032e-05
-9.8641539e-06
-8.7270753e-06
-7.746742e-06
-6.7545864e-06
-6.2155762e-06
-4.6678616e-06
-1.4186145e-05
-1.5129465e-05
-1.6447606e-05
-1.6192987e-05
-1.5288714e-05
-1.4134057e-05
-1.2876071e-05
-1.1613068e-05
-1.0394526e-05
-9.2603204e-06
-8.2114305e-06
-7.294919e-06
-6.3769299e-06
-5.8439289e-06
-4.4439208e-06
-7.3804719e-06
-6.0365427e-06
-5.4284387e-06
-4.5130956e-06
-3.842845e-06
-3.172262e-06
-2.5909497e-06
-2.0793142e-06
-1.6077814e-06
-1.2516365e-06
-8.4950312e-07
-7.0164913e-07
-2.1812684e-07
-5.5840336e-07
7.5441694e-07
-7.3869566e-06
-6.0287062e-06
-5.4253127e-06
-4.5111292e-06
-3.841012e-06
-3.1711954e-06
-2.5901343e-06
-2.0787495e-06
-1.6074259e-06
-1.2513373e-06
-8.4940815e-07
-7.0139907e-07
-2.1837027e-07
-5.5921927e-07
7.4823938e-07
-7.3990977e-06
-6.0117028e-06
-5.4187804e-06
-4.5067314e-06
-3.8370871e-06
-3.1688468e-06
-2.5883511e-06
-2.0775089e-06
-1.6066279e-06
-1.2506825e-06
-8.4916834e-07
-7.0088387e-07
-2.1881268e-07
-5.6078988e-07
7.3808063e-07
-7.417199e-06
-5.9849104e-06
-5.4085535e-06
-4.4996525e-06
-3.8309035e-06
-3.1650887e-06
-2.5855116e-06
-2.0755334e-06
-1.6053456e-06
-1.2496507e-06
-8.4876499e-07
-7.0009123e-07
-2.1945568e-07
-5.6298432e-07
7.2507711e-07
-7.4408074e-06
-5.9481059e-06
-5.3942242e-06
-4.4897063e-06
-3.8222939e-06
-3.1598052e-06
-2.5815359e-06
-2.0727653e-06
-1.6035415e-06
-1.2482139e-06
-8.481867e-07
-6.9899927e-07
-2.2031135e-07
-5.6559189e-07
7.0932943e-07
-7.4688581e-06
-5.9013107e-06
-5.3753125e-06
-4.4767176e-06
-3.8110844e-06
-3.1528725e-06
-2.5763394e-06
-2.0691425e-06
-1.6011754e-06
-1.2463421e-06
-8.4742069e-07
-6.9758364e-07
-2.2138923e-07
-5.6835796e-07
6.9253652e-07
-7.4997604e-06
-5.8447897e-06
-5.351282e-06
-4.4605173e-06
-3.7970981e-06
-3.1441601e-06
-2.569834e-06
-2.0646e-06
-1.5982045e-06
-1.2440042e-06
-8.464527e-07
-6.9581846e-07
-2.2269631e-07
-5.7104848e-07
6.7595932e-07
-7.5313692e-06
-5.7790594e-06
-5.3215496e-06
-4.4409401e-06
-3.7801575e-06
-3.133531e-06
-2.561929e-06
-2.0590696e-06
-1.5945843e-06
-1.2411683e-06
-8.4526742e-07
-6.9367594e-07
-2.2424094e-07
-5.7324522e-07
6.576054e-07
-7.5609549e-06
-5.7048711e-06
-5.2855017e-06
-4.4178158e-06
-3.760086e-06
-3.1208411e-06
-2.5525307e-06
-2.0524801e-06
-1.5902678e-06
-1.237801e-06
-8.4384853e-07
-6.9112654e-07
-2.2602641e-07
-5.7315096e-07
6.3601885e-07
-7.5852062e-06
-5.6231716e-06
-5.2425149e-06
-4.3909571e-06
-3.7367082e-06
-3.105937e-06
-2.5415413e-06
-2.0447564e-06
-1.5852054e-06
-1.2338678e-06
-8.4217843e-07
-6.8814188e-07
-2.2810308e-07
-5.6798481e-07
6.1220776e-07
-7.6002698e-06
-5.5350435e-06
-5.1919816e-06
-4.3601439e-06
-3.7098495e-06
-3.0886537e-06
-2.5288576e-06
-2.0358187e-06
-1.5793443e-06
-1.229332e-06
-8.4023779e-07
-6.8470439e-07
-2.3061453e-07
-5.5704016e-07
5.8948644e-07
-7.6018355e-06
-5.4416246e-06
-5.1333385e-06
-4.3251076e-06
-3.6793349e-06
-3.0688127e-06
-2.5143688e-06
-2.0255811e-06
-1.5726271e-06
-1.2241552e-06
-8.3800483e-07
-6.8080272e-07
-2.3351204e-07
-5.4255595e-07
5.7103064e-07
-7.5852751e-06
-5.3440104e-06
-5.0660966e-06
-4.2855149e-06
-3.6449859e-06
-3.0462187e-06
-2.4979544e-06
-2.0139502e-06
-1.5649914e-06
-1.2182959e-06
-8.3545493e-07
-6.7642969e-07
-2.3548526e-07
-5.2697418e-07
5.5489308e-07
-7.545838e-06
-5.2431441e-06
-4.9898687e-06
-4.240955e-06
-3.6066165e-06
-3.0206576e-06
-2.4794811e-06
-2.0008236e-06
-1.5563678e-06
-1.2117091e-06
-8.3256456e-07
-6.7162538e-07
-2.3544115e-07
-5.1116796e-07
5.3705235e-07
-7.4789027e-06
-5.1397065e-06
-4.9043933e-06
-4.1909332e-06
-3.564028e-06
-2.9918952e-06
-2.4588001e-06
-1.9860876e-06
-1.5466784e-06
-1.2043452e-06
-8.2932521e-07
-6.6643991e-07
-2.3490432e-07
-4.950846e-07
5.1608978e-07
-7.380272e-06
-5.0340171e-06
-4.8095498e-06
-4.1348723e-06
-3.5170031e-06
-2.9596766e-06
-2.435744e-06
-1.9696153e-06
-1.5358355e-06
-1.1961488e-06
-8.2572404e-07
-6.6087732e-07
-2.3536129e-07
-4.785544e-07
4.9211901e-07
-7.24649e-06
-4.925962e-06
-4.7053629e-06
-4.072125e-06
-3.4653006e-06
-2.9237276e-06
-2.4101253e-06
-1.951265e-06
-1.5237392e-06
-1.1870571e-06
-8.2173941e-07
-6.5492992e-07
-2.3673773e-07
-4.6150772e-07
4.6524264e-07
-7.0751495e-06
-4.814964e-06
-4.591995e-06
-4.0019987e-06
-3.4086516e-06
-2.8837584e-06
-2.3817344e-06
-1.9308782e-06
-1.5102757e-06
-1.1769989e-06
-8.1733867e-07
-6.4858304e-07
-2.3889568e-07
-4.4392866e-07
4.3547049e-07
-6.865148e-06
-4.7000052e-06
-4.4697262e-06
-3.9237926e-06
-3.3467602e-06
-2.8394702e-06
-2.3503419e-06
-1.9082797e-06
-1.4953167e-06
-1.1658934e-06
-8.1247653e-07
-6.4182014e-07
-2.4186728e-07
-4.2587129e-07
4.02823e-07
-6.6168318e-06
-4.5797154e-06
-4.3389237e-06
-3.8368431e-06
-3.2793105e-06
-2.7905657e-06
-2.3157027e-06
-1.8832787e-06
-1.4787193e-06
-1.1536496e-06
-8.0709301e-07
-6.3462407e-07
-2.4578622e-07
-4.0749909e-07
3.6732907e-07
-6.3319863e-06
-4.4525318e-06
-4.2000044e-06
-3.7405617e-06
-3.2059727e-06
-2.7367544e-06
-2.2775563e-06
-1.8556652e-06
-1.4603227e-06
-1.1401624e-06
-8.0110784e-07
-6.2693037e-07
-2.5023963e-07
-3.8880558e-07
3.2903424e-07
-6.013954e-06
-4.316834e-06
-4.0534135e-06
-3.6344475e-06
-3.1263867e-06
-2.6777412e-06
-2.2356112e-06
-1.8251907e-06
-1.4399298e-06
-1.1252988e-06
-7.9440627e-07
-6.1847205e-07
-2.5436946e-07
-3.6873975e-07
2.8841535e-07
-5.6689042e-06
-4.1705848e-06
-3.8997107e-06
-3.5181931e-06
-3.0401749e-06
-2.613266e-06
-2.1895741e-06
-1.7915872e-06
-1.4173124e-06
-1.1089174e-06
-7.8684162e-07
-6.0898569e-07
-2.5716546e-07
-3.4638554e-07
2.4671336e-07
-5.3059168e-06
-4.010686e-06
-3.7397471e-06
-3.3922804e-06
-2.9473742e-06
-2.5434949e-06
-2.1395057e-06
-1.7548737e-06
-1.3924462e-06
-1.0910638e-06
-7.7835519e-07
-5.9856783e-07
-2.5910637e-07
-3.222338e-07
2.0535911e-07
-1.0328112e-05
-5.1811797e-06
-1.5335477e-06
7.2721099e-07
1.9434525e-06
2.644984e-06
3.0103056e-06
3.103536e-06
3.2977395e-06
-1.4835874e-06
7.7310147e-07
2.3127557e-06
3.2607989e-06
3.6358625e-06
3.7722497e-06
3.7625413e-06
3.6315003e-06
3.7703821e-06
4.9704417e-06
5.7750367e-06
5.9335308e-06
5.7959593e-06
5.3633892e-06
4.9114742e-06
4.5103788e-06
4.1453205e-06
4.2374382e-06
1.1047476e-05
1.0554636e-05
9.4927908e-06
8.311738e-06
7.0716785e-06
6.0334858e-06
5.244704e-06
4.6527656e-06
4.704493e-06
1.7048587e-05
1.5290057e-05
1.3021061e-05
1.0793644e-05
8.7442149e-06
7.1272596e-06
5.957784e-06
5.1523992e-06
5.162559e-06
2.2892235e-05
1.9914466e-05
1.6466168e-05
1.3206673e-05
1.0360801e-05
8.1808149e-06
6.6433791e-06
5.6452048e-06
5.5960816e-06
2.8496983e-05
2.4354364e-05
1.9773413e-05
1.5515775e-05
1.1901349e-05
9.1824339e-06
7.2962444e-06
6.1231143e-06
5.9792106e-06
3.3794948e-05
2.8550034e-05
2.2895322e-05
1.7689213e-05
1.3346963e-05
1.0121295e-05
7.9101071e-06
6.5655776e-06
6.3274961e-06
3.8718449e-05
3.2445028e-05
2.5788406e-05
1.9698039e-05
1.4680074e-05
1.0986717e-05
8.473587e-06
6.9642121e-06
6.659234e-06
4.3199602e-05
3.598519e-05
2.8412672e-05
2.1515998e-05
1.588443e-05
1.1767197e-05
8.9720261e-06
7.3179351e-06
6.9698563e-06
4.7173648e-05
3.9120291e-05
3.0732061e-05
2.3119648e-05
1.6945114e-05
1.2451679e-05
9.408862e-06
7.6343621e-06
7.2466756e-06
5.0581674e-05
4.1805334e-05
3.2714848e-05
2.4488393e-05
1.78495e-05
1.3035139e-05
9.7899808e-06
7.9092687e-06
7.4777493e-06
5.3372364e-05
4.4001526e-05
3.433407e-05
2.5604768e-05
1.8586733e-05
1.3511078e-05
1.0102759e-05
8.1296551e-06
7.6628541e-06
5.5503248e-05
4.5676959e-05
3.5567737e-05
2.6454505e-05
1.9147673e-05
1.3873258e-05
1.033994e-05
8.2944489e-06
7.8033565e-06
5.6941096e-05
4.680654e-05
3.6398394e-05
2.7026014e-05
1.9524685e-05
1.4116502e-05
1.049832e-05
8.4063045e-06
7.8976529e-06
5.7662497e-05
4.7372364e-05
3.6813369e-05
2.7310582e-05
1.9711712e-05
1.4236571e-05
1.0575657e-05
8.4619441e-06
7.9439515e-06
-1.589335e-05
-1.75245e-05
-1.72522e-05
-1.6085153e-05
-1.4739369e-05
-1.3411345e-05
-1.2126758e-05
-1.0905207e-05
-9.7550825e-06
-8.6935993e-06
-7.7194038e-06
-6.8605309e-06
-6.0220691e-06
-5.4913018e-06
-4.2488866e-06
-6.7942227e-06
-9.481833e-06
-1.0543928e-05
-1.078106e-05
-1.0695039e-05
-1.0359636e-05
-9.8111007e-06
-9.12102e-06
-8.3644205e-06
-7.6021354e-06
-6.8658826e-06
-6.1816839e-06
-5.5159287e-06
-5.0148362e-06
-4.0580663e-06
-3.4263907e-06
-6.0503885e-06
-7.2361142e-06
-7.5765566e-06
-7.6868608e-06
-7.6582819e-06
-7.4538547e-06
-7.0910656e-06
-6.650781e-06
-6.1778089e-06
-5.6937968e-06
-5.2181251e-06
-4.7499287e-06
-4.3253087e-06
-3.7153205e-06
-9.1925158e-07
-2.2614175e-06
-3.0794293e-06
-3.5954085e-06
-3.9734559e-06
-4.2228408e-06
-4.3598042e-06
-4.3779316e-06
-4.3199269e-06
-4.2173321e-06
-4.0529701e-06
-3.8482885e-06
-3.615622e-06
-3.3671086e-06
-3.0784008e-06
8.1100753e-07
1.763976e-07
-3.9087574e-07
-8.7987014e-07
-1.2861234e-06
-1.6104772e-06
-1.8582184e-06
-2.0440162e-06
-2.1699601e-06
-2.239064e-06
-2.261536e-06
-2.2502035e-06
-2.2165561e-06
-2.1670214e-06
-2.1055107e-06
1.9428317e-06
1.6561815e-06
1.3438991e-06
1.0410059e-06
7.6644622e-07
5.1789596e-07
2.9190074e-07
8.790974e-08
-9.3866466e-08
-2.5470099e-07
-3.9607385e-07
-5.1884109e-07
-6.2328678e-07
-7.1145637e-07
-7.9425945e-07
2.5776866e-06
2.4458299e-06
2.2855573e-06
2.1178423e-06
1.9542944e-06
1.7939633e-06
1.6357519e-06
1.4803627e-06
1.3287047e-06
1.1814226e-06
1.0390758e-06
9.0219326e-07
7.7119552e-07
6.4653672e-07
5.2345934e-07
2.8266712e-06
2.7737292e-06
2.6966339e-06
2.6099156e-06
2.5224368e-06
2.4333139e-06
2.3412555e-06
2.2463207e-06
2.1487969e-06
2.0488012e-06
1.9464009e-06
1.8417005e-06
1.7348413e-06
1.6260249e-06
1.5136587e-06
3.0670243e-06
3.0334334e-06
2.9830587e-06
2.9255792e-06
2.8658397e-06
2.8029819e-06
2.7360731e-06
2.6649704e-06
2.589659e-06
2.5100499e-06
2.4260576e-06
2.3376415e-06
2.2448022e-06
2.1477043e-06
2.0486007e-06
-4.9591747e-06
-3.8644608e-06
-3.5943207e-06
-3.2753949e-06
-2.8620112e-06
-2.4789791e-06
-2.093179e-06
-1.7208523e-06
-1.3694182e-06
-1.0746308e-06
-7.7057435e-07
-5.8889004e-07
-2.620429e-07
-2.9929937e-07
1.7009777e-07
-4.4982354e-06
-3.7174615e-06
-3.4184267e-06
-3.1321173e-06
-2.7581876e-06
-2.3986078e-06
-2.0347297e-06
-1.6773492e-06
-1.3397603e-06
-1.0529479e-06
-7.6052564e-07
-5.7571707e-07
-2.6724366e-07
-2.6947185e-07
1.3216356e-07
-3.8565526e-06
-3.4320441e-06
-3.1385807e-06
-2.8894258e-06
-2.5781246e-06
-2.2603562e-06
-1.9322826e-06
-1.599827e-06
-1.2857875e-06
-1.0135893e-06
-7.4138446e-07
-5.5260538e-07
-2.7401672e-07
-2.262423e-07
8.0252353e-08
-3.0648007e-06
-2.8961404e-06
-2.6887396e-06
-2.4956385e-06
-2.2735008e-06
-2.0304382e-06
-1.7550533e-06
-1.4598998e-06
-1.1842999e-06
-9.4050406e-07
-7.012099e-07
-5.1333885e-07
-2.7524408e-07
-1.7466985e-07
1.3692276e-08
-2.0565019e-06
-2.0423312e-06
-1.9972093e-06
-1.9194433e-06
-1.8111729e-06
-1.6598701e-06
-1.4419328e-06
-1.2037307e-06
-9.9521335e-07
-8.0789711e-07
-6.207183e-07
-4.4860643e-07
-2.5677381e-07
-1.1665634e-07
-5.468031e-08
-8.3655398e-07
-9.4627182e-07
-1.0246983e-06
-1.0563546e-06
-1.0500743e-06
-9.9125819e-07
-9.0317727e-07
-8.2342235e-07
-7.3737982e-07
-6.3289524e-07
-4.9931079e-07
-3.4652036e-07
-1.9380138e-07
-5.5677157e-08
-8.2558361e-08
4.329248e-07
2.9505405e-07
1.6476938e-07
5.5105125e-08
-4.2467514e-08
-1.2430332e-07
-1.8701914e-07
-2.2467557e-07
-2.3963542e-07
-2.2124193e-07
-1.6349839e-07
-1.1100565e-07
-8.1560998e-08
-5.9523464e-08
-8.1947819e-08
1.4158275e-06
1.291559e-06
1.1640683e-06
1.0401537e-06
9.1503795e-07
7.8926526e-07
6.66862e-07
5.5060579e-07
4.4041771e-07
3.3888817e-07
2.4949951e-07
1.6995048e-07
1.0432942e-07
5.5076095e-08
1.2301313e-08
1.9496569e-06
1.8410648e-06
1.7366963e-06
1.6284261e-06
1.5096275e-06
1.3812759e-06
1.2457296e-06
1.1045438e-06
9.592777e-07
8.1195298e-07
6.649224e-07
5.1993962e-07
3.7693895e-07
2.3181499e-07
9.1601386e-08
-0.00031440496
-0.00031415162
-0.00031381202
-0.00031342755
-0.00031297274
-0.00031242784
-0.00031177576
-0.00031099658
-0.00031006629
-0.00030895656
-0.00030763419
-0.00030606051
-0.00030419072
-0.00030197331
-0.00029934961
-0.00029625363
-0.00029261227
-0.00028834608
-0.00028337099
-0.00027760104
-0.00027095255
-0.00026334983
-0.00025473251
-0.00024506405
-0.00023434086
-0.00022260056
-0.00020992816
-0.0001964582
-0.00018237174
-0.00016788798
-0.00015324906
-0.00013871026
-0.00012449612
-0.00011086495
-9.7861168e-05
-8.5987441e-05
-7.4337096e-05
-6.5333193e-05
-5.38762e-05
-0.00031432413
-0.00031407049
-0.00031373059
-0.00031334566
-0.00031289028
-0.00031234468
-0.00031169173
-0.00031091147
-0.00030997985
-0.00030886846
-0.00030754405
-0.00030596786
-0.00030409498
-0.0003018738
-0.00029924558
-0.00029614422
-0.00029249658
-0.00028822322
-0.00028324015
-0.00027746157
-0.0002708041
-0.00026319243
-0.00025456669
-0.00024489087
-0.00023416194
-0.00022241808
-0.00020974471
-0.00019627665
-0.00018219504
-0.00016771892
-0.00015309016
-0.00013856353
-0.0001243631
-0.00011074563
-9.7757579e-05
-8.5896995e-05
-7.4257086e-05
-6.5296032e-05
-5.3734796e-05
-0.00031419869
-0.00031394377
-0.00031360232
-0.00031321536
-0.00031275755
-0.00031220906
-0.00031155267
-0.00031076833
-0.00030983186
-0.00030871473
-0.00030738356
-0.00030579943
-0.0003039173
-0.00030168542
-0.00029904491
-0.00029592963
-0.00029226642
-0.00028797596
-0.00028297448
-0.00027717658
-0.00027049943
-0.00026286849
-0.00025422479
-0.00024453344
-0.00023379248
-0.00022204115
-0.00020936576
-0.00019590168
-0.00018183018
-0.00016737
-0.00015276236
-0.00013826114
-0.00012408908
-0.00011050046
-9.7544249e-05
-8.571287e-05
-7.4091003e-05
-6.5224847e-05
-5.3443876e-05
-0.00031400126
-0.00031374412
-0.00031339994
-0.00031300948
-0.0003125475
-0.00031199409
-0.0003113319
-0.0003105407
-0.00030959617
-0.0003084696
-0.00030712742
-0.00030553051
-0.00030363363
-0.00030138485
-0.00029872514
-0.00029558826
-0.00029190103
-0.00028758426
-0.00028255452
-0.00027672698
-0.00027001967
-0.00026235923
-0.00025368815
-0.00024397318
-0.00023321409
-0.00022145177
-0.00020877384
-0.00019531652
-0.00018126131
-0.00016682641
-0.00015225207
-0.00013779092
-0.00012366319
-0.00011012014
-9.7212912e-05
-8.5428662e-05
-7.3832628e-05
-6.51163e-05
-5.2992369e-05
-0.00031371321
-0.00031345297
-0.00031310497
-0.00031270961
-0.00031224181
-0.00031168151
-0.00031101117
-0.00031021035
-0.0003092545
-0.00030811466
-0.00030675697
-0.00030514205
-0.0003032244
-0.00030095182
-0.00029826511
-0.00029509792
-0.00029137715
-0.00028702385
-0.00028195509
-0.00027608687
-0.00026933843
-0.00026163802
-0.00025293009
-0.0002431836
-0.00023240071
-0.00022062449
-0.00020794438
-0.00019449771
-0.0001804663
-0.00016606753
-0.00015154029
-0.00013713572
-0.00012306998
-0.00010959103
-9.6751649e-05
-8.5033833e-05
-7.3473812e-05
-6.4961155e-05
-5.2374402e-05
-0.00031329807
-0.00031303385
-0.00031268097
-0.00031227931
-0.00031180403
-0.00031123489
-0.0003105541
-0.00030974094
-0.00030877056
-0.0003076137
-0.00030623615
-0.0003045982
-0.00030265398
-0.00030035102
-0.00029762987
-0.00029442409
-0.00029066065
-0.00028626093
-0.0002811427
-0.00027522305
-0.00026842281
-0.00026067229
-0.00025191849
-0.00024213325
-0.00023132172
-0.00021952979
-0.00020684916
-0.00019341858
-0.00017942017
-0.0001650702
-0.00015060578
-0.00013627652
-0.00012229234
-0.00010889803
-9.6147281e-05
-8.4516447e-05
-7.3005796e-05
-6.4747527e-05
-5.1587078e-05
-0.00031271037
-0.00031244133
-0.00031208255
-0.00031167326
-0.0003111889
-0.00031060904
-0.00030991556
-0.00030908743
-0.00030809945
-0.00030692194
-0.00030552032
-0.00030385443
-0.00030187801
-0.00029953823
-0.00029677539
-0.00029352294
-0.00028970797
-0.00028525234
-0.00028007466
-0.00027409344
-0.00026723147
-0.00025942164
-0.00025061408
-0.00024078417
-0.0002299407
-0.00021813296
-0.00020545541
-0.00019204845
-0.0001780945
-0.00016380825
-0.00014942465
-0.00013519202
-0.0001213112
-0.00010802434
-9.5385145e-05
-8.3863066e-05
-7.2418895e-05
-6.4460854e-05
-5.062928e-05
-0.00031188838
-0.00031161375
-0.00031124815
-0.00031082998
-0.00031033506
-0.00030974272
-0.00030903449
-0.00030818895
-0.00030718049
-0.000305979
-0.00030454941
-0.00030285108
-0.00030083731
-0.00029845486
-0.00029564375
-0.00029233732
-0.00028846288
-0.00028394283
-0.0002786969
-0.00027264526
-0.00026571311
-0.00025783642
-0.00024896907
-0.00023909061
-0.00022821416
-0.00021639302
-0.00020372482
-0.0001903518
-0.00017645666
-0.00016225173
-0.0001479696
-0.00013385829
-0.00012010523
-0.00010695096
-9.4448615e-05
-8.3058321e-05
-7.1701987e-05
-6.4083526e-05
-4.9500927e-05
-0.00031075389
-0.000310473
-0.00031009981
-0.00030967167
-0.00030916487
-0.00030855852
-0.00030783372
-0.00030696864
-0.0003059372
-0.0003047088
-0.00030324784
-0.00030151318
-0.0002994576
-0.00029702744
-0.00029416241
-0.00029079583
-0.00028685524
-0.00028226379
-0.00027694249
-0.00027081355
-0.00026380495
-0.0002558563
-0.0002469258
-0.00023699788
-0.00022609059
-0.0002142618
-0.0002016127
-0.00018828755
-0.00017446921
-0.00016036653
-0.00014621
-0.00013224958
-0.00011865054
-0.00010565642
-9.3318729e-05
-8.20846e-05
-7.0842073e-05
-6.3594853e-05
-4.820311e-05
-0.0003092088
-0.00030892112
-0.00030853977
-0.00030810077
-0.00030758105
-0.00030695945
-0.00030621665
-0.00030533033
-0.00030427393
-0.00030301632
-0.00030152136
-0.00029974733
-0.0002976465
-0.00029516478
-0.00029224162
-0.00028881033
-0.00028479882
-0.00028013112
-0.00027472979
-0.00026851939
-0.00026143114
-0.0002534088
-0.0002444155
-0.00023444113
-0.00022350932
-0.000211683
-0.00019906725
-0.0001858084
-0.00017208939
-0.00015811417
-0.00014411292
-0.00013033865
-0.00011691766
-0.00010411564
-9.1973777e-05
-8.0921728e-05
-6.9823766e-05
-6.2971428e-05
-4.6743825e-05
-0.00030713272
-0.00030683794
-0.00030644809
-0.00030599767
-0.00030546433
-0.00030482668
-0.00030406493
-0.00030315628
-0.00030207366
-0.00030078539
-0.00029925477
-0.00029743952
-0.0002952914
-0.00029275591
-0.0002897723
-0.00028627393
-0.00028218924
-0.00027744334
-0.00027196059
-0.00026566826
-0.00025850122
-0.00025040789
-0.00024135691
-0.00023134421
-0.00022039953
-0.00020859129
-0.00019602867
-0.00018285999
-0.0001692681
-0.00015544928
-0.00014163718
-0.00012807904
-0.00011486421
-0.00010229857
-9.0388797e-05
-7.9546561e-05
-6.8628427e-05
-6.2186652e-05
-4.51466e-05
-0.00030438118
-0.0003040792
-0.00030368087
-0.00030321884
-0.00030267165
-0.0003020177
-0.00030123671
-0.00030030542
-0.00029919624
-0.00029787696
-0.00029631032
-0.00029445351
-0.00029225783
-0.00028966843
-0.00028662444
-0.00028305943
-0.0002789025
-0.00027408007
-0.00026851864
-0.00026214849
-0.00025490863
-0.0002467526
-0.00023765506
-0.0002276185
-0.0002166792
-0.0002049114
-0.00019242842
-0.00017938046
-0.00016594931
-0.00015231199
-0.00013870174
-0.00012534944
-0.0001124633
-0.00010017554
-8.8535242e-05
-7.793248e-05
-6.7232922e-05
-6.1205302e-05
-4.3389682e-05
-0.00030078281
-0.00030047361
-0.00030006658
-0.00029959322
-0.00029903257
-0.00029836277
-0.00029756309
-0.00029660982
-0.0002954749
-0.00029412563
-0.00029252424
-0.00029062748
-0.00028838624
-0.00028574545
-0.00028264425
-0.00027901659
-0.00027479247
-0.00026989988
-0.00026426772
-0.00025782972
-0.00025052937
-0.00024232581
-0.00023320018
-0.00022316196
-0.00021225433
-0.00020055757
-0.00018818934
-0.00017530247
-0.00016207877
-0.00014864875
-0.00013519726
-0.00012227442
-0.00010989712
-9.7734307e-05
-8.6381504e-05
-7.6048982e-05
-6.5609818e-05
-5.9988898e-05
-4.144916e-05
-0.00029614034
-0.00029582415
-0.00029540804
-0.00029492419
-0.00029435123
-0.00029366688
-0.00029285006
-0.00029187666
-0.00029071823
-0.00028934165
-0.00028770874
-0.00028577589
-0.00028349374
-0.00028080715
-0.00027765547
-0.00027397324
-0.00026969164
-0.00026474053
-0.00025905161
-0.00025256241
-0.00024522135
-0.00023699356
-0.000227867
-0.00021785844
-0.00020701821
-0.00019543283
-0.00018322501
-0.00017055325
-0.00015761466
-0.00014453349
-0.00013143709
-0.00011879827
-0.00010672386
-9.4942999e-05
-8.3892766e-05
-7.3860977e-05
-6.3727604e-05
-5.8500146e-05
-3.9339127e-05
-0.0002902201
-0.000289898
-0.00028947417
-0.00028898143
-0.00028839805
-0.00028770142
-0.00028687017
-0.00028587991
-0.00028470189
-0.00028330267
-0.00028164384
-0.00027968159
-0.00027736652
-0.00027464366
-0.00027145281
-0.00026772943
-0.00026340618
-0.00025841515
-0.00025269115
-0.00024617588
-0.00023882302
-0.00023060397
-0.00022151377
-0.00021157652
-0.00020084947
-0.00018942476
-0.00017742828
-0.00016501644
-0.00015237301
-0.00013966706
-0.00012712232
-0.00011475907
-0.00010283907
-9.1638103e-05
-8.1012577e-05
-7.1328004e-05
-6.1549807e-05
-5.6697461e-05
-3.7056069e-05
-0.00028277204
-0.00028244564
-0.00028201619
-0.000281517
-0.00028092609
-0.00028022063
-0.00027937908
-0.00027837686
-0.00027718507
-0.00027577014
-0.00027409358
-0.00027211163
-0.00026977508
-0.0002670294
-0.00026381517
-0.00026006913
-0.0002557258
-0.00025071995
-0.00024498997
-0.00023848219
-0.00023115592
-0.00022298911
-0.00021398394
-0.00020417169
-0.00019361612
-0.00018241425
-0.00017069408
-0.00015860921
-0.00014633133
-0.00013402574
-0.00012184904
-0.00010999656
-9.8630605e-05
-8.7880109e-05
-7.7705427e-05
-6.8407988e-05
-5.903515e-05
-5.4534849e-05
-3.4583098e-05
-0.00027349574
-0.00027316718
-0.00027273495
-0.00027223261
-0.0002716381
-0.0002709285
-0.00027008226
-0.0002690748
-0.00026787725
-0.00026645619
-0.00026477332
-0.00026278524
-0.00026044334
-0.00025769394
-0.00025447887
-0.0002507366
-0.00024640397
-0.00024141883
-0.0002357235
-0.00022926914
-0.00022202088
-0.00021396326
-0.00020510554
-0.00019548601
-0.00018517447
-0.00017427213
-0.00016290838
-0.00015123454
-0.00013941521
-0.00012761178
-0.00011597208
-0.00010467546
-9.3853738e-05
-8.3599731e-05
-7.3921456e-05
-6.5053799e-05
-5.6137298e-05
-5.1963032e-05
-3.1897095e-05
-0.00026211638
-0.00026178858
-0.00026135742
-0.00026085638
-0.00026026353
-0.00025955605
-0.00025871255
-0.00025770866
-0.00025651578
-0.00025510086
-0.00025342611
-0.00025144882
-0.0002491213
-0.0002463911
-0.00024320174
-0.00023949387
-0.00023520724
-0.00023028339
-0.00022466927
-0.00021832158
-0.00021121176
-0.00020333119
-0.00019469599
-0.00018535075
-0.00017537031
-0.00016485876
-0.00015394546
-0.00014277802
-0.00013151337
-0.00012030513
-0.00010929381
-9.8624345e-05
-8.8408442e-05
-7.8729326e-05
-6.960453e-05
-6.1214093e-05
-5.2805647e-05
-4.8929965e-05
-2.8966796e-05
-0.00024823397
-0.00024791039
-0.00024748484
-0.00024699042
-0.00024640552
-0.00024570773
-0.00024487605
-0.00024388661
-0.00024271144
-0.00024131829
-0.00023967039
-0.0002377263
-0.00023543991
-0.00023276078
-0.00022963487
-0.0002260058
-0.00022181685
-0.00021701369
-0.00021154795
-0.00020538159
-0.00019849191
-0.00019087652
-0.00018255788
-0.00017358631
-0.00016404087
-0.00015402738
-0.00014367354
-0.00013312141
-0.00012251826
-0.00011200603
-0.00010171271
-9.1757392e-05
-8.2232339e-05
-7.3206062e-05
-6.4696169e-05
-5.6835199e-05
-4.8987309e-05
-4.5383095e-05
-2.5755233e-05
-0.00023166462
-0.00023134986
-0.00023093598
-0.00023045517
-0.00022988645
-0.00022920807
-0.00022839967
-0.00022743817
-0.0002262965
-0.00022494351
-0.00022334375
-0.00022145736
-0.00021924013
-0.0002166439
-0.00021361738
-0.00021010758
-0.00020606192
-0.00020143109
-0.00019617273
-0.00019025568
-0.00018366453
-0.000176404
-0.00016850265
-0.00016001512
-0.00015102238
-0.00014162921
-0.00013195881
-0.00012214499
-0.000112323
-0.00010262005
-9.3147973e-05
-8.4003504e-05
-7.5259181e-05
-6.6965971e-05
-5.9137287e-05
-5.1863272e-05
-4.4629977e-05
-4.127352e-05
-2.2232413e-05
-0.00021174218
-0.0002114409
-0.0002110448
-0.00021058478
-0.00021004085
-0.0002093923
-0.00020861984
-0.0002077016
-0.00020661206
-0.00020532191
-0.00020379794
-0.00020200297
-0.000199896
-0.00019743264
-0.00019456596
-0.00019124786
-0.00018743104
-0.00018307161
-0.0001781325
-0.00017258746
-0.00016642561
-0.00015965583
-0.00015231043
-0.000144447
-0.00013614769
-0.00012751557
-0.00011866821
-0.00010972944
-0.00010082043
-9.2051319e-05
-8.3515131e-05
-7.5286722e-05
-6.7418718e-05
-5.9944411e-05
-5.2869247e-05
-4.6245566e-05
-3.9681722e-05
-3.6542183e-05
-1.8338046e-05
-0.00018883209
-0.00018855107
-0.00018818167
-0.00018775264
-0.00018724533
-0.00018664045
-0.00018592
-0.0001850636
-0.00018404744
-0.00018284419
-0.00018142291
-0.00017974898
-0.00017778428
-0.0001754877
-0.00017281608
-0.00016972567
-0.00016617435
-0.00016212455
-0.00015754681
-0.00015242367
-0.00014675356
-0.00014055399
-0.00013386354
-0.00012674229
-0.00011927027
-0.00011154362
-0.00010366854
-9.575364e-05
-8.79017e-05
-8.0202413e-05
-7.2727491e-05
-6.5529594e-05
-5.8641445e-05
-5.207914e-05
-4.5837356e-05
-3.9935389e-05
-3.4091884e-05
-3.1069894e-05
-1.3779064e-05
-0.00016121746
-0.00016096197
-0.00016062622
-0.00016023656
-0.00015977615
-0.00015922765
-0.000158575
-0.00015780012
-0.00015688199
-0.00015579664
-0.00015451714
-0.00015301362
-0.00015125358
-0.00014920237
-0.00014682408
-0.00014408284
-0.00014094457
-0.00013737923
-0.0001333636
-0.00012888444
-0.000123942
-0.00011855338
-0.000112755
-0.0001066034
-0.00010017338
-9.355344e-05
-8.6838733e-05
-8.0122934e-05
-7.3490372e-05
-6.7009886e-05
-6.0731464e-05
-5.4686279e-05
-4.8888224e-05
-4.3337773e-05
-3.8018728e-05
-3.2926503e-05
-2.7862805e-05
-2.4777446e-05
-8.2859469e-06
-0.00013152714
-0.00013130545
-0.00013101429
-0.00013067626
-0.00013027675
-0.00012980072
-0.00012923417
-0.00012856133
-0.00012776384
-0.00012682077
-0.00012570856
-0.00012440109
-0.00012286995
-0.00012108496
-0.00011901508
-0.00011662982
-0.00011390119
-0.00011080622
-0.00010732989
-0.00010346833
-9.9231598e-05
-9.4645642e-05
-8.9752887e-05
-8.4611015e-05
-7.9289841e-05
-7.3866364e-05
-6.8418417e-05
-6.301777e-05
-5.7723896e-05
-5.2579652e-05
-4.7609743e-05
-4.2822292e-05
-3.8212405e-05
-3.3766796e-05
-2.946274e-05
-2.5293463e-05
-2.1133767e-05
-1.8133017e-05
-4.4198841e-06
-9.4919141e-05
-9.4741346e-05
-9.4507891e-05
-9.4236995e-05
-9.391705e-05
-9.3536111e-05
-9.3083151e-05
-9.2545801e-05
-9.1909758e-05
-9.1158795e-05
-9.0274819e-05
-8.9237989e-05
-8.8027006e-05
-8.6619634e-05
-8.4993528e-05
-8.3127411e-05
-8.100265e-05
-7.860521e-05
-7.5927928e-05
-7.2972889e-05
-6.9753602e-05
-6.6296462e-05
-6.2640951e-05
-5.8838044e-05
-5.4946629e-05
-5.1028171e-05
-4.7140381e-05
-4.3331018e-05
-3.9633052e-05
-3.6062253e-05
-3.2617742e-05
-2.9285485e-05
-2.6044e-05
-2.2870028e-05
-1.9741565e-05
-1.6676814e-05
-1.36237e-05
-1.1385707e-05
-6.2939575e-06
-5.2980863e-05
-5.2853837e-05
-5.2687056e-05
-5.2493813e-05
-5.2265962e-05
-5.1995182e-05
-5.1673927e-05
-5.1293841e-05
-5.0845377e-05
-5.0317889e-05
-4.9699759e-05
-4.8978596e-05
-4.8141582e-05
-4.7176001e-05
-4.6069984e-05
-4.4813486e-05
-4.3399479e-05
-4.1825294e-05
-4.0094e-05
-3.8215629e-05
-3.6208058e-05
-3.4097247e-05
-3.1916578e-05
-2.9704959e-05
-2.7503509e-05
-2.5350936e-05
-2.3278247e-05
-2.130388e-05
-1.9430547e-05
-1.7644761e-05
-1.5919387e-05
-1.4218989e-05
-1.2507464e-05
-1.0752965e-05
-8.930417e-06
-7.0905396e-06
-5.199713e-06
-3.7091183e-06
-1.2204213e-06
-9.9843199e-06
-9.9158233e-06
-9.8260051e-06
-9.7220491e-06
-9.599709e-06
-9.4546647e-06
-9.2830724e-06
-9.0807513e-06
-8.8430214e-06
-8.5648033e-06
-8.2407626e-06
-7.8655178e-06
-7.4339581e-06
-6.9417037e-06
-6.3857357e-06
-5.76521e-06
-5.082448e-06
-4.3440412e-06
-3.561927e-06
-2.7541763e-06
-1.9451219e-06
-1.1644222e-06
-4.4477304e-07
1.8172242e-07
6.8812943e-07
1.0574882e-06
1.2869684e-06
1.3904771e-06
1.3989588e-06
1.3579654e-06
1.322615e-06
1.3502642e-06
1.4907043e-06
1.7857877e-06
2.2741753e-06
2.8478692e-06
3.5455636e-06
4.1652221e-06
5.3423288e-06
3.6397138e-05
3.6401855e-05
3.6407792e-05
3.641418e-05
3.6420987e-05
3.6428057e-05
3.6434997e-05
3.6441148e-05
3.6445481e-05
3.6446449e-05
3.6441771e-05
3.6428167e-05
3.6401026e-05
3.6353993e-05
3.6278519e-05
3.616338e-05
3.5994253e-05
3.575346e-05
3.5419995e-05
3.4970015e-05
3.4377927e-05
3.3618212e-05
3.2668072e-05
3.1510929e-05
3.0140541e-05
2.8565177e-05
2.6810874e-05
2.4922652e-05
2.2962848e-05
2.1006352e-05
1.9133363e-05
1.741995e-05
1.5924752e-05
1.4702942e-05
1.3831196e-05
1.3062155e-05
1.2503314e-05
1.210673e-05
1.2043211e-05
8.3900965e-05
8.3836543e-05
8.375157e-05
8.3652393e-05
8.353439e-05
8.3392661e-05
8.3222388e-05
8.3017912e-05
8.2772369e-05
8.2477514e-05
8.2123485e-05
8.1698528e-05
8.1188691e-05
8.0577514e-05
7.9845752e-05
7.8971171e-05
7.7928502e-05
7.6689683e-05
7.522454e-05
7.3502128e-05
7.1492933e-05
6.9172055e-05
6.6523311e-05
6.3543842e-05
6.024857e-05
5.6673574e-05
5.2877467e-05
4.8939991e-05
4.4957453e-05
4.1035341e-05
3.7279131e-05
3.3782153e-05
3.0606155e-05
2.7838128e-05
2.5579786e-05
2.33543e-05
2.1535042e-05
2.0065914e-05
1.8817251e-05
0.00013247008
0.00013233379
0.00013215431
0.00013194533
0.00013169742
0.00013140072
0.00013104575
0.00013062155
0.00013011506
0.00012951088
0.00012879103
0.00012793459
0.00012691747
0.00012571217
0.00012428775
0.00012260997
0.00012064183
0.00011834464
0.00011567967
0.00011261063
0.00010910709
0.00010514857
0.00010072934
9.5863246e-05
9.058795e-05
8.4967536e-05
7.9092425e-05
7.3075822e-05
6.7046572e-05
6.1139516e-05
5.5484798e-05
5.0190699e-05
4.5312988e-05
4.1086825e-05
3.7196753e-05
3.3602903e-05
3.0645227e-05
2.7967266e-05
2.5562022e-05
0.00018083064
0.00018062074
0.00018034449
0.0001800231
0.00017964228
0.00017918711
0.00017864339
0.00017799483
0.00017722213
0.00017630274
0.00017521057
0.00017391565
0.00017238391
0.00017057708
0.00016845285
0.00016596542
0.00016306653
0.00015970716
0.00015584012
0.00015142358
0.00014642562
0.00014082956
0.00013463977
0.00012788707
0.0001206327
0.00011296985
0.00010502159
9.6934713e-05
8.8869754e-05
8.0988638e-05
7.3440454e-05
6.6334037e-05
5.9661976e-05
5.3945637e-05
4.8640412e-05
4.3837672e-05
3.9588556e-05
3.5645324e-05
3.2131868e-05
0.00022820365
0.00022792051
0.00022754796
0.00022711471
0.00022660163
0.00022598875
0.00022525717
0.00022438527
0.00022334755
0.00022211432
0.00022065139
0.00021891974
0.00021687533
0.00021446914
0.00021164754
0.00020835325
0.0002045269
0.00020010955
0.00019504617
0.00018929029
0.00018280967
0.00017559269
0.00016765484
0.00015904444
0.00014984628
0.00014018202
0.00013020631
0.00012009813
0.00011004808
0.00010024176
9.083606e-05
8.19369e-05
7.3771289e-05
6.637228e-05
5.9593749e-05
5.350289e-05
4.797816e-05
4.295703e-05
3.8401146e-05
0.00027351592
0.00027316156
0.00027269538
0.0002721534
0.00027151177
0.00027074563
0.00026983154
0.00026874274
0.00026744772
0.0002659099
0.00026408734
0.00026193231
0.00025939125
0.00025640485
0.00025290876
0.00024883479
0.00024411315
0.00023867553
0.00023245959
0.00022541458
0.00021750808
0.0002087335
0.00019911727
0.00018872487
0.00017766412
0.00016608441
0.00015417098
0.00014213406
0.00013019387
0.0001185629
0.00010742747
9.6951042e-05
8.7355989e-05
7.821766e-05
6.9861572e-05
6.2571793e-05
5.5909408e-05
4.981828e-05
4.4266835e-05
0.00031582309
0.00031540146
0.00031484686
0.00031420219
0.00031343916
0.00031252829
0.00031144186
0.00031014826
0.00030861031
0.00030678495
0.00030462289
0.00030206826
0.00029905848
0.00029552463
0.00029139224
0.00028658298
0.00028101733
0.00027461839
0.00026731722
0.00025905942
0.00024981292
0.0002395763
0.00022838673
0.0002163261
0.0002035239
0.00019015535
0.00017643385
0.00016259791
0.00014889381
0.00013555595
0.00012278807
0.00011075825
9.9623547e-05
8.9257946e-05
7.9674467e-05
7.1057297e-05
6.3231985e-05
5.6113869e-05
4.9632065e-05
0.00035414829
0.00035366516
0.00035302963
0.00035229099
0.00035141687
0.00035037359
0.00034912951
0.00034764858
0.00034588847
0.00034380022
0.00034132785
0.00033840807
0.00033497017
0.00033093646
0.0003262234
0.00032074348
0.00031440845
0.00030713373
0.00029884453
0.00028948327
0.00027901834
0.00026745321
0.00025483497
0.00024126056
0.00022687927
0.00021188972
0.00019653065
0.00018106574
0.0001657641
0.00015087887
0.00013662728
0.00012317911
0.00011066123
9.9063132e-05
8.8368935e-05
7.8640385e-05
6.9779497e-05
6.1730224e-05
5.4407217e-05
0.00038762268
0.00038708458
0.00038637492
0.00038555349
0.00038458186
0.00038342219
0.00038203945
0.00038039378
0.00037843831
0.00037611887
0.00037337364
0.00037013278
0.00036631844
0.00036184529
0.00035662176
0.00035055239
0.00034354131
0.00033549733
0.00032634067
0.0003160112
0.00030447796
0.00029174896
0.00027788017
0.00026298187
0.00024722065
0.00023081549
0.00021402702
0.00019714057
0.00018044474
0.00016420861
0.00014866101
0.00013397682
0.00012027337
0.00010757486
9.5875565e-05
8.5185328e-05
7.5429257e-05
6.6568659e-05
5.8512988e-05
0.00041543209
0.0004148463
0.00041406937
0.00041317848
0.00041212572
0.00041086886
0.00040937026
0.00040758698
0.00040546836
0.0004029559
0.00039998292
0.00039647415
0.00039234582
0.00038750624
0.00038185727
0.0003752968
0.0003677227
0.00035903831
0.00034915971
0.00033802467
0.00032560277
0.00031190582
0.00029699722
0.00028099839
0.00026409038
0.0002465091
0.00022853329
0.00021046611
0.00019261211
0.00017525333
0.00015862799
0.00014291607
0.00012823338
0.00011461868
0.00010207086
9.0577931e-05
8.0078762e-05
7.0544664e-05
6.1881485e-05
0.00043694221
0.00043632007
0.00043549144
0.00043454789
0.00043343349
0.00043210235
0.00043051458
0.00042862454
0.0004263785
0.00042371486
0.0004205635
0.00041684499
0.00041247097
0.00040734482
0.00040136332
0.0003944193
0.00038640586
0.00037722226
0.00036678157
0.00035502014
0.00034190818
0.00032746061
0.00031174667
0.00029489637
0.00027710185
0.0002586119
0.00023971909
0.00022074011
0.00020199166
0.00018376557
0.00016630714
0.00014980034
0.00013436189
0.00012003828
0.00010683025
9.4715857e-05
8.364259e-05
7.3588725e-05
6.4457117e-05
0.000451516
0.00045086939
0.00045000592
0.00044902772
0.00044787319
0.00044649399
0.00044484871
0.00044288943
0.00044055941
0.00043779486
0.00043452425
0.00043066568
0.00042612743
0.00042080951
0.00041460522
0.0004074039
0.00039909532
0.00038957579
0.00037875618
0.00036657169
0.00035299281
0.00033803649
0.00032177592
0.00030434705
0.00028594969
0.00026684155
0.00024732472
0.00022772512
0.00020836772
0.00018955101
0.00017152501
0.0001544765
0.00013852334
0.00012371601
0.0001100565
9.7518536e-05
8.6054446e-05
7.5647077e-05
6.6196895e-05
0.00045905418
0.00045863423
0.00045794142
0.00045709028
0.00045602256
0.0004546731
0.00045294688
0.00045072967
0.00044802123
0.00044496835
0.00044158263
0.0004376671
0.0004330513
0.00042763524
0.00042131657
0.00041398372
0.00040552443
0.00039583344
0.00038482058
0.00037242054
0.00035860404
0.00034338911
0.00032685099
0.00030912861
0.00029042562
0.00027100421
0.00025117121
0.00023125719
0.00021159126
0.00019247525
0.00017416158
0.00015683848
0.00014062451
0.00012557182
0.00011168305
9.8930473e-05
8.7268562e-05
7.6682415e-05
6.707091e-05
-4.8560845e-05
-3.9994108e-05
-3.6046556e-05
-3.0885993e-05
-2.7431531e-05
-2.4067656e-05
-2.1316124e-05
-1.8863777e-05
-1.672841e-05
-1.4851448e-05
-1.3167377e-05
-1.1727204e-05
-1.0322117e-05
-9.3142833e-06
-7.9588345e-06
-4.8618875e-05
-3.9952216e-05
-3.6065609e-05
-3.0911536e-05
-2.7458555e-05
-2.4099087e-05
-2.1344112e-05
-1.8889516e-05
-1.6749902e-05
-1.4868682e-05
-1.3180026e-05
-1.1735745e-05
-1.0325457e-05
-9.3174337e-06
-7.9473937e-06
-4.8741109e-05
-3.983658e-05
-3.6071436e-05
-3.0911234e-05
-2.7464695e-05
-2.4111601e-05
-2.1354161e-05
-1.8898868e-05
-1.6756112e-05
-1.4871767e-05
-1.3179603e-05
-1.1732473e-05
-1.031694e-05
-9.3137564e-06
-7.9182544e-06
-4.8918215e-05
-3.9631669e-05
-3.6052537e-05
-3.0874597e-05
-2.7441887e-05
-2.4098186e-05
-2.1340859e-05
-1.8887462e-05
-1.6743735e-05
-1.4858293e-05
-1.3164429e-05
-1.1716502e-05
-1.0296036e-05
-9.3036093e-06
-7.8711169e-06
-4.9143288e-05
-3.9334891e-05
-3.600502e-05
-3.0800696e-05
-2.7389244e-05
-2.4058613e-05
-2.130426e-05
-1.8855472e-05
-1.6713012e-05
-1.4828501e-05
-1.3134671e-05
-1.1687943e-05
-1.0262757e-05
-9.28675e-06
-7.8059028e-06
-4.9406276e-05
-3.8946647e-05
-3.5924122e-05
-3.0687789e-05
-2.7304562e-05
-2.3991196e-05
-2.1242912e-05
-1.8801591e-05
-1.6662794e-05
-1.478136e-05
-1.3089396e-05
-1.1645918e-05
-1.0216424e-05
-9.2621295e-06
-7.7225885e-06
-4.9691419e-05
-3.8469104e-05
-3.5803549e-05
-3.0533139e-05
-2.7184576e-05
-2.3893318e-05
-2.1154534e-05
-1.872379e-05
-1.6591331e-05
-1.471534e-05
-1.3027293e-05
-1.1589237e-05
-1.0156221e-05
-9.2284365e-06
-7.6214786e-06
-4.9974672e-05
-3.790034e-05
-3.5636187e-05
-3.0333823e-05
-2.7025724e-05
-2.3762205e-05
-2.1036737e-05
-1.8619973e-05
-1.6496824e-05
-1.4628887e-05
-1.2947049e-05
-1.1516695e-05
-1.008139e-05
-9.1842258e-06
-7.5032708e-06
-5.0225861e-05
-3.7216762e-05
-3.5414144e-05
-3.0087247e-05
-2.6824189e-05
-2.3594924e-05
-2.0887036e-05
-1.8487969e-05
-1.6377421e-05
-1.45204e-05
-1.2847324e-05
-1.1427047e-05
-9.9911961e-06
-9.1279028e-06
-7.3690251e-06
-5.043859e-05
-3.6446617e-05
-3.5128711e-05
-2.9792001e-05
-2.6576043e-05
-2.3388256e-05
-2.0702761e-05
-1.8325462e-05
-1.6231152e-05
-1.4388189e-05
-1.2726707e-05
-1.1318978e-05
-9.8848848e-06
-9.0577308e-06
-7.2201193e-06
-5.0634254e-05
-3.5635699e-05
-3.4731809e-05
-2.9447032e-05
-2.6277807e-05
-2.3138701e-05
-2.0481024e-05
-1.812997e-05
-1.6055914e-05
-1.4230456e-05
-1.2583711e-05
-1.1191107e-05
-9.7616704e-06
-8.9718628e-06
-7.058191e-06
-5.0705943e-05
-3.4742384e-05
-3.4224056e-05
-2.9035983e-05
-2.5924403e-05
-2.2842496e-05
-2.0218715e-05
-1.7898858e-05
-1.5849487e-05
-1.4045316e-05
-1.2416778e-05
-1.1041998e-05
-9.6207293e-06
-8.8683881e-06
-6.8850619e-06
-5.0520198e-05
-3.3732346e-05
-3.3656021e-05
-2.8555823e-05
-2.5510931e-05
-2.2495709e-05
-1.9912589e-05
-1.7629387e-05
-1.5609584e-05
-1.3830836e-05
-1.2224319e-05
-1.0870197e-05
-9.4612114e-06
-8.7453959e-06
-6.702645e-06
-5.0077852e-05
-3.2660899e-05
-3.3001844e-05
-2.800838e-05
-2.5033244e-05
-2.2094317e-05
-1.9559369e-05
-1.7318824e-05
-1.5333938e-05
-1.358512e-05
-1.2004778e-05
-1.0674289e-05
-9.2822713e-06
-8.6010564e-06
-6.5128417e-06
-4.9357846e-05
-3.154598e-05
-3.2221994e-05
-2.7386646e-05
-2.4486536e-05
-2.1634271e-05
-1.9155897e-05
-1.6964595e-05
-1.502045e-05
-1.3306426e-05
-1.175673e-05
-1.0452983e-05
-9.0831226e-06
-8.4337213e-06
-6.3174355e-06
-4.8293549e-05
-3.0367884e-05
-3.1302137e-05
-2.6683881e-05
-2.3866093e-05
-2.1111824e-05
-1.8699387e-05
-1.6564518e-05
-1.4667378e-05
-1.2993331e-05
-1.1479018e-05
-1.0205225e-05
-8.8631158e-06
-8.2420371e-06
-6.117992e-06
-4.6819474e-05
-2.9132667e-05
-3.0232089e-05
-2.5894225e-05
-2.3168151e-05
-2.0523961e-05
-1.8187757e-05
-1.6117075e-05
-1.4273575e-05
-1.2644922e-05
-1.1170903e-05
-9.930328e-06
-8.6218319e-06
-8.0250661e-06
-5.9157722e-06
-4.4868725e-05
-2.7847055e-05
-2.9002482e-05
-2.5011799e-05
-2.2389916e-05
-1.9868532e-05
-1.7619802e-05
-1.5621614e-05
-1.3838673e-05
-1.2260961e-05
-1.083221e-05
-9.6280962e-06
-8.3591776e-06
-7.7823988e-06
-5.7116695e-06
-4.2374217e-05
-2.6508481e-05
-2.7603143e-05
-2.4028427e-05
-2.1528577e-05
-1.9143807e-05
-1.6995027e-05
-1.5078323e-05
-1.3363122e-05
-1.1841955e-05
-1.0463399e-05
-9.2989031e-06
-8.0754562e-06
-7.5142395e-06
-5.5061714e-06
-3.9311426e-05
-2.5129402e-05
-2.6038167e-05
-2.2940282e-05
-2.0585524e-05
-1.8351077e-05
-1.6315152e-05
-1.4489115e-05
-1.2848716e-05
-1.1389463e-05
-1.0065754e-05
-8.9438197e-06
-7.7714579e-06
-7.2214635e-06
-5.2993844e-06
-3.5730566e-05
-2.3814623e-05
-2.4387343e-05
-2.1782582e-05
-1.9586586e-05
-1.7506584e-05
-1.5591008e-05
-1.3861666e-05
-1.2301005e-05
-1.0907559e-05
-9.6422618e-06
-8.5651322e-06
-7.4487636e-06
-6.9057232e-06
-5.0912248e-06
-3.1322924e-05
-2.2573765e-05
-2.2733649e-05
-2.0588473e-05
-1.8556567e-05
-1.6627272e-05
-1.4834972e-05
-1.3205661e-05
-1.1727567e-05
-1.0402117e-05
-9.1973522e-06
-8.1663621e-06
-7.109785e-06
-6.5695581e-06
-4.8814725e-06
-2.4512663e-05
-2.0286064e-05
-2.0472472e-05
-1.8970659e-05
-1.7269898e-05
-1.5587033e-05
-1.3978821e-05
-1.2485329e-05
-1.1110032e-05
-9.8641539e-06
-8.7270753e-06
-7.746742e-06
-6.7545864e-06
-6.2155762e-06
-4.6678616e-06
-1.4186145e-05
-1.5129465e-05
-1.6447606e-05
-1.6192987e-05
-1.5288714e-05
-1.4134057e-05
-1.2876071e-05
-1.1613068e-05
-1.0394526e-05
-9.2603205e-06
-8.2114305e-06
-7.294919e-06
-6.3769299e-06
-5.8439289e-06
-4.4439208e-06
-7.3804742e-06
-6.0365457e-06
-5.4284413e-06
-4.5130977e-06
-3.8428465e-06
-3.1722628e-06
-2.5909503e-06
-2.0793147e-06
-1.6077841e-06
-1.2516348e-06
-8.4950736e-07
-7.016494e-07
-2.1812337e-07
-5.5840377e-07
7.5442027e-07
-7.3869533e-06
-6.0287033e-06
-5.425309e-06
-4.5111268e-06
-3.8410103e-06
-3.1711944e-06
-2.5901341e-06
-2.0787474e-06
-1.6074262e-06
-1.2513324e-06
-8.4941097e-07
-7.0139713e-07
-2.183659e-07
-5.5921874e-07
7.4824138e-07
-7.3990968e-06
-6.0117023e-06
-5.4187795e-06
-4.506731e-06
-3.8370868e-06
-3.1688465e-06
-2.5883513e-06
-2.0775079e-06
-1.606629e-06
-1.2506795e-06
-8.4917149e-07
-7.008823e-07
-2.1880898e-07
-5.6079356e-07
7.3808215e-07
-7.4171989e-06
-5.9849106e-06
-5.4085535e-06
-4.4996527e-06
-3.8309036e-06
-3.1650887e-06
-2.585512e-06
-2.0755328e-06
-1.6053471e-06
-1.2496483e-06
-8.4876824e-07
-7.0009008e-07
-2.1945201e-07
-5.6298876e-07
7.2507852e-07
-7.4408071e-06
-5.948106e-06
-5.3942241e-06
-4.4897064e-06
-3.822294e-06
-3.1598051e-06
-2.5815363e-06
-2.0727647e-06
-1.6035429e-06
-1.2482116e-06
-8.4818966e-07
-6.9899839e-07
-2.2030776e-07
-5.6559579e-07
7.0933068e-07
-7.4688578e-06
-5.9013108e-06
-5.3753124e-06
-4.4767177e-06
-3.8110845e-06
-3.1528724e-06
-2.5763398e-06
-2.0691419e-06
-1.6011767e-06
-1.2463399e-06
-8.474233e-07
-6.9758299e-07
-2.2138588e-07
-5.6836134e-07
6.9253756e-07
-7.4997601e-06
-5.8447898e-06
-5.3512818e-06
-4.4605173e-06
-3.7970982e-06
-3.14416e-06
-2.5698345e-06
-2.0645993e-06
-1.5982058e-06
-1.2440023e-06
-8.4645495e-07
-6.9581803e-07
-2.2269325e-07
-5.7105147e-07
6.7596012e-07
-7.5313688e-06
-5.7790594e-06
-5.3215495e-06
-4.4409401e-06
-3.7801576e-06
-3.1335309e-06
-2.5619295e-06
-2.0590689e-06
-1.5945854e-06
-1.2411666e-06
-8.4526935e-07
-6.9367571e-07
-2.2423815e-07
-5.7324788e-07
6.5760597e-07
-7.5609546e-06
-5.7048711e-06
-5.2855016e-06
-4.4178158e-06
-3.7600861e-06
-3.1208409e-06
-2.5525312e-06
-2.0524794e-06
-1.5902688e-06
-1.2377995e-06
-8.4385017e-07
-6.9112647e-07
-2.2602389e-07
-5.7315331e-07
6.3601922e-07
-7.585206e-06
-5.6231716e-06
-5.2425148e-06
-4.390957e-06
-3.7367083e-06
-3.1059368e-06
-2.5415418e-06
-2.0447558e-06
-1.5852064e-06
-1.2338664e-06
-8.4217981e-07
-6.8814194e-07
-2.281008e-07
-5.6798687e-07
6.1220796e-07
-7.6002696e-06
-5.5350434e-06
-5.1919815e-06
-4.3601439e-06
-3.7098496e-06
-3.0886535e-06
-2.5288581e-06
-2.035818e-06
-1.5793452e-06
-1.2293308e-06
-8.4023896e-07
-6.8470454e-07
-2.3061248e-07
-5.5704196e-07
5.894865e-07
-7.6018354e-06
-5.4416245e-06
-5.1333385e-06
-4.3251076e-06
-3.679335e-06
-3.0688125e-06
-2.5143694e-06
-2.0255804e-06
-1.5726281e-06
-1.2241542e-06
-8.3800581e-07
-6.8080295e-07
-2.335102e-07
-5.4255751e-07
5.7103059e-07
-7.585275e-06
-5.3440102e-06
-5.0660965e-06
-4.2855148e-06
-3.644986e-06
-3.0462185e-06
-2.497955e-06
-2.0139495e-06
-1.5649923e-06
-1.218295e-06
-8.3545575e-07
-6.7642997e-07
-2.3548362e-07
-5.2697553e-07
5.5489294e-07
-7.5458379e-06
-5.2431439e-06
-4.9898686e-06
-4.2409549e-06
-3.6066166e-06
-3.0206574e-06
-2.4794817e-06
-2.0008229e-06
-1.5563686e-06
-1.2117083e-06
-8.3256523e-07
-6.7162569e-07
-2.354397e-07
-5.1116911e-07
5.3705214e-07
-7.4789026e-06
-5.1397063e-06
-4.9043933e-06
-4.1909331e-06
-3.5640281e-06
-2.991895e-06
-2.4588007e-06
-1.9860869e-06
-1.5466793e-06
-1.2043445e-06
-8.2932576e-07
-6.6644025e-07
-2.3490303e-07
-4.9508559e-07
5.1608952e-07
-7.3802719e-06
-5.0340169e-06
-4.8095498e-06
-4.1348722e-06
-3.5170032e-06
-2.9596764e-06
-2.4357447e-06
-1.9696146e-06
-1.5358363e-06
-1.1961482e-06
-8.2572448e-07
-6.6087767e-07
-2.3536016e-07
-4.7855524e-07
4.9211873e-07
-7.24649e-06
-4.9259618e-06
-4.7053628e-06
-4.0721249e-06
-3.4653006e-06
-2.9237274e-06
-2.4101259e-06
-1.9512643e-06
-1.5237399e-06
-1.1870566e-06
-8.2173976e-07
-6.5493028e-07
-2.3673673e-07
-4.6150842e-07
4.6524235e-07
-7.0751495e-06
-4.8149638e-06
-4.5919949e-06
-4.0019986e-06
-3.4086516e-06
-2.8837582e-06
-2.381735e-06
-1.9308775e-06
-1.5102764e-06
-1.1769984e-06
-8.1733894e-07
-6.485834e-07
-2.388948e-07
-4.4392924e-07
4.3547019e-07
-6.8651479e-06
-4.700005e-06
-4.4697261e-06
-3.9237926e-06
-3.3467602e-06
-2.8394701e-06
-2.3503425e-06
-1.908279e-06
-1.4953174e-06
-1.165893e-06
-8.1247672e-07
-6.4182049e-07
-2.4186651e-07
-4.2587177e-07
4.0282272e-07
-6.6168318e-06
-4.5797152e-06
-4.3389236e-06
-3.836843e-06
-3.2793105e-06
-2.7905655e-06
-2.3157032e-06
-1.883278e-06
-1.47872e-06
-1.1536493e-06
-8.0709314e-07
-6.3462441e-07
-2.4578556e-07
-4.0749948e-07
3.6732881e-07
-6.3319863e-06
-4.4525317e-06
-4.2000043e-06
-3.7405616e-06
-3.2059727e-06
-2.7367543e-06
-2.2775569e-06
-1.8556646e-06
-1.4603233e-06
-1.1401621e-06
-8.0110792e-07
-6.269307e-07
-2.5023906e-07
-3.8880589e-07
3.29034e-07
-6.013954e-06
-4.3168339e-06
-4.0534134e-06
-3.6344475e-06
-3.1263867e-06
-2.6777411e-06
-2.2356117e-06
-1.8251902e-06
-1.4399304e-06
-1.1252986e-06
-7.944063e-07
-6.1847237e-07
-2.5436897e-07
-3.6874e-07
2.8841514e-07
-5.6689041e-06
-4.1705846e-06
-3.8997106e-06
-3.5181931e-06
-3.0401749e-06
-2.6132658e-06
-2.1895746e-06
-1.7915867e-06
-1.4173129e-06
-1.1089173e-06
-7.8684161e-07
-6.0898599e-07
-2.5716505e-07
-3.4638574e-07
2.4671319e-07
-5.3059167e-06
-4.0106859e-06
-3.7397469e-06
-3.3922804e-06
-2.9473742e-06
-2.5434947e-06
-2.1395062e-06
-1.7548732e-06
-1.3924466e-06
-1.0910637e-06
-7.7835515e-07
-5.9856811e-07
-2.5910604e-07
-3.2223395e-07
2.0535898e-07
-1.0328112e-05
-5.1811797e-06
-1.5335477e-06
7.2721097e-07
1.9434525e-06
2.6449839e-06
3.0103056e-06
3.103536e-06
3.2977395e-06
-1.4835874e-06
7.7310147e-07
2.3127557e-06
3.2607989e-06
3.6358625e-06
3.7722497e-06
3.7625413e-06
3.6315003e-06
3.7703821e-06
4.9704417e-06
5.7750366e-06
5.9335308e-06
5.7959593e-06
5.3633892e-06
4.9114741e-06
4.5103788e-06
4.1453204e-06
4.2374382e-06
1.1047476e-05
1.0554636e-05
9.4927908e-06
8.311738e-06
7.0716785e-06
6.0334858e-06
5.244704e-06
4.6527656e-06
4.704493e-06
1.7048587e-05
1.5290057e-05
1.3021061e-05
1.0793644e-05
8.7442149e-06
7.1272596e-06
5.957784e-06
5.1523991e-06
5.162559e-06
2.2892235e-05
1.9914466e-05
1.6466168e-05
1.3206673e-05
1.0360801e-05
8.1808149e-06
6.6433791e-06
5.6452048e-06
5.5960816e-06
2.8496983e-05
2.4354364e-05
1.9773413e-05
1.5515775e-05
1.1901349e-05
9.1824338e-06
7.2962444e-06
6.1231143e-06
5.9792106e-06
3.3794948e-05
2.8550033e-05
2.2895322e-05
1.7689213e-05
1.3346963e-05
1.0121295e-05
7.9101071e-06
6.5655776e-06
6.3274961e-06
3.8718449e-05
3.2445028e-05
2.5788406e-05
1.9698038e-05
1.4680074e-05
1.0986717e-05
8.473587e-06
6.9642121e-06
6.659234e-06
4.3199602e-05
3.598519e-05
2.8412672e-05
2.1515998e-05
1.588443e-05
1.1767197e-05
8.9720261e-06
7.3179351e-06
6.9698563e-06
4.7173648e-05
3.9120291e-05
3.0732061e-05
2.3119647e-05
1.6945114e-05
1.2451679e-05
9.408862e-06
7.6343621e-06
7.2466756e-06
5.0581674e-05
4.1805334e-05
3.2714848e-05
2.4488393e-05
1.78495e-05
1.3035139e-05
9.7899808e-06
7.9092687e-06
7.4777494e-06
5.3372364e-05
4.4001526e-05
3.433407e-05
2.5604768e-05
1.8586733e-05
1.3511078e-05
1.0102759e-05
8.1296552e-06
7.6628541e-06
5.5503248e-05
4.5676959e-05
3.5567737e-05
2.6454505e-05
1.9147673e-05
1.3873258e-05
1.033994e-05
8.2944489e-06
7.8033565e-06
5.6941096e-05
4.6806539e-05
3.6398394e-05
2.7026014e-05
1.9524685e-05
1.4116502e-05
1.049832e-05
8.4063045e-06
7.8976529e-06
5.7662496e-05
4.7372363e-05
3.6813369e-05
2.7310581e-05
1.9711712e-05
1.4236571e-05
1.0575657e-05
8.4619441e-06
7.9439515e-06
-1.589335e-05
-1.75245e-05
-1.72522e-05
-1.6085153e-05
-1.4739369e-05
-1.3411345e-05
-1.2126758e-05
-1.0905207e-05
-9.7550826e-06
-8.6935993e-06
-7.7194038e-06
-6.8605309e-06
-6.0220692e-06
-5.4913018e-06
-4.2488865e-06
-6.7942227e-06
-9.481833e-06
-1.0543928e-05
-1.078106e-05
-1.0695039e-05
-1.0359636e-05
-9.8111008e-06
-9.12102e-06
-8.3644206e-06
-7.6021354e-06
-6.8658826e-06
-6.1816839e-06
-5.5159287e-06
-5.0148362e-06
-4.0580663e-06
-3.4263906e-06
-6.0503885e-06
-7.2361142e-06
-7.5765567e-06
-7.6868609e-06
-7.6582819e-06
-7.4538548e-06
-7.0910656e-06
-6.650781e-06
-6.177809e-06
-5.6937969e-06
-5.2181252e-06
-4.7499287e-06
-4.3253087e-06
-3.7153205e-06
-9.1925158e-07
-2.2614175e-06
-3.0794293e-06
-3.5954085e-06
-3.9734559e-06
-4.2228409e-06
-4.3598042e-06
-4.3779316e-06
-4.319927e-06
-4.2173321e-06
-4.0529701e-06
-3.8482885e-06
-3.615622e-06
-3.3671086e-06
-3.0784007e-06
8.1100752e-07
1.7639758e-07
-3.9087576e-07
-8.7987016e-07
-1.2861235e-06
-1.6104773e-06
-1.8582185e-06
-2.0440162e-06
-2.1699602e-06
-2.2390641e-06
-2.261536e-06
-2.2502035e-06
-2.2165561e-06
-2.1670213e-06
-2.1055106e-06
1.9428317e-06
1.6561815e-06
1.3438991e-06
1.0410059e-06
7.6644619e-07
5.1789593e-07
2.9190071e-07
8.7909718e-08
-9.3866487e-08
-2.5470101e-07
-3.9607387e-07
-5.1884109e-07
-6.2328679e-07
-7.1145637e-07
-7.9425945e-07
2.5776865e-06
2.4458299e-06
2.2855573e-06
2.1178423e-06
1.9542944e-06
1.7939633e-06
1.6357519e-06
1.4803627e-06
1.3287047e-06
1.1814226e-06
1.0390758e-06
9.0219326e-07
7.7119552e-07
6.4653672e-07
5.2345934e-07
2.8266712e-06
2.7737292e-06
2.6966339e-06
2.6099156e-06
2.5224368e-06
2.4333139e-06
2.3412555e-06
2.2463207e-06
2.1487969e-06
2.0488012e-06
1.9464009e-06
1.8417005e-06
1.7348413e-06
1.6260249e-06
1.5136587e-06
3.0670243e-06
3.0334334e-06
2.9830587e-06
2.9255792e-06
2.8658397e-06
2.8029819e-06
2.7360731e-06
2.6649704e-06
2.589659e-06
2.5100499e-06
2.4260576e-06
2.3376415e-06
2.2448022e-06
2.1477043e-06
2.0486007e-06
-4.9591746e-06
-3.8644607e-06
-3.5943206e-06
-3.2753949e-06
-2.8620112e-06
-2.478979e-06
-2.0931794e-06
-1.720852e-06
-1.3694185e-06
-1.0746307e-06
-7.7057428e-07
-5.888903e-07
-2.6204264e-07
-2.9929948e-07
1.7009769e-07
-4.4982353e-06
-3.7174614e-06
-3.4184266e-06
-3.1321173e-06
-2.7581875e-06
-2.3986077e-06
-2.03473e-06
-1.6773489e-06
-1.3397606e-06
-1.0529479e-06
-7.6052556e-07
-5.7571731e-07
-2.6724347e-07
-2.6947193e-07
1.3216352e-07
-3.8565526e-06
-3.4320441e-06
-3.1385806e-06
-2.8894257e-06
-2.5781246e-06
-2.2603562e-06
-1.9322828e-06
-1.5998268e-06
-1.2857877e-06
-1.0135894e-06
-7.4138437e-07
-5.526056e-07
-2.7401658e-07
-2.2624236e-07
8.0252332e-08
-3.0648006e-06
-2.8961404e-06
-2.6887395e-06
-2.4956385e-06
-2.2735007e-06
-2.0304381e-06
-1.7550534e-06
-1.4598997e-06
-1.1843e-06
-9.4050414e-07
-7.0120982e-07
-5.1333902e-07
-2.7524399e-07
-1.7466989e-07
1.3692265e-08
-2.0565019e-06
-2.0423312e-06
-1.9972093e-06
-1.9194433e-06
-1.8111728e-06
-1.6598701e-06
-1.4419329e-06
-1.2037307e-06
-9.9521337e-07
-8.0789719e-07
-6.2071825e-07
-4.4860654e-07
-2.5677379e-07
-1.1665636e-07
-5.4680318e-08
-8.3655397e-07
-9.462718e-07
-1.0246983e-06
-1.0563546e-06
-1.0500743e-06
-9.9125819e-07
-9.0317729e-07
-8.2342235e-07
-7.3737983e-07
-6.3289529e-07
-4.9931079e-07
-3.4652042e-07
-1.9380139e-07
-5.5677163e-08
-8.2558367e-08
4.3292481e-07
2.9505405e-07
1.6476938e-07
5.510513e-08
-4.2467511e-08
-1.2430332e-07
-1.8701915e-07
-2.2467558e-07
-2.3963543e-07
-2.2124195e-07
-1.6349841e-07
-1.1100568e-07
-8.1561017e-08
-5.9523471e-08
-8.1947824e-08
1.4158275e-06
1.291559e-06
1.1640683e-06
1.0401537e-06
9.1503795e-07
7.8926526e-07
6.6686201e-07
5.5060579e-07
4.404177e-07
3.3888816e-07
2.494995e-07
1.6995047e-07
1.043294e-07
5.5076087e-08
1.2301309e-08
1.9496569e-06
1.8410648e-06
1.7366963e-06
1.6284261e-06
1.5096275e-06
1.3812759e-06
1.2457296e-06
1.1045438e-06
9.5927769e-07
8.1195298e-07
6.649224e-07
5.1993962e-07
3.7693894e-07
2.3181499e-07
9.1601383e-08
)
;

boundaryField
{
    inlet
    {
        type            zeroGradient;
    }
    outlet
    {
        type            fixedValue;
        value           uniform 0;
    }
    cylinder
    {
        type            zeroGradient;
    }
    frontAndBack
    {
        type            empty;
    }
}


// ************************************************************************* //
