/*--------------------------------*- C++ -*----------------------------------*\
  =========                 |
  \\      /  F ield         | OpenFOAM: The Open Source CFD Toolbox
   \\    /   O peration     | Website:  https://openfoam.org
    \\  /    A nd           | Version:  14
     \\/     M anipulation  |
\*---------------------------------------------------------------------------*/
FoamFile
{
    format      ascii;
    class       volScalarField;
    location    "4000";
    object      p;
}
// * * * * * * * * * * * * * * * * * * * * * * * * * * * * * * * * * * * * * //

dimensions      [0 2 -2 0 0 0 0];

internalField   nonuniform List<scalar> 
5388
(
-0.00031517028
-0.00031491542
-0.00031457377
-0.00031418701
-0.00031372951
-0.00031318143
-0.0003125256
-0.00031174202
-0.0003108066
-0.0003096909
-0.00030836161
-0.00030677996
-0.000304901
-0.00030267309
-0.00030003743
-0.00029692789
-0.00029327121
-0.00028898784
-0.00028399359
-0.00027820239
-0.00027153051
-0.00026390226
-0.00025525729
-0.0002455592
-0.00023480456
-0.00022303131
-0.00021032483
-0.00019682017
-0.00018269897
-0.0001681811
-0.00015350939
-0.00013893983
-0.00012469749
-0.00011104121
-9.801585e-05
-8.6123964e-05
-7.4459594e-05
-6.5444112e-05
-5.3980956e-05
-0.00031508794
-0.00031483278
-0.00031449086
-0.00031410366
-0.0003136456
-0.00031309684
-0.00031244016
-0.00031165554
-0.00031071882
-0.0003096015
-0.00030827022
-0.00030668609
-0.0003048041
-0.00030257249
-0.00029993237
-0.00029681753
-0.00029315466
-0.00028886421
-0.00028386206
-0.00027806235
-0.0002713816
-0.00026374452
-0.00025509124
-0.00024538591
-0.00023462566
-0.00022284896
-0.00021014163
-0.00019663898
-0.00018252273
-0.00016801259
-0.00015335109
-0.00013879376
-0.00012456516
-0.00011092259
-9.7912961e-05
-8.6034198e-05
-7.4380234e-05
-6.540753e-05
-5.3840192e-05
-0.00031495956
-0.00031470314
-0.0003143597
-0.00031397049
-0.00031351003
-0.00031295841
-0.00031229835
-0.00031150968
-0.00031056817
-0.00030944519
-0.00030810722
-0.00030651525
-0.0003046241
-0.00030238189
-0.00029972962
-0.00029660099
-0.00029292271
-0.00028861533
-0.00028359496
-0.00027777612
-0.0002710759
-0.00026341977
-0.00025474879
-0.00024502816
-0.00023425613
-0.00022247222
-0.00020976311
-0.00019626465
-0.00018215871
-0.00016766468
-0.00015302445
-0.00013849265
-0.00012429248
-0.00011067879
-9.7701e-05
-8.5851408e-05
-7.4215435e-05
-6.533749e-05
-5.3550549e-05
-0.00031475763
-0.00031449902
-0.00031415288
-0.0003137602
-0.00031329563
-0.00031273914
-0.00031207332
-0.00031127788
-0.00031032839
-0.00030919605
-0.00030784718
-0.00030624256
-0.00030433681
-0.00030207787
-0.00029940658
-0.00029625655
-0.00029255448
-0.00028822105
-0.0002831727
-0.00027732452
-0.00027059447
-0.00026290918
-0.00025421118
-0.0002444673
-0.00023367752
-0.00022188298
-0.00020917169
-0.00019568033
-0.000181591
-0.00016712252
-0.0001525158
-0.00013802426
-0.00012386853
-0.00011030045
-9.7371658e-05
-8.5569153e-05
-7.3958945e-05
-6.5230626e-05
-5.3100919e-05
-0.00031446344
-0.00031420176
-0.00031385186
-0.00031345433
-0.00031298399
-0.00031242069
-0.0003117468
-0.00031094183
-0.00030998112
-0.00030883564
-0.0003074714
-0.00030584894
-0.0003039226
-0.00030164008
-0.00029894203
-0.00029576197
-0.00029202666
-0.00028765703
-0.00028257002
-0.00027668156
-0.00026991082
-0.00026218602
-0.00025345163
-0.00024367674
-0.00023286365
-0.00022105571
-0.00020834272
-0.00019486248
-0.00018079736
-0.00016636538
-0.00015180606
-0.00013737138
-0.00012327779
-0.00010977389
-9.691297e-05
-8.5176854e-05
-7.3602577e-05
-6.507768e-05
-5.248539e-05
-0.00031404048
-0.00031377486
-0.00031342014
-0.00031301637
-0.00031253862
-0.00031196656
-0.00031128231
-0.00031046511
-0.00030949002
-0.00030832766
-0.00030694375
-0.00030529845
-0.00030334578
-0.00030103313
-0.00029830094
-0.00029508263
-0.00029130502
-0.00028688939
-0.00028175336
-0.00027581397
-0.00026899195
-0.0002612176
-0.00025243795
-0.00024262492
-0.00023178382
-0.00021996079
-0.0002072479
-0.00019378433
-0.00017975274
-0.00016537004
-0.00015087393
-0.00013651491
-0.00012250308
-0.00010908394
-9.6311707e-05
-8.4662532e-05
-7.3137537e-05
-6.4866742e-05
-5.1701018e-05
-0.00031344321
-0.00031317283
-0.00031281229
-0.00031240096
-0.00031191421
-0.00031133152
-0.00031063471
-0.00030980267
-0.00030881012
-0.0003076273
-0.00030621952
-0.00030454651
-0.00030256192
-0.00030021277
-0.00029743924
-0.00029417464
-0.00029034595
-0.00028587489
-0.00028067996
-0.00027467958
-0.00026779646
-0.00025996348
-0.00025113078
-0.00024127381
-0.00023040152
-0.00021856344
-0.00020585437
-0.00019241512
-0.00017842865
-0.00016411023
-0.00014969542
-0.00013543352
-0.00012152528
-0.00010821374
-9.5553152e-05
-8.4012702e-05
-7.2554093e-05
-6.4583222e-05
-5.074663e-05
-0.00031260991
-0.000312334
-0.00031196672
-0.0003115466
-0.00031104937
-0.00031045431
-0.00030974288
-0.00030889358
-0.00030788073
-0.00030667413
-0.00030523861
-0.00030353344
-0.0003015118
-0.00029912033
-0.00029629893
-0.00029298081
-0.00028909314
-0.00028455823
-0.00027929566
-0.00027322554
-0.00026627297
-0.00025837391
-0.00024948223
-0.00023957757
-0.00022867318
-0.00021682259
-0.00020412372
-0.00019071925
-0.00017679235
-0.00016255594
-0.00014824313
-0.00013410317
-0.00012032298
-0.00010714422
-9.4620618e-05
-8.321194e-05
-7.1841076e-05
-6.4209473e-05
-4.9622044e-05
-0.00031146236
-0.00031118024
-0.00031080547
-0.00031037545
-0.00030986645
-0.0003092575
-0.00030852964
-0.00030766097
-0.00030662533
-0.00030539204
-0.00030392543
-0.00030218423
-0.00030012112
-0.00029768232
-0.00029480745
-0.00029142968
-0.00028747644
-0.00028287074
-0.0002775335
-0.00027138682
-0.00026435862
-0.00025638847
-0.00024743459
-0.00023748143
-0.0002265472
-0.00021468996
-0.00020201119
-0.00018865553
-0.00017480632
-0.00016067294
-0.00014648637
-0.00013249809
-0.00011887222
-0.00010585382
-9.3495081e-05
-8.2242577e-05
-7.0985438e-05
-6.3724757e-05
-4.8328187e-05
-0.00030990243
-0.0003096136
-0.00030923076
-0.00030878999
-0.00030826817
-0.0003076441
-0.00030689839
-0.00030600866
-0.00030494827
-0.00030368603
-0.00030218568
-0.00030040544
-0.00029829746
-0.00029580754
-0.00029287502
-0.00028943309
-0.00028540953
-0.00028072827
-0.00027531176
-0.00026908446
-0.00026197752
-0.00025393465
-0.00024491899
-0.00023492047
-0.00022396283
-0.00021210918
-0.00019946488
-0.00018617659
-0.00017242772
-0.00015842267
-0.00014439209
-0.00013059107
-0.00011714339
-0.00010431738
-9.2154762e-05
-8.1084379e-05
-6.9971742e-05
-6.3105655e-05
-4.6873165e-05
-0.00030780977
-0.0003075139
-0.00030712267
-0.00030667058
-0.00030613526
-0.00030549528
-0.00030473078
-0.00030381891
-0.00030273253
-0.00030143989
-0.00029990419
-0.00029808308
-0.0002959282
-0.00029338497
-0.00029039252
-0.0002868841
-0.00028278803
-0.00027802931
-0.0002725322
-0.00026622387
-0.00025903912
-0.00025092632
-0.0002418541
-0.00023181844
-0.00022084915
-0.00020901483
-0.00019642489
-0.00018322797
-0.00016960734
-0.0001557596
-0.00014191885
-0.0001283355
-0.00011509405
-0.00010250474
-9.0574621e-05
-7.9714132e-05
-6.8781294e-05
-6.2325639e-05
-4.5281845e-05
-0.00030503991
-0.00030473691
-0.00030433731
-0.00030387371
-0.00030332466
-0.00030266853
-0.00030188498
-0.00030095067
-0.00029983796
-0.00029851458
-0.00029694319
-0.00029508089
-0.00029287888
-0.00029028222
-0.00028722994
-0.0002836555
-0.0002794879
-0.00027465344
-0.00026907852
-0.00026269334
-0.00025543683
-0.00024726246
-0.0002381449
-0.00022808665
-0.00021712408
-0.00020533155
-0.00019282261
-0.00017974772
-0.00016628906
-0.0001526237
-0.00013898513
-0.00012560836
-0.00011269803
-0.00010038623
-8.8726034e-05
-7.8105138e-05
-6.739086e-05
-6.134929e-05
-4.3531276e-05
-0.0003014216
-0.00030111143
-0.00030070315
-0.00030022833
-0.00029966596
-0.00029899413
-0.00029819206
-0.00029723598
-0.00029609779
-0.00029474471
-0.0002931389
-0.00029123703
-0.0002889899
-0.00028634237
-0.00028323346
-0.00027959703
-0.00027536298
-0.00027045919
-0.00026481446
-0.00025836245
-0.00025104657
-0.00024282589
-0.00023368154
-0.000223623
-0.00021269353
-0.00020097351
-0.00018858079
-0.00017566846
-0.0001624187
-0.00014896166
-0.00013548271
-0.00012253493
-0.00011013752
-9.7949973e-05
-8.6577324e-05
-7.6226799e-05
-6.5772893e-05
-6.0137877e-05
-4.1595529e-05
-0.00029675736
-0.00029644028
-0.00029602301
-0.00029553781
-0.00029496327
-0.00029427705
-0.00029345802
-0.00029248204
-0.0002913206
-0.0002899405
-0.00028830352
-0.00028636596
-0.00028407839
-0.00028138559
-0.00027822679
-0.00027453649
-0.00027024572
-0.00026528428
-0.00025958377
-0.00025308163
-0.00024572621
-0.00023748257
-0.00022833866
-0.00021831124
-0.00020745069
-0.00019584363
-0.00018361291
-0.00017091733
-0.00015795451
-0.0001448482
-0.00013172689
-0.00011906219
-0.00010696687
-9.5163674e-05
-8.4093448e-05
-7.4043915e-05
-6.3895805e-05
-5.8654175e-05
-3.9490095e-05
-0.00029081359
-0.00029049069
-0.0002900658
-0.00028957183
-0.00028898701
-0.00028828867
-0.00028745541
-0.0002864628
-0.00028528202
-0.0002838796
-0.00028221705
-0.00028025051
-0.00027793049
-0.00027520196
-0.00027200462
-0.00026827388
-0.00026394226
-0.0002589418
-0.00025320722
-0.00024668012
-0.00023931413
-0.00023108057
-0.00022197446
-0.00021201989
-0.00020127411
-0.00018982936
-0.00017781165
-0.00016537759
-0.00015271131
-0.0001399819
-0.00012741476
-0.00011502733
-0.00010308336
-9.1862604e-05
-8.1217853e-05
-7.1515929e-05
-6.1723054e-05
-5.6856574e-05
-3.7211757e-05
-0.00028334027
-0.00028301314
-0.00028258274
-0.00028208244
-0.00028149023
-0.00028078323
-0.00027993987
-0.00027893553
-0.00027774125
-0.00027632343
-0.00027464352
-0.0002726577
-0.0002703167
-0.0002675659
-0.00026434583
-0.00026059314
-0.00025624227
-0.00025122792
-0.00024548839
-0.00023896994
-0.00023163181
-0.00022345188
-0.0002144323
-0.00020460432
-0.0001940317
-0.00018281152
-0.00017107185
-0.00015896645
-0.00014666723
-0.0001343396
-0.00012214064
-0.00011026653
-9.887835e-05
-8.8108393e-05
-7.7915059e-05
-6.8600684e-05
-5.9213279e-05
-5.4698988e-05
-3.4743446e-05
-0.00027403688
-0.00027370767
-0.0002732746
-0.00027277127
-0.0002721756
-0.00027146464
-0.00027061678
-0.00026960744
-0.00026840769
-0.00026698405
-0.0002652982
-0.00026330669
-0.00026096083
-0.00025820689
-0.00025498664
-0.00025123846
-0.00024689915
-0.00024190646
-0.00023620266
-0.00022973882
-0.00022248
-0.0002144107
-0.00020554013
-0.00019590653
-0.00018557969
-0.00017466083
-0.00016327941
-0.00015158686
-0.00013974793
-0.00012792417
-0.00011626368
-0.00010494666
-9.4104348e-05
-8.3831393e-05
-7.4135081e-05
-6.5250946e-05
-5.6320058e-05
-5.2132054e-05
-3.2061909e-05
-0.00026262862
-0.00026230025
-0.00026186835
-0.00026136646
-0.00026077259
-0.00026006393
-0.00025921902
-0.00025821348
-0.00025701868
-0.00025560151
-0.00025392417
-0.00025194388
-0.00024961291
-0.00024687876
-0.00024368488
-0.00023997187
-0.00023567941
-0.000230749
-0.00022512749
-0.00021877154
-0.00021165252
-0.00020376174
-0.00019511529
-0.00018575769
-0.00017576376
-0.00016523758
-0.00015430852
-0.00014312427
-0.00013184187
-0.00012061509
-0.00010958469
-9.8896114e-05
-8.8661019e-05
-7.8963762e-05
-6.9821653e-05
-6.1415266e-05
-5.2992695e-05
-4.9103633e-05
-2.9135791e-05
-0.00024871528
-0.00024839121
-0.00024796503
-0.00024746988
-0.00024688412
-0.00024618531
-0.00024535243
-0.00024436159
-0.00024318479
-0.00024178973
-0.00024013963
-0.00023819299
-0.00023590367
-0.00023322119
-0.00023009144
-0.00022645802
-0.00022226414
-0.00021745542
-0.00021198342
-0.00020581006
-0.00019891257
-0.00019128851
-0.00018296027
-0.00017397812
-0.00016442107
-0.00015439489
-0.00014402727
-0.00013346031
-0.00012284135
-0.00011231243
-0.00010200178
-9.2028827e-05
-8.2485985e-05
-7.3442551e-05
-6.4916169e-05
-5.7039859e-05
-4.9178202e-05
-4.5561079e-05
-2.5928057e-05
-0.00023211315
-0.000231798
-0.0002313836
-0.00023090219
-0.00023033276
-0.00022965354
-0.00022884417
-0.00022788151
-0.00022673849
-0.00022538394
-0.00022378237
-0.0002218939
-0.00021967426
-0.00021707528
-0.00021404562
-0.00021053226
-0.00020648256
-0.00020184717
-0.0001965837
-0.00019066091
-0.00018406336
-0.00017679571
-0.00016888645
-0.00016039016
-0.00015138773
-0.00014198387
-0.00013230175
-0.00012247516
-0.00011263937
-0.00010292167
-9.3434062e-05
-8.4273563e-05
-7.5512918e-05
-6.7203673e-05
-5.9359425e-05
-5.2070777e-05
-4.4824178e-05
-4.1455392e-05
-2.2408699e-05
-0.00021215536
-0.00021185377
-0.00021145726
-0.00021099678
-0.00021045229
-0.0002098031
-0.00020902987
-0.00020811073
-0.00020702015
-0.00020572879
-0.00020420342
-0.00020240684
-0.00020029802
-0.00019783254
-0.00019496345
-0.00019164263
-0.00018782272
-0.00018345982
-0.0001785168
-0.00017296739
-0.00016680063
-0.00016002536
-0.00015267381
-0.00014480349
-0.00013649649
-0.00012785575
-0.00011899879
-0.00011004937
-0.00010112865
-9.2346805e-05
-8.3796975e-05
-7.5554239e-05
-6.7671455e-05
-6.0182367e-05
-5.3092676e-05
-4.645517e-05
-3.9878591e-05
-3.6727388e-05
-1.8517351e-05
-0.0001892085
-0.00018892725
-0.00018855757
-0.00018812821
-0.00018762051
-0.00018701518
-0.0001862942
-0.00018543716
-0.00018442027
-0.00018321617
-0.0001817939
-0.00018011883
-0.00017815283
-0.00017585477
-0.00017318145
-0.00017008911
-0.00016653562
-0.00016248337
-0.00015790287
-0.00015277663
-0.00014710304
-0.00014089956
-0.00013420469
-0.00012707845
-0.00011960073
-0.00011186758
-0.00010398507
-9.6061711e-05
-8.8200222e-05
-8.0490292e-05
-7.3003702e-05
-6.5793284e-05
-5.8891989e-05
-5.2316295e-05
-4.6061139e-05
-4.0146264e-05
-3.4290679e-05
-3.1257641e-05
-1.39603e-05
-0.00016155288
-0.00016129726
-0.00016096135
-0.0001605715
-0.00016011086
-0.0001595621
-0.00015890915
-0.00015813391
-0.00015721536
-0.00015612954
-0.00015484949
-0.00015334536
-0.00015158462
-0.00014953262
-0.00014715344
-0.00014441121
-0.00014127183
-0.00013770526
-0.00013368823
-0.00012920749
-0.00012426325
-0.00011887253
-0.00011307168
-0.00010691712
-0.00010048356
-9.3859328e-05
-8.7139449e-05
-8.041746e-05
-7.3777589e-05
-6.7288627e-05
-6.1000594e-05
-5.4944791e-05
-4.9135326e-05
-4.3573016e-05
-3.8241883e-05
-3.3137797e-05
-2.8062785e-05
-2.4966771e-05
-8.4667375e-06
-0.0001318225
-0.00013160078
-0.00013130959
-0.00013097152
-0.00013057197
-0.00013009589
-0.00012952928
-0.00012885636
-0.0001280588
-0.00012711564
-0.00012600332
-0.00012469574
-0.00012316448
-0.00012137934
-0.0001193093
-0.00011692387
-0.00011419505
-0.00011109985
-0.00010762326
-0.00010376138
-9.9524226e-05
-9.4937708e-05
-9.004417e-05
-8.4901187e-05
-7.9578439e-05
-7.4152765e-05
-6.870182e-05
-6.3297201e-05
-5.7998239e-05
-5.2847697e-05
-4.7870271e-05
-4.3074173e-05
-3.8454706e-05
-3.3998917e-05
-2.9684199e-05
-2.5504289e-05
-2.133435e-05
-1.8323957e-05
-4.600795e-06
-9.5167662e-05
-9.4989946e-05
-9.4756596e-05
-9.4485821e-05
-9.416602e-05
-9.378525e-05
-9.3332491e-05
-9.2795379e-05
-9.2159614e-05
-9.1408978e-05
-9.0525383e-05
-8.9488999e-05
-8.8278532e-05
-8.6871758e-05
-8.5246341e-05
-8.3381011e-05
-8.1257144e-05
-7.8860707e-05
-7.6184534e-05
-7.3230695e-05
-7.0012667e-05
-6.6556794e-05
-6.2902474e-05
-5.9100568e-05
-5.5209813e-05
-5.1291491e-05
-4.7403108e-05
-4.3592216e-05
-3.9891604e-05
-3.6316912e-05
-3.2867209e-05
-2.9528516e-05
-2.6279536e-05
-2.3097376e-05
-1.9959941e-05
-1.6886062e-05
-1.3824104e-05
-1.1578159e-05
-6.4781759e-06
-5.3177242e-05
-5.3050404e-05
-5.288387e-05
-5.2690914e-05
-5.2463402e-05
-5.2193024e-05
-5.1872246e-05
-5.149272e-05
-5.1044916e-05
-5.0518202e-05
-4.9900974e-05
-4.9180863e-05
-4.8345071e-05
-4.7380904e-05
-4.6276513e-05
-4.5021877e-05
-4.3609988e-05
-4.2038189e-05
-4.0309551e-05
-3.8434098e-05
-3.6429669e-05
-3.4322167e-05
-3.2144876e-05
-2.9936573e-05
-2.7738204e-05
-2.5588274e-05
-2.3517558e-05
-2.154426e-05
-1.9670878e-05
-1.7883758e-05
-1.615568e-05
-1.4451227e-05
-1.2734486e-05
-1.0974097e-05
-9.1444655e-06
-7.2971533e-06
-5.398974e-06
-3.9015057e-06
-1.4062629e-06
-1.0132112e-05
-1.006392e-05
-9.9745021e-06
-9.8710096e-06
-9.7492149e-06
-9.6048158e-06
-9.4339843e-06
-9.2325563e-06
-8.9958707e-06
-8.7188695e-06
-8.3962416e-06
-8.0226306e-06
-7.5929528e-06
-7.1028568e-06
-6.5493526e-06
-5.9316245e-06
-5.2520193e-06
-4.5171487e-06
-3.7389614e-06
-2.9355252e-06
-2.131149e-06
-1.3554383e-06
-6.4099893e-07
-1.9800283e-08
4.8140362e-07
8.4587698e-07
1.0710451e-06
1.171082e-06
1.1771821e-06
1.1350974e-06
1.1000668e-06
1.1294705e-06
1.2728797e-06
1.571363e-06
2.0650442e-06
2.6444757e-06
3.3479149e-06
3.9732238e-06
5.1557806e-06
3.6300292e-05
3.6304593e-05
3.6309982e-05
3.6315737e-05
3.6321798e-05
3.6327986e-05
3.6333887e-05
3.6338816e-05
3.6341721e-05
3.6341025e-05
3.6334415e-05
3.6318576e-05
3.6288859e-05
3.6238871e-05
3.6160021e-05
3.6041045e-05
3.5867587e-05
3.5621937e-05
3.5283075e-05
3.4827158e-05
3.4228624e-05
3.3462015e-05
3.2504637e-05
3.134006e-05
2.996224e-05
2.8379687e-05
2.6618709e-05
2.4724618e-05
2.2760023e-05
2.0800038e-05
1.892501e-05
1.7211077e-05
1.5716559e-05
1.449518e-05
1.3627381e-05
1.286235e-05
1.2307572e-05
1.1915231e-05
1.1856048e-05
8.3853585e-05
8.3788633e-05
8.3702965e-05
8.3602983e-05
8.3484033e-05
8.3341183e-05
8.3169591e-05
8.2963566e-05
8.2716215e-05
8.2419253e-05
8.2062782e-05
8.1635004e-05
8.112192e-05
8.0507025e-05
7.9771024e-05
7.8891636e-05
7.7843548e-05
7.6598663e-05
7.5126785e-05
7.3396965e-05
7.1379715e-05
6.9050196e-05
6.6392331e-05
6.3403419e-05
6.0098593e-05
5.6514191e-05
5.2709124e-05
4.8763448e-05
4.4773772e-05
4.0845839e-05
3.708532e-05
3.3585746e-05
3.0408341e-05
2.7637147e-05
2.5381096e-05
2.3157605e-05
2.1341277e-05
1.9875032e-05
1.862962e-05
0.00013247177
0.00013233484
0.00013215452
0.00013194457
0.00013169551
0.00013139746
0.0001310409
0.00013061483
0.00013010616
0.00012949945
0.00012877665
0.00012791681
0.00012689578
0.000125686
0.00012425648
0.00012257291
0.00012059826
0.00011829377
0.0001156207
0.00011254276
0.00010902953
0.00010506061
0.00010063039
9.5752865e-05
9.0465936e-05
8.4833958e-05
7.8947668e-05
7.2920607e-05
6.6881955e-05
6.0966866e-05
5.5305869e-05
5.0007925e-05
4.5127823e-05
4.0897543e-05
3.7000797e-05
3.3409233e-05
3.0453205e-05
2.7777101e-05
2.5374108e-05
0.00018087959
0.00018066894
0.00018039171
0.00018006918
0.00017968703
0.00017923029
0.00017868471
0.00017803397
0.00017725873
0.00017633638
0.00017524079
0.00017394191
0.00017240562
0.00017059358
0.00016846343
0.00016596929
0.00016306284
0.00015969502
0.0001558186
0.00015139175
0.00014638256
0.00014077444
0.00013457189
0.00012780587
0.00012053788
0.0001128614
0.00010489982
9.6800282e-05
8.8723679e-05
8.0832286e-05
7.3275787e-05
6.6163986e-05
5.9484365e-05
5.3761783e-05
4.8450242e-05
4.3651612e-05
3.9398989e-05
3.5456299e-05
3.1943902e-05
0.0002282978
0.00022801381
0.00022764014
0.00022720561
0.00022669101
0.00022607634
0.00022534265
0.00022446828
0.00022342768
0.00022219109
0.00022072426
0.00021898813
0.00021693857
0.00021452648
0.00021169816
0.00020839627
0.00020456136
0.00020013445
0.00019506046
0.00018929292
0.00018279961
0.00017556899
0.00016761669
0.00015899118
0.00014977751
0.00014009765
0.00013010655
0.00011998357
0.00010991961
0.00010010054
9.0683449e-05
8.177405e-05
7.3596694e-05
6.6189398e-05
5.9413294e-05
5.3321985e-05
4.7791286e-05
4.2769226e-05
3.8213274e-05
0.00027365238
0.00027329708
0.00027282966
0.00027228625
0.00027164293
0.00027087479
0.00026995836
0.00026886681
0.00026756858
0.00026602704
0.00026420015
0.00026204014
0.00025949335
0.00025650041
0.00025299686
0.00024891447
0.00024418334
0.00023873513
0.00023250744
0.00022544952
0.00021752899
0.0002087393
0.00019910704
0.00018869787
0.00017761987
0.00016602273
0.00015409203
0.00014203833
0.0001300822
0.00011843641
0.00010728743
9.6798596e-05
8.7190892e-05
7.8041716e-05
6.9687051e-05
6.2392708e-05
5.5724934e-05
4.9631627e-05
4.4079137e-05
0.00031599841
0.00031557576
0.0003150198
0.00031437357
0.00031360869
0.00031269565
0.00031160666
0.00031031005
0.0003087686
0.00030693916
0.00030477239
0.00030221231
0.00029919629
0.00029565529
0.00029151477
0.00028669633
0.00028112034
0.00027470987
0.00026739591
0.00025912406
0.00024986227
0.00023960922
0.00022840219
0.00021632329
0.00020350225
0.00019011461
0.00017637412
0.00016251964
0.00014879779
0.00013544328
0.0001226601
0.00011061643
9.9469023e-05
8.9093274e-05
7.9504779e-05
7.0880775e-05
6.3049677e-05
5.5928267e-05
4.944459e-05
0.00035435835
0.00035387411
0.00035323713
0.0003524968
0.00035162069
0.00035057507
0.00034932823
0.00034784407
0.00034608019
0.00034398756
0.00034151012
0.00033858449
0.00033513987
0.00033109849
0.0003263767
0.00032088692
0.00031454079
0.0003072537
0.00029895078
0.00028957445
0.00027909314
0.00026751039
0.00025487343
0.00024127941
0.00022687788
0.00021186777
0.00019648817
0.00018100316
0.00016568217
0.00015077868
0.00013651016
0.00012304661
0.0001105149
9.8905289e-05
8.8202805e-05
7.846641e-05
6.9599074e-05
6.1545565e-05
5.4219986e-05
0.00038786274
0.00038732347
0.00038661229
0.00038578907
0.00038481534
0.00038365318
0.00038226751
0.00038061841
0.00037865894
0.00037633486
0.00037358425
0.00037033718
0.00036651572
0.00036203443
0.00035680166
0.00035072184
0.00034369901
0.00033564193
0.00032647075
0.00031612534
0.00030457476
0.00029182713
0.00027793853
0.00026301947
0.0002472368
0.00023080982
0.00021399952
0.00019709161
0.00018037505
0.00016411924
0.00014855331
0.00013385235
0.00012013383
0.0001074224
9.5712849e-05
8.5013711e-05
7.5250447e-05
6.638483e-05
5.8326002e-05
0.00041569691
0.00041510988
0.00041433133
0.00041343856
0.0004123836
0.00041112414
0.00040962248
0.0004078356
0.00040571279
0.00040319547
0.00040021685
0.00039670159
0.0003925658
0.00038771771
0.00038205906
0.00037548766
0.00036790128
0.00035920319
0.00034930942
0.00033815772
0.00032571771
0.00031200128
0.00029707199
0.00028105146
0.00026412101
0.00024651687
0.00022851817
0.00021042841
0.00019255254
0.00017517293
0.0001585281
0.00014279825
0.00012809942
0.00011447064
0.00010191115
9.0408347e-05
7.9901287e-05
7.0361537e-05
6.1694725e-05
0.0004372261
0.00043660268
0.00043577235
0.00043482686
0.00043371019
0.00043237635
0.00043078541
0.00042889165
0.00042664128
0.0004239726
0.0004208154
0.00041709018
0.00041270844
0.00040757349
0.00040158197
0.00039462665
0.00038660051
0.00037740274
0.00036694637
0.00035516773
0.00034203706
0.00032756938
0.00031183406
0.00029496133
0.00027714361
0.00025863001
0.00023971349
0.00022071108
0.00020193988
0.00018369208
0.00016621324
0.00014968763
0.00013423217
0.0001198936
0.00010667291
9.4547876e-05
8.3466151e-05
7.340615e-05
6.4270546e-05
0.00045181268
0.00045116477
0.00045029954
0.00044931936
0.0004481625
0.00044678055
0.00044513204
0.00044316897
0.00044083451
0.00043806481
0.00043478824
0.0004309228
0.00042637667
0.00042104975
0.00041483523
0.00040762236
0.00039930081
0.0003897668
0.00037893118
0.00036672911
0.00035313113
0.00033815426
0.00032187185
0.00030442007
0.000285999
0.00026686669
0.00024732558
0.00022770198
0.00020832124
0.00018948219
0.00017143518
0.00015436725
0.00013839649
0.0001235736
0.00010990076
9.7351659e-05
8.5878716e-05
7.5464882e-05
6.6010461e-05
0.00045935765
0.00045893686
0.00045824264
0.00045738977
0.00045631992
0.00045496777
0.00045323817
0.00045101668
0.00044830312
0.00044524457
0.0004418527
0.00043793027
0.00043330651
0.00042788135
0.00042155234
0.00041420781
0.00040573541
0.00039602979
0.00038500073
0.00037258293
0.00035874713
0.00034351143
0.00032695124
0.0003092057
0.00029047874
0.00027103289
0.00025117532
0.00023123701
0.00021154744
0.00019240879
0.0001740738
0.00015673097
0.0001404991
0.00012543054
0.00011152814
9.8764155e-05
8.7093188e-05
7.6500411e-05
6.6884547e-05
-4.8659867e-05
-4.0090394e-05
-3.6138283e-05
-3.0975617e-05
-2.7518642e-05
-2.4153468e-05
-2.1400869e-05
-1.8948078e-05
-1.6812639e-05
-1.4935952e-05
-1.325256e-05
-1.1813122e-05
-1.040947e-05
-9.4023617e-06
-8.0494137e-06
-4.8718267e-05
-4.0048891e-05
-3.6157678e-05
-3.1001471e-05
-2.7545952e-05
-2.4185153e-05
-2.1429087e-05
-1.8974019e-05
-1.6834311e-05
-1.4953346e-05
-1.3265352e-05
-1.182179e-05
-1.0412928e-05
-9.4056072e-06
-8.0380966e-06
-4.8841255e-05
-3.9934048e-05
-3.6164178e-05
-3.1001784e-05
-2.7552649e-05
-2.4198165e-05
-2.143959e-05
-1.8983779e-05
-1.6840891e-05
-1.4956763e-05
-1.3265229e-05
-1.1818785e-05
-1.0404657e-05
-9.4021205e-06
-8.0092034e-06
-4.9019491e-05
-3.9730313e-05
-3.6146269e-05
-3.0966052e-05
-2.7530657e-05
-2.4185487e-05
-2.142696e-05
-1.8972982e-05
-1.6829067e-05
-1.4943791e-05
-1.3250508e-05
-1.1803219e-05
-1.0384127e-05
-9.3922602e-06
-7.9624372e-06
-4.9246068e-05
-3.9435082e-05
-3.6100059e-05
-3.0893341e-05
-2.7479083e-05
-2.4146881e-05
-2.1391244e-05
-1.8941794e-05
-1.6799074e-05
-1.4914663e-05
-1.3221352e-05
-1.1775199e-05
-1.0351345e-05
-9.3757823e-06
-7.8977162e-06
-4.9510931e-05
-3.9048736e-05
-3.6020776e-05
-3.0781903e-05
-2.7395716e-05
-2.4080654e-05
-2.1330981e-05
-1.88889e-05
-1.6749759e-05
-1.4868342e-05
-1.3176822e-05
-1.173384e-05
-1.0305628e-05
-9.3516345e-06
-7.815011e-06
-4.9798308e-05
-3.8573411e-05
-3.590212e-05
-3.0628987e-05
-2.7277278e-05
-2.3984177e-05
-2.1243882e-05
-1.8812265e-05
-1.667936e-05
-1.4803292e-05
-1.31156e-05
-1.1677947e-05
-1.0246153e-05
-9.3185017e-06
-7.7146178e-06
-5.0084142e-05
-3.8007196e-05
-3.5736957e-05
-3.0431653e-05
-2.7120194e-05
-2.3854662e-05
-2.1127543e-05
-1.8709777e-05
-1.6586068e-05
-1.4717945e-05
-1.3036362e-05
-1.1606306e-05
-1.0172154e-05
-9.2749335e-06
-7.5972241e-06
-5.0338274e-05
-3.732663e-05
-3.5517406e-05
-3.0187286e-05
-2.6920626e-05
-2.3689158e-05
-2.0979464e-05
-1.8579251e-05
-1.6468017e-05
-1.4610691e-05
-1.2937758e-05
-1.1517661e-05
-1.0082884e-05
-9.2193293e-06
-7.4638779e-06
-5.055446e-05
-3.6559473e-05
-3.5234923e-05
-2.9894474e-05
-2.6674624e-05
-2.3484426e-05
-2.0796957e-05
-1.8418356e-05
-1.6323222e-05
-1.4479825e-05
-1.2818365e-05
-1.1410689e-05
-9.9775802e-06
-9.1499454e-06
-7.3159432e-06
-5.0753254e-05
-3.5751551e-05
-3.4841654e-05
-2.955216e-05
-2.6378682e-05
-2.3236944e-05
-2.0577112e-05
-1.8224593e-05
-1.6149567e-05
-1.4323535e-05
-1.2676681e-05
-1.1283994e-05
-9.8554432e-06
-9.0649275e-06
-7.1550431e-06
-5.0829289e-05
-3.4862003e-05
-3.4336198e-05
-2.9143903e-05
-2.6027703e-05
-2.2942922e-05
-2.0316802e-05
-1.7995306e-05
-1.5944813e-05
-1.4139922e-05
-1.2511136e-05
-1.113613e-05
-9.7156377e-06
-8.9623574e-06
-6.9829835e-06
-5.0648641e-05
-3.3855255e-05
-3.3769984e-05
-2.8666279e-05
-2.5616727e-05
-2.2598406e-05
-2.0012761e-05
-1.7727743e-05
-1.5706658e-05
-1.3927038e-05
-1.2320127e-05
-1.096563e-05
-9.5573014e-06
-8.8403165e-06
-6.801661e-06
-5.0210269e-05
-3.2786619e-05
-3.3119167e-05
-2.8121567e-05
-2.5141616e-05
-2.2199357e-05
-1.9661693e-05
-1.7419151e-05
-1.5432821e-05
-1.3682975e-05
-1.2102086e-05
-1.0771068e-05
-9.3795772e-06
-8.6969682e-06
-6.6129606e-06
-4.949453e-05
-3.1675788e-05
-3.2342898e-05
-2.7502718e-05
-2.4597559e-05
-2.1741711e-05
-1.9260425e-05
-1.7066944e-05
-1.5121188e-05
-1.3405978e-05
-1.1855577e-05
-1.0551143e-05
-9.1816679e-06
-8.5306573e-06
-6.4186497e-06
-4.8434713e-05
-3.050177e-05
-3.1426616e-05
-2.6802934e-05
-2.3979823e-05
-2.1221705e-05
-1.8806155e-05
-1.6668925e-05
-1.4770009e-05
-1.3094614e-05
-1.1579431e-05
-1.0304791e-05
-8.9629137e-06
-8.3400247e-06
-6.2202781e-06
-4.696525e-05
-2.9270487e-05
-3.0360135e-05
-2.6016329e-05
-2.3284625e-05
-2.0636311e-05
-1.8296789e-05
-1.6223567e-05
-1.4378126e-05
-1.274796e-05
-1.1272902e-05
-1.0031317e-05
-8.7228865e-06
-8.1241272e-06
-6.0190924e-06
-4.5019221e-05
-2.7988739e-05
-2.9134084e-05
-2.513701e-05
-2.2509161e-05
-1.9983365e-05
-1.7731113e-05
-1.5730209e-05
-1.3945163e-05
-1.2365774e-05
-1.0935807e-05
-9.7305178e-06
-8.4614846e-06
-7.8825504e-06
-5.8159726e-06
-4.2529596e-05
-2.6654019e-05
-2.7738273e-05
-2.4156794e-05
-2.1650612e-05
-1.9261129e-05
-1.7108624e-05
-1.5189035e-05
-1.3471569e-05
-1.1948557e-05
-1.0568599e-05
-9.402759e-06
-8.1790032e-06
-7.6154939e-06
-5.6113949e-06
-3.9472026e-05
-2.5278897e-05
-2.6176783e-05
-2.3071838e-05
-2.0710359e-05
-1.8470879e-05
-1.6431029e-05
-1.4601949e-05
-1.2959131e-05
-1.1497863e-05
-1.0172555e-05
-9.0491039e-06
-7.8762244e-06
-7.3238278e-06
-5.4054568e-06
-3.5896181e-05
-2.3968221e-05
-2.4529389e-05
-2.191732e-05
-1.97142e-05
-1.7628822e-05
-1.5709129e-05
-1.3976605e-05
-1.2413383e-05
-1.1017752e-05
-9.750648e-06
-8.6718278e-06
-7.5547196e-06
-7.0091986e-06
-5.1980673e-06
-3.1490244e-05
-2.2731142e-05
-2.2879131e-05
-2.0726457e-05
-1.8686997e-05
-1.6751925e-05
-1.495531e-05
-1.3322694e-05
-1.1841908e-05
-1.0514099e-05
-9.3073043e-06
-8.2744428e-06
-7.2168902e-06
-6.6741365e-06
-4.9889982e-06
-2.468195e-05
-2.0447727e-05
-2.0622107e-05
-1.9112523e-05
-1.7403619e-05
-1.5714411e-05
-1.4101622e-05
-1.2604673e-05
-1.1226506e-05
-9.9780279e-06
-8.838626e-06
-7.8561999e-06
-6.862804e-06
-6.321241e-06
-4.7759854e-06
-1.4364485e-05
-1.5296868e-05
-1.6602623e-05
-1.6339495e-05
-1.5426238e-05
-1.4264559e-05
-1.3001725e-05
-1.1735091e-05
-1.0513409e-05
-9.3762398e-06
-8.3246301e-06
-7.4057617e-06
-6.4862472e-06
-5.9506861e-06
-4.5526159e-06
-7.4715731e-06
-6.130571e-06
-5.5225428e-06
-4.6085329e-06
-3.9379774e-06
-3.2674968e-06
-2.6843709e-06
-2.1721554e-06
-1.6952868e-06
-1.3393068e-06
-9.2303185e-07
-7.817218e-07
-2.5738542e-07
-6.3079071e-07
7.994356e-07
-7.4780868e-06
-6.1227942e-06
-5.5194553e-06
-4.6065968e-06
-3.9361725e-06
-3.2664516e-06
-2.6835773e-06
-2.171605e-06
-1.6949509e-06
-1.3390141e-06
-9.2296182e-07
-7.8147453e-07
-2.5765922e-07
-6.3144704e-07
7.9358604e-07
-7.4902928e-06
-6.1059217e-06
-5.5130091e-06
-4.6022669e-06
-3.9323079e-06
-3.2641482e-06
-2.6818377e-06
-2.1703965e-06
-1.6941917e-06
-1.3383798e-06
-9.2276724e-07
-7.8096712e-07
-2.5816397e-07
-6.3274097e-07
7.8384388e-07
-7.508489e-06
-6.0793265e-06
-5.5029081e-06
-4.5952882e-06
-3.9262125e-06
-3.2604568e-06
-2.679062e-06
-2.1684669e-06
-1.6929637e-06
-1.3373753e-06
-9.2242713e-07
-7.8018432e-07
-2.5889611e-07
-6.3457978e-07
7.7118724e-07
-7.5322252e-06
-6.042787e-06
-5.4887472e-06
-4.5854757e-06
-3.9177198e-06
-3.2552611e-06
-2.6751697e-06
-2.1657576e-06
-1.6912291e-06
-1.3359714e-06
-9.2192975e-07
-7.7910202e-07
-2.5986788e-07
-6.3680553e-07
7.5562921e-07
-7.5604383e-06
-5.9963238e-06
-5.4700472e-06
-4.572654e-06
-3.9066557e-06
-3.2484368e-06
-2.6700752e-06
-2.1622058e-06
-1.6889467e-06
-1.3341368e-06
-9.2126165e-07
-7.7769361e-07
-2.6108886e-07
-6.3920583e-07
7.3860582e-07
-7.5915374e-06
-5.9401986e-06
-5.4462711e-06
-4.5566523e-06
-3.8928418e-06
-3.2398519e-06
-2.6636892e-06
-2.1577448e-06
-1.6860724e-06
-1.3318385e-06
-9.204074e-07
-7.7593094e-07
-2.6256623e-07
-6.4156458e-07
7.2143604e-07
-7.6233767e-06
-5.8749229e-06
-5.4168348e-06
-4.5373029e-06
-3.8760987e-06
-3.2293677e-06
-2.655919e-06
-2.1523047e-06
-1.6825598e-06
-1.3290421e-06
-9.1935038e-07
-7.7378391e-07
-2.6431033e-07
-6.4364542e-07
7.0254761e-07
-7.6532258e-06
-5.8012417e-06
-5.3811226e-06
-4.5144328e-06
-3.8562475e-06
-3.2168375e-06
-2.6466688e-06
-2.145812e-06
-1.6783599e-06
-1.3257121e-06
-9.1807282e-07
-7.7122023e-07
-2.6632443e-07
-6.4459948e-07
6.8033728e-07
-7.6777722e-06
-5.7200941e-06
-5.3385084e-06
-4.4878507e-06
-3.8331097e-06
-3.2021054e-06
-2.6358382e-06
-2.1381891e-06
-1.6734208e-06
-1.321811e-06
-9.1655553e-07
-7.6820652e-07
-2.6862124e-07
-6.4173953e-07
6.5507335e-07
-7.6931616e-06
-5.6325535e-06
-5.2883815e-06
-4.4573325e-06
-3.8065071e-06
-3.1850033e-06
-2.623321e-06
-2.1293535e-06
-1.6676871e-06
-1.3172995e-06
-9.1477755e-07
-7.6471441e-07
-2.7129006e-07
-6.32716e-07
6.2807897e-07
-7.695084e-06
-5.5397478e-06
-5.2301746e-06
-4.4226048e-06
-3.7762607e-06
-3.165349e-06
-2.6090033e-06
-2.1192164e-06
-1.6610988e-06
-1.3121363e-06
-9.1271556e-07
-7.6073074e-07
-2.7442004e-07
-6.184328e-07
6.0400919e-07
-7.6789122e-06
-5.4427617e-06
-5.1633943e-06
-4.3833294e-06
-3.7421876e-06
-3.1429435e-06
-2.592761e-06
-2.1076812e-06
-1.6535901e-06
-1.3062765e-06
-9.1034316e-07
-7.5624316e-07
-2.7754787e-07
-6.0188701e-07
5.8504086e-07
-7.6398982e-06
-5.3425275e-06
-5.0876486e-06
-4.3390912e-06
-3.7040972e-06
-3.1175692e-06
-2.5744571e-06
-2.0946422e-06
-1.6450884e-06
-1.2996722e-06
-9.0763169e-07
-7.5125557e-07
-2.7946743e-07
-5.8491775e-07
5.6644669e-07
-7.5734246e-06
-5.239715e-06
-5.0026704e-06
-4.289391e-06
-3.6617861e-06
-3.0889878e-06
-2.5539393e-06
-2.0799824e-06
-1.6355127e-06
-1.2922703e-06
-9.0455764e-07
-7.4580864e-07
-2.7995449e-07
-5.6758949e-07
5.4469538e-07
-7.4752997e-06
-5.1346334e-06
-4.9083334e-06
-4.2336474e-06
-3.6150323e-06
-3.0569406e-06
-2.5310365e-06
-2.0635718e-06
-1.6247718e-06
-1.2840125e-06
-9.0110578e-07
-7.3993566e-07
-2.8048293e-07
-5.4978737e-07
5.1965999e-07
-7.342074e-06
-5.0271598e-06
-4.804656e-06
-4.1712101e-06
-3.5635902e-06
-3.02115e-06
-2.5055577e-06
-2.0452654e-06
-1.6127623e-06
-1.2748329e-06
-8.9725419e-07
-7.336327e-07
-2.8201263e-07
-5.3143084e-07
4.9156593e-07
-7.1713463e-06
-4.916709e-06
-4.6917943e-06
-4.1013841e-06
-3.5071869e-06
-2.981323e-06
-2.4772905e-06
-2.0249022e-06
-1.5993676e-06
-1.2646575e-06
-8.9297029e-07
-7.2688535e-07
-2.8447202e-07
-5.1249253e-07
4.6046674e-07
-6.9620188e-06
-4.8022569e-06
-4.5700218e-06
-4.0234667e-06
-3.4455228e-06
-2.9371579e-06
-2.446003e-06
-2.0023046e-06
-1.5844565e-06
-1.2534032e-06
-8.8820888e-07
-7.1967432e-07
-2.8784287e-07
-4.9300689e-07
4.2638396e-07
-6.7144405e-06
-4.6824291e-06
-4.4396995e-06
-3.9367933e-06
-3.3782791e-06
-2.8883552e-06
-2.4114479e-06
-1.97728e-06
-1.5678836e-06
-1.2409771e-06
-8.829103e-07
-7.1197472e-07
-2.9225296e-07
-4.7313606e-07
3.8935435e-07
-6.4303952e-06
-4.5556595e-06
-4.3012379e-06
-3.8407751e-06
-3.3051235e-06
-2.8346222e-06
-2.3733636e-06
-1.9496169e-06
-1.5494856e-06
-1.2272718e-06
-8.7699415e-07
-7.0372536e-07
-2.9737022e-07
-4.5297734e-07
3.4942327e-07
-6.1132144e-06
-4.4203233e-06
-4.1550741e-06
-3.7349085e-06
-3.2256908e-06
-2.7756592e-06
-2.3314548e-06
-1.919063e-06
-1.5290608e-06
-1.2121496e-06
-8.7034217e-07
-6.9474543e-07
-3.0227378e-07
-4.3153515e-07
3.0698436e-07
-5.769038e-06
-4.2743813e-06
-4.0017592e-06
-3.6188837e-06
-3.1395993e-06
-2.7112025e-06
-2.2854265e-06
-1.8853489e-06
-1.506377e-06
-1.1954677e-06
-8.6280606e-07
-6.8508432e-07
-3.0564297e-07
-4.0774985e-07
2.631869e-07
-5.406951e-06
-4.1147715e-06
-3.8421716e-06
-3.4932129e-06
-3.0469155e-06
-2.6414496e-06
-2.2353727e-06
-1.8485303e-06
-1.4814424e-06
-1.1773124e-06
-8.5438214e-07
-6.7423658e-07
-3.0845249e-07
-3.8211148e-07
2.1949024e-07
-1.0498316e-05
-5.3478672e-06
-1.6938086e-06
5.7449364e-07
1.800807e-06
2.5129098e-06
2.889554e-06
2.9943099e-06
3.1957984e-06
-1.6606583e-06
6.0043285e-07
2.1476835e-06
3.104628e-06
3.4905373e-06
3.6379341e-06
3.6396836e-06
3.5196985e-06
3.6654775e-06
4.790159e-06
5.5995362e-06
5.7657378e-06
5.6373499e-06
5.2158043e-06
4.7751122e-06
4.3855442e-06
4.0310364e-06
4.1293926e-06
1.086519e-05
1.0377041e-05
9.3227317e-06
8.1509377e-06
6.9220032e-06
5.8952213e-06
5.1180238e-06
4.5361448e-06
4.5936211e-06
1.6864696e-05
1.5110567e-05
1.2848903e-05
1.0630805e-05
8.5926075e-06
6.9872423e-06
5.8293894e-06
5.033556e-06
5.0490288e-06
2.2707058e-05
1.973331e-05
1.6292111e-05
1.3041969e-05
1.0207431e-05
8.039196e-06
6.5133833e-06
5.5242451e-06
5.480299e-06
2.8310828e-05
2.4171796e-05
1.9597679e-05
1.5349395e-05
1.1746392e-05
9.0393626e-06
7.1647537e-06
6.0002958e-06
5.8618531e-06
3.3608061e-05
2.8366287e-05
2.2718125e-05
1.7521349e-05
1.3190594e-05
9.9769207e-06
7.7772758e-06
6.441413e-06
6.2083156e-06
3.8531023e-05
3.2260308e-05
2.5609952e-05
1.9528878e-05
1.4522468e-05
1.0841195e-05
8.3396038e-06
6.8389643e-06
6.5380829e-06
4.3011786e-05
3.5799677e-05
2.8233154e-05
2.1345726e-05
1.5725756e-05
1.1620681e-05
8.836998e-06
7.1916419e-06
6.8471128e-06
4.698556e-05
3.8934145e-05
3.0551663e-05
2.2948441e-05
1.6785536e-05
1.2304302e-05
9.2728934e-06
7.5071159e-06
7.1225644e-06
5.0393404e-05
4.1618695e-05
3.2533742e-05
2.4316425e-05
1.7689175e-05
1.288704e-05
9.6532588e-06
7.7812326e-06
7.3525325e-06
5.3183979e-05
4.3814517e-05
3.4152413e-05
2.5432202e-05
1.8425819e-05
1.3362404e-05
9.9654557e-06
8.0009775e-06
7.5367714e-06
5.5314796e-05
4.5489688e-05
3.538568e-05
2.62815e-05
1.8986322e-05
1.3724154e-05
1.0202204e-05
8.165288e-06
7.6766269e-06
5.675261e-05
4.6619102e-05
3.6216077e-05
2.6852721e-05
1.9363046e-05
1.3967114e-05
1.03603e-05
8.276809e-06
7.7704958e-06
5.7473997e-05
4.7184846e-05
3.6630925e-05
2.7137149e-05
1.9549932e-05
1.4087045e-05
1.0437501e-05
8.3322782e-06
7.8165889e-06
-1.6077293e-05
-1.7689167e-05
-1.7404252e-05
-1.6229901e-05
-1.4876052e-05
-1.3541585e-05
-1.2252636e-05
-1.1027882e-05
-9.8748945e-06
-8.8105494e-06
-7.8336083e-06
-6.9724023e-06
-6.1322791e-06
-5.5991043e-06
-4.3581099e-06
-6.9680075e-06
-9.6390319e-06
-1.0693052e-05
-1.0925334e-05
-1.083195e-05
-1.0490785e-05
-9.9388194e-06
-9.2459006e-06
-8.4862112e-06
-7.7205615e-06
-6.9812181e-06
-6.2945962e-06
-5.6269541e-06
-5.1237789e-06
-4.1674461e-06
-3.588821e-06
-6.2025258e-06
-7.3843643e-06
-7.7193375e-06
-7.8199722e-06
-7.7863867e-06
-7.5807144e-06
-7.2160834e-06
-6.7729635e-06
-6.2966627e-06
-5.8097104e-06
-5.3317447e-06
-4.8615636e-06
-4.4352232e-06
-3.8241843e-06
-1.0720192e-06
-2.4073454e-06
-3.2205788e-06
-3.7329616e-06
-4.1068756e-06
-4.352285e-06
-4.486407e-06
-4.5023855e-06
-4.4409634e-06
-4.3347247e-06
-4.1684488e-06
-3.9620934e-06
-3.7274884e-06
-3.4774129e-06
-3.1862291e-06
6.6925929e-07
3.8874238e-08
-5.2525052e-07
-1.0118442e-06
-1.4156335e-06
-1.737486e-06
-1.9828612e-06
-2.1663942e-06
-2.2901932e-06
-2.3570582e-06
-2.377318e-06
-2.3636938e-06
-2.3275e-06
-2.275318e-06
-2.2120822e-06
1.8118213e-06
1.5276338e-06
1.21725e-06
9.1588469e-07
6.4293722e-07
3.9609863e-07
1.7185155e-07
-3.0359043e-08
-2.1031412e-07
-3.6926053e-07
-5.0869819e-07
-6.2949846e-07
-7.3194625e-07
-8.1797363e-07
-8.9857062e-07
2.4580718e-06
2.3276722e-06
2.1684961e-06
2.0016913e-06
1.8391455e-06
1.6799196e-06
1.5228818e-06
1.3687345e-06
1.2183982e-06
1.0725254e-06
9.3168196e-07
7.9640608e-07
6.6713041e-07
5.4431879e-07
4.2321076e-07
2.7189086e-06
2.6668216e-06
2.5903646e-06
2.5042178e-06
2.4173982e-06
2.3290248e-06
2.2377892e-06
2.1437543e-06
2.0472171e-06
1.9483026e-06
1.8470857e-06
1.7436796e-06
1.6382354e-06
1.5309667e-06
1.420291e-06
2.9683532e-06
2.9358021e-06
2.8858125e-06
2.8285756e-06
2.76921e-06
2.7068251e-06
2.6404511e-06
2.5699518e-06
2.4953255e-06
2.4164917e-06
2.3333725e-06
2.2459368e-06
2.1541966e-06
2.0583261e-06
1.9605921e-06
-5.0611978e-06
-3.9688393e-06
-3.6971516e-06
-3.3766213e-06
-2.9617232e-06
-2.5770219e-06
-2.1891382e-06
-1.8144953e-06
-1.4584344e-06
-1.1606831e-06
-8.4674995e-07
-6.6357413e-07
-3.1263112e-07
-3.5808085e-07
1.8190753e-07
-4.6015594e-06
-3.8218348e-06
-3.5216006e-06
-3.2335701e-06
-2.8579634e-06
-2.4966151e-06
-2.1306711e-06
-1.7708299e-06
-1.4286827e-06
-1.1385784e-06
-8.3675517e-07
-6.4930292e-07
-3.1871279e-07
-3.266614e-07
1.4114161e-07
-3.9606037e-06
-3.5358517e-06
-3.241781e-06
-2.9908228e-06
-2.6775292e-06
-2.3578204e-06
-2.0277452e-06
-1.6926029e-06
-1.374066e-06
-1.0980259e-06
-8.1716171e-07
-6.2445308e-07
-3.2585083e-07
-2.7991893e-07
8.5265692e-08
-3.1683209e-06
-2.9994036e-06
-2.7918638e-06
-2.5965632e-06
-2.3718036e-06
-2.1266551e-06
-1.8495376e-06
-1.5513381e-06
-1.271125e-06
-1.0227854e-06
-7.756731e-07
-5.8223467e-07
-3.269397e-07
-2.2262523e-07
1.3800806e-08
-2.1615434e-06
-2.1464165e-06
-2.0988863e-06
-2.0179061e-06
-1.9072503e-06
-1.7547149e-06
-1.5352232e-06
-1.2929428e-06
-1.0794155e-06
-8.8686597e-07
-6.9251681e-07
-5.134163e-07
-3.0716107e-07
-1.5724573e-07
-5.9963232e-08
-9.3880065e-07
-1.0468073e-06
-1.1233744e-06
-1.1531641e-06
-1.1453141e-06
-1.0845477e-06
-9.9194384e-07
-9.0673042e-07
-8.1651123e-07
-7.0691951e-07
-5.6702754e-07
-4.067576e-07
-2.4118843e-07
-8.9430885e-08
-9.2579665e-08
3.3452623e-07
1.9827021e-07
6.9887959e-08
-3.7424746e-08
-1.322307e-07
-2.1090055e-07
-2.6997276e-07
-3.0367906e-07
-3.1487416e-07
-2.9141914e-07
-2.2612339e-07
-1.6348328e-07
-1.2181274e-07
-8.7009669e-08
-9.4006997e-08
1.3240814e-06
1.2013062e-06
1.0755851e-06
9.5380252e-07
8.3121423e-07
7.0842642e-07
5.8957619e-07
4.7763823e-07
3.7266484e-07
2.7737929e-07
1.9554709e-07
1.2509533e-07
6.9548447e-08
3.1110879e-08
-1.348932e-10
1.863063e-06
1.7558932e-06
1.6531654e-06
1.5468672e-06
1.4304257e-06
1.3048738e-06
1.1726538e-06
1.035423e-06
8.9486054e-07
7.531301e-07
6.1277916e-07
4.7578659e-07
3.423049e-07
2.0877861e-07
8.0406562e-08
-0.00031517028
-0.00031491542
-0.00031457377
-0.00031418701
-0.00031372951
-0.00031318143
-0.0003125256
-0.00031174202
-0.0003108066
-0.0003096909
-0.00030836161
-0.00030677996
-0.000304901
-0.00030267309
-0.00030003743
-0.00029692789
-0.00029327121
-0.00028898784
-0.00028399359
-0.00027820239
-0.00027153051
-0.00026390226
-0.00025525729
-0.0002455592
-0.00023480456
-0.00022303131
-0.00021032483
-0.00019682017
-0.00018269897
-0.0001681811
-0.00015350939
-0.00013893983
-0.00012469749
-0.00011104121
-9.801585e-05
-8.6123964e-05
-7.4459594e-05
-6.5444112e-05
-5.3980956e-05
-0.00031508794
-0.00031483278
-0.00031449086
-0.00031410366
-0.0003136456
-0.00031309684
-0.00031244016
-0.00031165554
-0.00031071882
-0.0003096015
-0.00030827022
-0.00030668609
-0.0003048041
-0.00030257249
-0.00029993237
-0.00029681753
-0.00029315466
-0.00028886421
-0.00028386206
-0.00027806235
-0.0002713816
-0.00026374452
-0.00025509124
-0.00024538591
-0.00023462566
-0.00022284896
-0.00021014163
-0.00019663898
-0.00018252273
-0.00016801259
-0.00015335109
-0.00013879376
-0.00012456516
-0.00011092259
-9.7912961e-05
-8.6034198e-05
-7.4380234e-05
-6.5407531e-05
-5.3840192e-05
-0.00031495956
-0.00031470314
-0.0003143597
-0.00031397049
-0.00031351003
-0.00031295841
-0.00031229835
-0.00031150968
-0.00031056817
-0.00030944519
-0.00030810722
-0.00030651525
-0.0003046241
-0.00030238189
-0.00029972962
-0.00029660099
-0.00029292271
-0.00028861533
-0.00028359496
-0.00027777612
-0.0002710759
-0.00026341977
-0.00025474879
-0.00024502816
-0.00023425613
-0.00022247222
-0.00020976311
-0.00019626465
-0.00018215871
-0.00016766468
-0.00015302445
-0.00013849265
-0.00012429248
-0.00011067879
-9.7701e-05
-8.5851408e-05
-7.4215435e-05
-6.533749e-05
-5.3550549e-05
-0.00031475763
-0.00031449902
-0.00031415288
-0.0003137602
-0.00031329563
-0.00031273914
-0.00031207332
-0.00031127788
-0.00031032839
-0.00030919605
-0.00030784718
-0.00030624256
-0.00030433681
-0.00030207787
-0.00029940658
-0.00029625655
-0.00029255448
-0.00028822105
-0.0002831727
-0.00027732452
-0.00027059447
-0.00026290918
-0.00025421118
-0.0002444673
-0.00023367752
-0.00022188298
-0.00020917169
-0.00019568033
-0.000181591
-0.00016712252
-0.0001525158
-0.00013802426
-0.00012386853
-0.00011030045
-9.7371658e-05
-8.5569153e-05
-7.3958945e-05
-6.5230626e-05
-5.3100919e-05
-0.00031446344
-0.00031420176
-0.00031385186
-0.00031345433
-0.00031298399
-0.00031242069
-0.0003117468
-0.00031094183
-0.00030998112
-0.00030883564
-0.0003074714
-0.00030584894
-0.0003039226
-0.00030164008
-0.00029894203
-0.00029576197
-0.00029202666
-0.00028765703
-0.00028257002
-0.00027668156
-0.00026991082
-0.00026218602
-0.00025345163
-0.00024367674
-0.00023286365
-0.00022105571
-0.00020834272
-0.00019486248
-0.00018079736
-0.00016636538
-0.00015180606
-0.00013737138
-0.00012327779
-0.00010977389
-9.691297e-05
-8.5176854e-05
-7.3602577e-05
-6.507768e-05
-5.248539e-05
-0.00031404048
-0.00031377486
-0.00031342014
-0.00031301637
-0.00031253862
-0.00031196656
-0.00031128231
-0.00031046511
-0.00030949002
-0.00030832766
-0.00030694375
-0.00030529845
-0.00030334578
-0.00030103313
-0.00029830094
-0.00029508263
-0.00029130502
-0.00028688939
-0.00028175336
-0.00027581397
-0.00026899195
-0.0002612176
-0.00025243795
-0.00024262492
-0.00023178382
-0.00021996079
-0.0002072479
-0.00019378433
-0.00017975274
-0.00016537004
-0.00015087393
-0.00013651491
-0.00012250308
-0.00010908394
-9.6311707e-05
-8.4662532e-05
-7.3137537e-05
-6.4866742e-05
-5.1701018e-05
-0.00031344321
-0.00031317283
-0.00031281229
-0.00031240096
-0.00031191421
-0.00031133152
-0.00031063471
-0.00030980267
-0.00030881012
-0.0003076273
-0.00030621952
-0.00030454651
-0.00030256192
-0.00030021277
-0.00029743924
-0.00029417464
-0.00029034595
-0.00028587489
-0.00028067996
-0.00027467958
-0.00026779646
-0.00025996348
-0.00025113078
-0.00024127381
-0.00023040152
-0.00021856344
-0.00020585437
-0.00019241512
-0.00017842865
-0.00016411023
-0.00014969542
-0.00013543352
-0.00012152528
-0.00010821374
-9.5553152e-05
-8.4012702e-05
-7.2554093e-05
-6.4583222e-05
-5.074663e-05
-0.00031260991
-0.000312334
-0.00031196672
-0.0003115466
-0.00031104937
-0.00031045431
-0.00030974288
-0.00030889358
-0.00030788073
-0.00030667413
-0.00030523861
-0.00030353344
-0.0003015118
-0.00029912033
-0.00029629893
-0.00029298081
-0.00028909314
-0.00028455823
-0.00027929566
-0.00027322554
-0.00026627297
-0.00025837391
-0.00024948223
-0.00023957757
-0.00022867318
-0.00021682259
-0.00020412372
-0.00019071925
-0.00017679235
-0.00016255594
-0.00014824313
-0.00013410317
-0.00012032298
-0.00010714422
-9.4620618e-05
-8.321194e-05
-7.1841076e-05
-6.4209473e-05
-4.9622044e-05
-0.00031146236
-0.00031118024
-0.00031080547
-0.00031037545
-0.00030986645
-0.0003092575
-0.00030852964
-0.00030766097
-0.00030662533
-0.00030539204
-0.00030392543
-0.00030218423
-0.00030012112
-0.00029768232
-0.00029480745
-0.00029142968
-0.00028747644
-0.00028287074
-0.0002775335
-0.00027138682
-0.00026435862
-0.00025638847
-0.00024743459
-0.00023748143
-0.0002265472
-0.00021468996
-0.00020201119
-0.00018865553
-0.00017480632
-0.00016067294
-0.00014648637
-0.00013249809
-0.00011887222
-0.00010585382
-9.3495081e-05
-8.2242577e-05
-7.0985438e-05
-6.3724757e-05
-4.8328187e-05
-0.00030990243
-0.0003096136
-0.00030923076
-0.00030878999
-0.00030826817
-0.0003076441
-0.00030689839
-0.00030600866
-0.00030494827
-0.00030368603
-0.00030218568
-0.00030040544
-0.00029829746
-0.00029580754
-0.00029287502
-0.00028943309
-0.00028540953
-0.00028072827
-0.00027531176
-0.00026908446
-0.00026197752
-0.00025393465
-0.00024491899
-0.00023492047
-0.00022396283
-0.00021210918
-0.00019946488
-0.00018617659
-0.00017242772
-0.00015842267
-0.00014439209
-0.00013059107
-0.00011714339
-0.00010431738
-9.2154762e-05
-8.1084379e-05
-6.9971742e-05
-6.3105655e-05
-4.6873165e-05
-0.00030780977
-0.0003075139
-0.00030712267
-0.00030667058
-0.00030613526
-0.00030549528
-0.00030473078
-0.00030381891
-0.00030273253
-0.00030143989
-0.00029990419
-0.00029808308
-0.0002959282
-0.00029338497
-0.00029039252
-0.0002868841
-0.00028278803
-0.00027802931
-0.0002725322
-0.00026622387
-0.00025903912
-0.00025092632
-0.0002418541
-0.00023181844
-0.00022084915
-0.00020901483
-0.00019642489
-0.00018322797
-0.00016960734
-0.0001557596
-0.00014191885
-0.0001283355
-0.00011509405
-0.00010250474
-9.0574621e-05
-7.9714132e-05
-6.8781294e-05
-6.2325639e-05
-4.5281845e-05
-0.00030503991
-0.00030473691
-0.00030433731
-0.00030387371
-0.00030332466
-0.00030266853
-0.00030188498
-0.00030095067
-0.00029983796
-0.00029851458
-0.00029694319
-0.00029508089
-0.00029287888
-0.00029028222
-0.00028722994
-0.0002836555
-0.0002794879
-0.00027465344
-0.00026907852
-0.00026269334
-0.00025543683
-0.00024726246
-0.0002381449
-0.00022808665
-0.00021712408
-0.00020533155
-0.00019282261
-0.00017974772
-0.00016628906
-0.0001526237
-0.00013898513
-0.00012560836
-0.00011269803
-0.00010038623
-8.8726034e-05
-7.8105138e-05
-6.739086e-05
-6.134929e-05
-4.3531276e-05
-0.0003014216
-0.00030111143
-0.00030070315
-0.00030022833
-0.00029966596
-0.00029899413
-0.00029819206
-0.00029723598
-0.00029609779
-0.00029474471
-0.0002931389
-0.00029123703
-0.0002889899
-0.00028634237
-0.00028323346
-0.00027959703
-0.00027536298
-0.00027045919
-0.00026481446
-0.00025836245
-0.00025104657
-0.00024282589
-0.00023368154
-0.000223623
-0.00021269353
-0.00020097351
-0.00018858079
-0.00017566846
-0.0001624187
-0.00014896166
-0.00013548271
-0.00012253493
-0.00011013752
-9.7949973e-05
-8.6577324e-05
-7.6226799e-05
-6.5772893e-05
-6.0137877e-05
-4.1595529e-05
-0.00029675736
-0.00029644028
-0.00029602301
-0.00029553781
-0.00029496327
-0.00029427705
-0.00029345802
-0.00029248204
-0.0002913206
-0.0002899405
-0.00028830352
-0.00028636596
-0.00028407839
-0.00028138559
-0.00027822679
-0.00027453649
-0.00027024572
-0.00026528428
-0.00025958377
-0.00025308163
-0.00024572621
-0.00023748257
-0.00022833866
-0.00021831124
-0.00020745069
-0.00019584363
-0.00018361291
-0.00017091733
-0.00015795451
-0.0001448482
-0.00013172689
-0.00011906219
-0.00010696687
-9.5163674e-05
-8.4093448e-05
-7.4043915e-05
-6.3895805e-05
-5.8654175e-05
-3.9490095e-05
-0.00029081359
-0.00029049069
-0.0002900658
-0.00028957183
-0.00028898701
-0.00028828867
-0.00028745541
-0.0002864628
-0.00028528202
-0.0002838796
-0.00028221705
-0.00028025051
-0.00027793049
-0.00027520196
-0.00027200462
-0.00026827388
-0.00026394226
-0.0002589418
-0.00025320722
-0.00024668012
-0.00023931413
-0.00023108057
-0.00022197446
-0.00021201989
-0.00020127411
-0.00018982936
-0.00017781165
-0.00016537759
-0.00015271131
-0.0001399819
-0.00012741476
-0.00011502733
-0.00010308336
-9.1862604e-05
-8.1217853e-05
-7.1515929e-05
-6.1723054e-05
-5.6856574e-05
-3.7211757e-05
-0.00028334027
-0.00028301314
-0.00028258274
-0.00028208244
-0.00028149023
-0.00028078323
-0.00027993987
-0.00027893553
-0.00027774125
-0.00027632343
-0.00027464352
-0.0002726577
-0.0002703167
-0.0002675659
-0.00026434583
-0.00026059314
-0.00025624227
-0.00025122792
-0.00024548839
-0.00023896994
-0.00023163181
-0.00022345188
-0.0002144323
-0.00020460432
-0.0001940317
-0.00018281152
-0.00017107185
-0.00015896645
-0.00014666723
-0.0001343396
-0.00012214064
-0.00011026653
-9.887835e-05
-8.8108393e-05
-7.7915059e-05
-6.8600684e-05
-5.9213279e-05
-5.4698988e-05
-3.4743446e-05
-0.00027403688
-0.00027370767
-0.0002732746
-0.00027277127
-0.0002721756
-0.00027146464
-0.00027061678
-0.00026960744
-0.00026840769
-0.00026698405
-0.0002652982
-0.00026330669
-0.00026096083
-0.00025820689
-0.00025498664
-0.00025123846
-0.00024689915
-0.00024190646
-0.00023620266
-0.00022973882
-0.00022248
-0.0002144107
-0.00020554013
-0.00019590653
-0.00018557969
-0.00017466083
-0.00016327941
-0.00015158686
-0.00013974793
-0.00012792417
-0.00011626368
-0.00010494666
-9.4104348e-05
-8.3831393e-05
-7.4135081e-05
-6.5250946e-05
-5.6320058e-05
-5.2132054e-05
-3.2061909e-05
-0.00026262862
-0.00026230025
-0.00026186835
-0.00026136646
-0.00026077259
-0.00026006393
-0.00025921902
-0.00025821348
-0.00025701868
-0.00025560151
-0.00025392417
-0.00025194388
-0.00024961291
-0.00024687876
-0.00024368488
-0.00023997187
-0.00023567941
-0.000230749
-0.00022512749
-0.00021877154
-0.00021165252
-0.00020376174
-0.00019511529
-0.00018575769
-0.00017576376
-0.00016523758
-0.00015430852
-0.00014312427
-0.00013184187
-0.00012061509
-0.00010958469
-9.8896114e-05
-8.8661019e-05
-7.8963762e-05
-6.9821653e-05
-6.1415266e-05
-5.2992695e-05
-4.9103633e-05
-2.9135791e-05
-0.00024871528
-0.00024839121
-0.00024796503
-0.00024746988
-0.00024688412
-0.00024618531
-0.00024535243
-0.00024436159
-0.00024318479
-0.00024178973
-0.00024013963
-0.00023819299
-0.00023590367
-0.00023322119
-0.00023009144
-0.00022645802
-0.00022226414
-0.00021745542
-0.00021198342
-0.00020581006
-0.00019891257
-0.00019128851
-0.00018296027
-0.00017397812
-0.00016442107
-0.00015439489
-0.00014402727
-0.00013346031
-0.00012284135
-0.00011231243
-0.00010200178
-9.2028827e-05
-8.2485985e-05
-7.3442551e-05
-6.4916169e-05
-5.7039859e-05
-4.9178202e-05
-4.5561079e-05
-2.5928057e-05
-0.00023211315
-0.000231798
-0.0002313836
-0.00023090219
-0.00023033276
-0.00022965354
-0.00022884417
-0.00022788151
-0.00022673849
-0.00022538394
-0.00022378237
-0.0002218939
-0.00021967426
-0.00021707528
-0.00021404562
-0.00021053226
-0.00020648256
-0.00020184717
-0.0001965837
-0.00019066091
-0.00018406336
-0.00017679571
-0.00016888645
-0.00016039016
-0.00015138773
-0.00014198387
-0.00013230175
-0.00012247516
-0.00011263937
-0.00010292167
-9.3434062e-05
-8.4273564e-05
-7.5512918e-05
-6.7203673e-05
-5.9359425e-05
-5.2070777e-05
-4.4824178e-05
-4.1455392e-05
-2.2408699e-05
-0.00021215536
-0.00021185377
-0.00021145726
-0.00021099678
-0.00021045229
-0.0002098031
-0.00020902987
-0.00020811073
-0.00020702015
-0.00020572879
-0.00020420342
-0.00020240684
-0.00020029802
-0.00019783254
-0.00019496345
-0.00019164263
-0.00018782272
-0.00018345982
-0.0001785168
-0.00017296739
-0.00016680063
-0.00016002536
-0.00015267381
-0.00014480349
-0.00013649649
-0.00012785575
-0.00011899879
-0.00011004937
-0.00010112865
-9.2346805e-05
-8.3796975e-05
-7.5554239e-05
-6.7671455e-05
-6.0182367e-05
-5.3092676e-05
-4.645517e-05
-3.9878591e-05
-3.6727388e-05
-1.8517351e-05
-0.0001892085
-0.00018892725
-0.00018855757
-0.00018812821
-0.00018762051
-0.00018701518
-0.0001862942
-0.00018543716
-0.00018442027
-0.00018321617
-0.0001817939
-0.00018011883
-0.00017815283
-0.00017585477
-0.00017318145
-0.00017008911
-0.00016653562
-0.00016248337
-0.00015790287
-0.00015277663
-0.00014710304
-0.00014089956
-0.00013420469
-0.00012707845
-0.00011960073
-0.00011186758
-0.00010398507
-9.6061711e-05
-8.8200222e-05
-8.0490292e-05
-7.3003702e-05
-6.5793284e-05
-5.8891989e-05
-5.2316295e-05
-4.6061139e-05
-4.0146264e-05
-3.4290679e-05
-3.1257641e-05
-1.39603e-05
-0.00016155288
-0.00016129726
-0.00016096135
-0.0001605715
-0.00016011086
-0.0001595621
-0.00015890915
-0.00015813391
-0.00015721536
-0.00015612954
-0.00015484949
-0.00015334536
-0.00015158462
-0.00014953262
-0.00014715344
-0.00014441121
-0.00014127183
-0.00013770526
-0.00013368823
-0.0001292075
-0.00012426325
-0.00011887253
-0.00011307168
-0.00010691712
-0.00010048356
-9.3859328e-05
-8.7139449e-05
-8.041746e-05
-7.3777589e-05
-6.7288627e-05
-6.1000594e-05
-5.4944791e-05
-4.9135326e-05
-4.3573016e-05
-3.8241883e-05
-3.3137797e-05
-2.8062785e-05
-2.4966771e-05
-8.4667375e-06
-0.0001318225
-0.00013160078
-0.00013130959
-0.00013097152
-0.00013057197
-0.00013009589
-0.00012952928
-0.00012885636
-0.0001280588
-0.00012711564
-0.00012600332
-0.00012469574
-0.00012316448
-0.00012137934
-0.0001193093
-0.00011692387
-0.00011419505
-0.00011109985
-0.00010762326
-0.00010376138
-9.9524226e-05
-9.4937708e-05
-9.004417e-05
-8.4901187e-05
-7.9578439e-05
-7.4152765e-05
-6.870182e-05
-6.3297201e-05
-5.7998239e-05
-5.2847697e-05
-4.7870271e-05
-4.3074173e-05
-3.8454706e-05
-3.3998917e-05
-2.9684199e-05
-2.5504289e-05
-2.133435e-05
-1.8323957e-05
-4.600795e-06
-9.5167662e-05
-9.4989946e-05
-9.4756596e-05
-9.4485821e-05
-9.416602e-05
-9.378525e-05
-9.3332491e-05
-9.2795379e-05
-9.2159614e-05
-9.1408978e-05
-9.0525383e-05
-8.9488999e-05
-8.8278532e-05
-8.6871758e-05
-8.5246341e-05
-8.3381011e-05
-8.1257144e-05
-7.8860707e-05
-7.6184534e-05
-7.3230695e-05
-7.0012667e-05
-6.6556794e-05
-6.2902474e-05
-5.9100568e-05
-5.5209814e-05
-5.1291491e-05
-4.7403108e-05
-4.3592216e-05
-3.9891604e-05
-3.6316912e-05
-3.286721e-05
-2.9528516e-05
-2.6279536e-05
-2.3097376e-05
-1.9959941e-05
-1.6886062e-05
-1.3824104e-05
-1.1578159e-05
-6.4781759e-06
-5.3177242e-05
-5.3050404e-05
-5.288387e-05
-5.2690914e-05
-5.2463402e-05
-5.2193024e-05
-5.1872246e-05
-5.149272e-05
-5.1044916e-05
-5.0518202e-05
-4.9900974e-05
-4.9180863e-05
-4.8345071e-05
-4.7380904e-05
-4.6276513e-05
-4.5021877e-05
-4.3609988e-05
-4.2038189e-05
-4.0309551e-05
-3.8434098e-05
-3.6429669e-05
-3.4322167e-05
-3.2144876e-05
-2.9936573e-05
-2.7738204e-05
-2.5588274e-05
-2.3517558e-05
-2.154426e-05
-1.9670878e-05
-1.7883758e-05
-1.615568e-05
-1.4451227e-05
-1.2734486e-05
-1.0974097e-05
-9.1444656e-06
-7.2971533e-06
-5.398974e-06
-3.9015057e-06
-1.4062629e-06
-1.0132112e-05
-1.006392e-05
-9.9745021e-06
-9.8710096e-06
-9.7492149e-06
-9.6048158e-06
-9.4339843e-06
-9.2325563e-06
-8.9958707e-06
-8.7188695e-06
-8.3962416e-06
-8.0226306e-06
-7.5929528e-06
-7.1028568e-06
-6.5493526e-06
-5.9316245e-06
-5.2520193e-06
-4.5171487e-06
-3.7389614e-06
-2.9355252e-06
-2.131149e-06
-1.3554383e-06
-6.4099893e-07
-1.9800286e-08
4.8140361e-07
8.4587697e-07
1.0710451e-06
1.171082e-06
1.1771821e-06
1.1350974e-06
1.1000668e-06
1.1294705e-06
1.2728797e-06
1.571363e-06
2.0650442e-06
2.6444757e-06
3.3479149e-06
3.9732238e-06
5.1557806e-06
3.6300292e-05
3.6304593e-05
3.6309982e-05
3.6315737e-05
3.6321798e-05
3.6327986e-05
3.6333887e-05
3.6338816e-05
3.6341721e-05
3.6341025e-05
3.6334415e-05
3.6318576e-05
3.6288859e-05
3.6238871e-05
3.6160021e-05
3.6041045e-05
3.5867587e-05
3.5621937e-05
3.5283075e-05
3.4827158e-05
3.4228624e-05
3.3462015e-05
3.2504637e-05
3.134006e-05
2.996224e-05
2.8379687e-05
2.6618709e-05
2.4724618e-05
2.2760023e-05
2.0800038e-05
1.892501e-05
1.7211077e-05
1.5716559e-05
1.449518e-05
1.3627381e-05
1.286235e-05
1.2307572e-05
1.1915231e-05
1.1856048e-05
8.3853585e-05
8.3788633e-05
8.3702965e-05
8.3602983e-05
8.3484033e-05
8.3341183e-05
8.3169591e-05
8.2963566e-05
8.2716215e-05
8.2419253e-05
8.2062782e-05
8.1635004e-05
8.112192e-05
8.0507025e-05
7.9771024e-05
7.8891636e-05
7.7843548e-05
7.6598663e-05
7.5126785e-05
7.3396965e-05
7.1379715e-05
6.9050196e-05
6.6392331e-05
6.3403419e-05
6.0098593e-05
5.6514191e-05
5.2709124e-05
4.8763448e-05
4.4773772e-05
4.0845839e-05
3.708532e-05
3.3585746e-05
3.0408341e-05
2.7637147e-05
2.5381096e-05
2.3157605e-05
2.1341277e-05
1.9875032e-05
1.862962e-05
0.00013247177
0.00013233484
0.00013215452
0.00013194457
0.00013169551
0.00013139746
0.0001310409
0.00013061483
0.00013010616
0.00012949945
0.00012877665
0.00012791681
0.00012689578
0.000125686
0.00012425648
0.00012257291
0.00012059826
0.00011829377
0.0001156207
0.00011254276
0.00010902953
0.00010506061
0.00010063039
9.5752865e-05
9.0465936e-05
8.4833958e-05
7.8947668e-05
7.2920607e-05
6.6881955e-05
6.0966866e-05
5.5305869e-05
5.0007925e-05
4.5127823e-05
4.0897543e-05
3.7000797e-05
3.3409233e-05
3.0453205e-05
2.7777101e-05
2.5374108e-05
0.00018087959
0.00018066894
0.00018039171
0.00018006918
0.00017968703
0.00017923029
0.00017868471
0.00017803397
0.00017725873
0.00017633638
0.00017524079
0.00017394191
0.00017240562
0.00017059358
0.00016846343
0.00016596929
0.00016306284
0.00015969502
0.0001558186
0.00015139175
0.00014638256
0.00014077444
0.00013457189
0.00012780587
0.00012053788
0.0001128614
0.00010489982
9.6800282e-05
8.8723679e-05
8.0832286e-05
7.3275787e-05
6.6163986e-05
5.9484365e-05
5.3761783e-05
4.8450242e-05
4.3651612e-05
3.9398989e-05
3.5456299e-05
3.1943902e-05
0.0002282978
0.00022801381
0.00022764014
0.00022720561
0.00022669101
0.00022607634
0.00022534265
0.00022446828
0.00022342768
0.00022219109
0.00022072426
0.00021898813
0.00021693857
0.00021452648
0.00021169816
0.00020839627
0.00020456136
0.00020013445
0.00019506046
0.00018929292
0.00018279961
0.00017556899
0.00016761669
0.00015899118
0.00014977751
0.00014009765
0.00013010655
0.00011998357
0.00010991961
0.00010010054
9.0683449e-05
8.177405e-05
7.3596694e-05
6.6189398e-05
5.9413294e-05
5.3321985e-05
4.7791286e-05
4.2769226e-05
3.8213274e-05
0.00027365238
0.00027329708
0.00027282966
0.00027228625
0.00027164293
0.00027087479
0.00026995836
0.00026886681
0.00026756858
0.00026602704
0.00026420015
0.00026204014
0.00025949335
0.00025650041
0.00025299686
0.00024891447
0.00024418334
0.00023873513
0.00023250744
0.00022544952
0.00021752899
0.0002087393
0.00019910704
0.00018869787
0.00017761987
0.00016602273
0.00015409203
0.00014203833
0.0001300822
0.00011843641
0.00010728743
9.6798596e-05
8.7190892e-05
7.8041716e-05
6.9687051e-05
6.2392708e-05
5.5724934e-05
4.9631627e-05
4.4079137e-05
0.00031599841
0.00031557576
0.0003150198
0.00031437357
0.00031360869
0.00031269565
0.00031160666
0.00031031005
0.0003087686
0.00030693916
0.00030477239
0.00030221231
0.00029919629
0.00029565529
0.00029151477
0.00028669633
0.00028112034
0.00027470987
0.00026739591
0.00025912406
0.00024986227
0.00023960922
0.00022840219
0.00021632329
0.00020350225
0.00019011461
0.00017637412
0.00016251964
0.00014879779
0.00013544328
0.0001226601
0.00011061643
9.9469023e-05
8.9093274e-05
7.9504779e-05
7.0880775e-05
6.3049677e-05
5.5928267e-05
4.944459e-05
0.00035435835
0.00035387411
0.00035323713
0.0003524968
0.00035162069
0.00035057507
0.00034932823
0.00034784407
0.00034608019
0.00034398756
0.00034151012
0.00033858449
0.00033513987
0.00033109849
0.0003263767
0.00032088692
0.00031454079
0.0003072537
0.00029895078
0.00028957445
0.00027909314
0.00026751039
0.00025487343
0.00024127941
0.00022687788
0.00021186777
0.00019648817
0.00018100316
0.00016568217
0.00015077868
0.00013651016
0.00012304661
0.0001105149
9.8905289e-05
8.8202805e-05
7.846641e-05
6.9599074e-05
6.1545565e-05
5.4219986e-05
0.00038786274
0.00038732347
0.00038661229
0.00038578907
0.00038481534
0.00038365318
0.00038226751
0.00038061841
0.00037865894
0.00037633486
0.00037358425
0.00037033718
0.00036651572
0.00036203443
0.00035680166
0.00035072184
0.00034369901
0.00033564193
0.00032647075
0.00031612534
0.00030457476
0.00029182713
0.00027793853
0.00026301947
0.0002472368
0.00023080982
0.00021399952
0.00019709161
0.00018037505
0.00016411924
0.00014855331
0.00013385235
0.00012013383
0.0001074224
9.5712849e-05
8.5013711e-05
7.5250447e-05
6.638483e-05
5.8326002e-05
0.00041569691
0.00041510988
0.00041433133
0.00041343856
0.0004123836
0.00041112414
0.00040962248
0.0004078356
0.00040571279
0.00040319547
0.00040021685
0.00039670159
0.0003925658
0.00038771771
0.00038205906
0.00037548766
0.00036790128
0.00035920319
0.00034930942
0.00033815772
0.00032571771
0.00031200128
0.00029707199
0.00028105146
0.00026412101
0.00024651687
0.00022851817
0.00021042841
0.00019255254
0.00017517293
0.0001585281
0.00014279825
0.00012809942
0.00011447064
0.00010191115
9.0408347e-05
7.9901287e-05
7.0361537e-05
6.1694725e-05
0.0004372261
0.00043660268
0.00043577235
0.00043482686
0.00043371019
0.00043237635
0.00043078541
0.00042889165
0.00042664128
0.0004239726
0.0004208154
0.00041709018
0.00041270844
0.00040757349
0.00040158197
0.00039462665
0.00038660051
0.00037740274
0.00036694637
0.00035516773
0.00034203706
0.00032756938
0.00031183406
0.00029496133
0.00027714361
0.00025863001
0.00023971349
0.00022071108
0.00020193988
0.00018369208
0.00016621324
0.00014968763
0.00013423217
0.0001198936
0.00010667291
9.4547876e-05
8.3466151e-05
7.340615e-05
6.4270546e-05
0.00045181268
0.00045116477
0.00045029954
0.00044931936
0.0004481625
0.00044678055
0.00044513204
0.00044316897
0.00044083451
0.00043806482
0.00043478824
0.0004309228
0.00042637667
0.00042104975
0.00041483523
0.00040762236
0.00039930081
0.0003897668
0.00037893118
0.00036672911
0.00035313113
0.00033815426
0.00032187185
0.00030442007
0.000285999
0.00026686669
0.00024732558
0.00022770198
0.00020832124
0.00018948219
0.00017143518
0.00015436725
0.00013839649
0.0001235736
0.00010990076
9.7351659e-05
8.5878716e-05
7.5464882e-05
6.6010461e-05
0.00045935765
0.00045893686
0.00045824264
0.00045738977
0.00045631992
0.00045496777
0.00045323817
0.00045101668
0.00044830312
0.00044524457
0.0004418527
0.00043793027
0.00043330651
0.00042788135
0.00042155233
0.00041420781
0.00040573541
0.00039602979
0.00038500073
0.00037258293
0.00035874713
0.00034351143
0.00032695124
0.0003092057
0.00029047874
0.00027103289
0.00025117532
0.00023123701
0.00021154744
0.00019240879
0.0001740738
0.00015673097
0.0001404991
0.00012543054
0.00011152814
9.8764155e-05
8.7093188e-05
7.6500411e-05
6.6884547e-05
-4.8659867e-05
-4.0090394e-05
-3.6138283e-05
-3.0975617e-05
-2.7518642e-05
-2.4153467e-05
-2.1400869e-05
-1.8948077e-05
-1.6812639e-05
-1.4935951e-05
-1.3252559e-05
-1.1813122e-05
-1.040947e-05
-9.4023617e-06
-8.0494138e-06
-4.8718268e-05
-4.0048892e-05
-3.6157678e-05
-3.1001472e-05
-2.7545952e-05
-2.4185153e-05
-2.1429087e-05
-1.897402e-05
-1.6834312e-05
-1.4953347e-05
-1.3265352e-05
-1.182179e-05
-1.0412928e-05
-9.4056072e-06
-8.0380966e-06
-4.8841255e-05
-3.9934048e-05
-3.6164178e-05
-3.1001784e-05
-2.7552649e-05
-2.4198165e-05
-2.143959e-05
-1.898378e-05
-1.6840891e-05
-1.4956764e-05
-1.3265229e-05
-1.1818785e-05
-1.0404657e-05
-9.4021204e-06
-8.0092034e-06
-4.9019491e-05
-3.9730313e-05
-3.6146269e-05
-3.0966052e-05
-2.7530657e-05
-2.4185487e-05
-2.142696e-05
-1.8972982e-05
-1.6829067e-05
-1.4943791e-05
-1.3250508e-05
-1.1803219e-05
-1.0384127e-05
-9.3922602e-06
-7.9624372e-06
-4.9246068e-05
-3.9435082e-05
-3.6100059e-05
-3.0893341e-05
-2.7479083e-05
-2.4146881e-05
-2.1391244e-05
-1.8941794e-05
-1.6799074e-05
-1.4914663e-05
-1.3221352e-05
-1.1775199e-05
-1.0351345e-05
-9.3757822e-06
-7.8977162e-06
-4.9510931e-05
-3.9048736e-05
-3.6020776e-05
-3.0781903e-05
-2.7395716e-05
-2.4080654e-05
-2.1330981e-05
-1.88889e-05
-1.6749759e-05
-1.4868342e-05
-1.3176822e-05
-1.173384e-05
-1.0305628e-05
-9.3516345e-06
-7.815011e-06
-4.9798308e-05
-3.8573411e-05
-3.590212e-05
-3.0628987e-05
-2.7277278e-05
-2.3984177e-05
-2.1243882e-05
-1.8812265e-05
-1.667936e-05
-1.4803292e-05
-1.31156e-05
-1.1677947e-05
-1.0246153e-05
-9.3185017e-06
-7.7146178e-06
-5.0084142e-05
-3.8007196e-05
-3.5736957e-05
-3.0431653e-05
-2.7120194e-05
-2.3854662e-05
-2.1127543e-05
-1.8709777e-05
-1.6586068e-05
-1.4717945e-05
-1.3036362e-05
-1.1606306e-05
-1.0172154e-05
-9.2749335e-06
-7.5972241e-06
-5.0338274e-05
-3.732663e-05
-3.5517406e-05
-3.0187286e-05
-2.6920626e-05
-2.3689158e-05
-2.0979464e-05
-1.8579251e-05
-1.6468017e-05
-1.4610691e-05
-1.2937758e-05
-1.1517661e-05
-1.0082884e-05
-9.2193292e-06
-7.4638779e-06
-5.055446e-05
-3.6559473e-05
-3.5234923e-05
-2.9894474e-05
-2.6674624e-05
-2.3484426e-05
-2.0796957e-05
-1.8418356e-05
-1.6323222e-05
-1.4479825e-05
-1.2818365e-05
-1.1410689e-05
-9.9775802e-06
-9.1499454e-06
-7.3159432e-06
-5.0753254e-05
-3.5751551e-05
-3.4841654e-05
-2.955216e-05
-2.6378682e-05
-2.3236944e-05
-2.0577112e-05
-1.8224593e-05
-1.6149567e-05
-1.4323535e-05
-1.2676681e-05
-1.1283994e-05
-9.8554432e-06
-9.0649275e-06
-7.1550431e-06
-5.0829289e-05
-3.4862003e-05
-3.4336198e-05
-2.9143903e-05
-2.6027703e-05
-2.2942922e-05
-2.0316802e-05
-1.7995306e-05
-1.5944813e-05
-1.4139922e-05
-1.2511136e-05
-1.113613e-05
-9.7156377e-06
-8.9623574e-06
-6.9829835e-06
-5.0648641e-05
-3.3855255e-05
-3.3769984e-05
-2.8666279e-05
-2.5616727e-05
-2.2598406e-05
-2.0012761e-05
-1.7727743e-05
-1.5706658e-05
-1.3927038e-05
-1.2320127e-05
-1.096563e-05
-9.5573014e-06
-8.8403165e-06
-6.801661e-06
-5.0210269e-05
-3.2786619e-05
-3.3119167e-05
-2.8121567e-05
-2.5141616e-05
-2.2199357e-05
-1.9661693e-05
-1.7419151e-05
-1.5432821e-05
-1.3682975e-05
-1.2102086e-05
-1.0771068e-05
-9.3795772e-06
-8.6969681e-06
-6.6129606e-06
-4.949453e-05
-3.1675788e-05
-3.2342898e-05
-2.7502718e-05
-2.4597559e-05
-2.1741711e-05
-1.9260425e-05
-1.7066944e-05
-1.5121188e-05
-1.3405978e-05
-1.1855577e-05
-1.0551143e-05
-9.1816679e-06
-8.5306573e-06
-6.4186497e-06
-4.8434713e-05
-3.050177e-05
-3.1426616e-05
-2.6802934e-05
-2.3979823e-05
-2.1221705e-05
-1.8806155e-05
-1.6668925e-05
-1.4770009e-05
-1.3094614e-05
-1.1579431e-05
-1.0304791e-05
-8.9629137e-06
-8.3400247e-06
-6.2202781e-06
-4.696525e-05
-2.9270487e-05
-3.0360135e-05
-2.6016329e-05
-2.3284625e-05
-2.0636311e-05
-1.8296789e-05
-1.6223567e-05
-1.4378126e-05
-1.274796e-05
-1.1272902e-05
-1.0031317e-05
-8.7228865e-06
-8.1241272e-06
-6.0190924e-06
-4.5019221e-05
-2.7988739e-05
-2.9134084e-05
-2.513701e-05
-2.2509161e-05
-1.9983365e-05
-1.7731113e-05
-1.5730209e-05
-1.3945163e-05
-1.2365774e-05
-1.0935807e-05
-9.7305178e-06
-8.4614846e-06
-7.8825504e-06
-5.8159726e-06
-4.2529596e-05
-2.6654019e-05
-2.7738273e-05
-2.4156794e-05
-2.1650612e-05
-1.9261129e-05
-1.7108624e-05
-1.5189035e-05
-1.3471569e-05
-1.1948557e-05
-1.0568599e-05
-9.402759e-06
-8.1790032e-06
-7.6154939e-06
-5.6113949e-06
-3.9472026e-05
-2.5278897e-05
-2.6176783e-05
-2.3071838e-05
-2.0710359e-05
-1.8470879e-05
-1.6431029e-05
-1.4601949e-05
-1.2959131e-05
-1.1497863e-05
-1.0172555e-05
-9.0491039e-06
-7.8762244e-06
-7.3238278e-06
-5.4054568e-06
-3.5896181e-05
-2.3968221e-05
-2.4529389e-05
-2.191732e-05
-1.97142e-05
-1.7628822e-05
-1.5709129e-05
-1.3976605e-05
-1.2413383e-05
-1.1017752e-05
-9.750648e-06
-8.6718278e-06
-7.5547196e-06
-7.0091986e-06
-5.1980673e-06
-3.1490244e-05
-2.2731142e-05
-2.2879131e-05
-2.0726457e-05
-1.8686997e-05
-1.6751925e-05
-1.495531e-05
-1.3322694e-05
-1.1841908e-05
-1.0514099e-05
-9.3073043e-06
-8.2744428e-06
-7.2168902e-06
-6.6741365e-06
-4.9889982e-06
-2.468195e-05
-2.0447727e-05
-2.0622107e-05
-1.9112523e-05
-1.7403619e-05
-1.5714411e-05
-1.4101622e-05
-1.2604673e-05
-1.1226506e-05
-9.9780279e-06
-8.838626e-06
-7.8561999e-06
-6.862804e-06
-6.321241e-06
-4.7759854e-06
-1.4364485e-05
-1.5296868e-05
-1.6602623e-05
-1.6339495e-05
-1.5426238e-05
-1.4264559e-05
-1.3001725e-05
-1.1735091e-05
-1.0513409e-05
-9.3762398e-06
-8.3246301e-06
-7.4057617e-06
-6.4862472e-06
-5.9506861e-06
-4.5526159e-06
-7.4715733e-06
-6.1305713e-06
-5.5225431e-06
-4.6085331e-06
-3.9379776e-06
-3.2674969e-06
-2.6843709e-06
-2.1721555e-06
-1.6952869e-06
-1.3393068e-06
-9.2303199e-07
-7.8172178e-07
-2.5738558e-07
-6.307908e-07
7.9943605e-07
-7.4780866e-06
-6.1227939e-06
-5.519455e-06
-4.6065965e-06
-3.9361724e-06
-3.2664515e-06
-2.6835772e-06
-2.1716049e-06
-1.6949507e-06
-1.339014e-06
-9.2296162e-07
-7.8147432e-07
-2.5765964e-07
-6.3144666e-07
7.9358653e-07
-7.4902927e-06
-6.1059217e-06
-5.513009e-06
-4.6022669e-06
-3.9323079e-06
-3.2641482e-06
-2.6818377e-06
-2.1703965e-06
-1.6941916e-06
-1.3383799e-06
-9.2276705e-07
-7.8096713e-07
-2.5816428e-07
-6.3274058e-07
7.838443e-07
-7.508489e-06
-6.0793266e-06
-5.5029081e-06
-4.5952883e-06
-3.9262125e-06
-3.2604568e-06
-2.679062e-06
-2.1684669e-06
-1.6929637e-06
-1.3373754e-06
-9.2242697e-07
-7.8018437e-07
-2.5889638e-07
-6.3457945e-07
7.7118764e-07
-7.5322252e-06
-6.042787e-06
-5.4887472e-06
-4.5854757e-06
-3.9177199e-06
-3.2552611e-06
-2.6751697e-06
-2.1657576e-06
-1.691229e-06
-1.3359716e-06
-9.219296e-07
-7.7910207e-07
-2.5986812e-07
-6.3680526e-07
7.5562959e-07
-7.5604383e-06
-5.9963238e-06
-5.4700472e-06
-4.572654e-06
-3.9066557e-06
-3.2484368e-06
-2.6700752e-06
-2.1622058e-06
-1.6889467e-06
-1.3341369e-06
-9.2126149e-07
-7.7769367e-07
-2.6108905e-07
-6.3920562e-07
7.3860618e-07
-7.5915373e-06
-5.9401986e-06
-5.4462711e-06
-4.5566523e-06
-3.8928418e-06
-3.2398519e-06
-2.6636892e-06
-2.1577448e-06
-1.6860724e-06
-1.3318386e-06
-9.2040724e-07
-7.7593102e-07
-2.6256638e-07
-6.4156442e-07
7.2143639e-07
-7.6233767e-06
-5.8749229e-06
-5.4168348e-06
-4.537303e-06
-3.8760988e-06
-3.2293677e-06
-2.655919e-06
-2.1523047e-06
-1.6825598e-06
-1.3290422e-06
-9.1935021e-07
-7.73784e-07
-2.6431043e-07
-6.4364531e-07
7.0254796e-07
-7.6532258e-06
-5.8012417e-06
-5.3811226e-06
-4.5144328e-06
-3.8562476e-06
-3.2168375e-06
-2.6466688e-06
-2.145812e-06
-1.6783598e-06
-1.3257122e-06
-9.1807266e-07
-7.7122033e-07
-2.663245e-07
-6.4459941e-07
6.8033761e-07
-7.6777721e-06
-5.7200941e-06
-5.3385084e-06
-4.4878508e-06
-3.8331097e-06
-3.2021054e-06
-2.6358382e-06
-2.1381891e-06
-1.6734208e-06
-1.3218111e-06
-9.1655537e-07
-7.6820664e-07
-2.6862128e-07
-6.4173948e-07
6.5507367e-07
-7.6931615e-06
-5.6325535e-06
-5.2883814e-06
-4.4573325e-06
-3.8065072e-06
-3.1850033e-06
-2.623321e-06
-2.1293535e-06
-1.6676871e-06
-1.3172997e-06
-9.147774e-07
-7.6471453e-07
-2.7129008e-07
-6.3271598e-07
6.2807926e-07
-7.695084e-06
-5.5397478e-06
-5.2301746e-06
-4.4226048e-06
-3.7762607e-06
-3.165349e-06
-2.6090033e-06
-2.1192164e-06
-1.6610988e-06
-1.3121363e-06
-9.1271542e-07
-7.6073086e-07
-2.7442004e-07
-6.184328e-07
6.0400946e-07
-7.6789122e-06
-5.4427617e-06
-5.1633943e-06
-4.3833294e-06
-3.7421876e-06
-3.1429435e-06
-2.592761e-06
-2.1076812e-06
-1.65359e-06
-1.3062766e-06
-9.1034302e-07
-7.5624328e-07
-2.7754786e-07
-6.0188702e-07
5.8504112e-07
-7.6398982e-06
-5.3425274e-06
-5.0876486e-06
-4.3390912e-06
-3.7040972e-06
-3.1175692e-06
-2.5744572e-06
-2.0946422e-06
-1.6450884e-06
-1.2996723e-06
-9.0763156e-07
-7.5125569e-07
-2.7946741e-07
-5.8491777e-07
5.6644693e-07
-7.5734245e-06
-5.239715e-06
-5.0026704e-06
-4.289391e-06
-3.6617861e-06
-3.0889878e-06
-2.5539393e-06
-2.0799824e-06
-1.6355127e-06
-1.2922704e-06
-9.0455752e-07
-7.4580875e-07
-2.7995447e-07
-5.6758952e-07
5.446956e-07
-7.4752997e-06
-5.1346334e-06
-4.9083334e-06
-4.2336474e-06
-3.6150323e-06
-3.0569406e-06
-2.5310366e-06
-2.0635717e-06
-1.6247718e-06
-1.2840125e-06
-9.0110567e-07
-7.3993577e-07
-2.804829e-07
-5.497874e-07
5.1966018e-07
-7.342074e-06
-5.0271598e-06
-4.804656e-06
-4.1712101e-06
-3.5635902e-06
-3.02115e-06
-2.5055578e-06
-2.0452654e-06
-1.6127623e-06
-1.2748329e-06
-8.9725409e-07
-7.336328e-07
-2.820126e-07
-5.3143087e-07
4.915661e-07
-7.1713463e-06
-4.916709e-06
-4.6917943e-06
-4.1013841e-06
-3.5071869e-06
-2.981323e-06
-2.4772906e-06
-2.0249022e-06
-1.5993677e-06
-1.2646576e-06
-8.929702e-07
-7.2688544e-07
-2.8447199e-07
-5.1249257e-07
4.6046689e-07
-6.9620188e-06
-4.8022568e-06
-4.5700218e-06
-4.0234667e-06
-3.4455228e-06
-2.9371579e-06
-2.446003e-06
-2.0023046e-06
-1.5844565e-06
-1.2534032e-06
-8.882088e-07
-7.196744e-07
-2.8784283e-07
-4.9300692e-07
4.2638409e-07
-6.7144405e-06
-4.682429e-06
-4.4396995e-06
-3.9367933e-06
-3.3782791e-06
-2.8883552e-06
-2.411448e-06
-1.97728e-06
-1.5678836e-06
-1.2409772e-06
-8.8291023e-07
-7.1197479e-07
-2.9225293e-07
-4.7313609e-07
3.8935447e-07
-6.4303951e-06
-4.5556595e-06
-4.3012379e-06
-3.840775e-06
-3.3051235e-06
-2.8346222e-06
-2.3733636e-06
-1.9496169e-06
-1.5494856e-06
-1.2272718e-06
-8.7699409e-07
-7.0372543e-07
-2.9737019e-07
-4.5297736e-07
3.4942336e-07
-6.1132144e-06
-4.4203233e-06
-4.1550741e-06
-3.7349085e-06
-3.2256908e-06
-2.7756592e-06
-2.3314548e-06
-1.919063e-06
-1.5290608e-06
-1.2121496e-06
-8.7034212e-07
-6.9474548e-07
-3.0227376e-07
-4.3153517e-07
3.0698444e-07
-5.769038e-06
-4.2743813e-06
-4.0017592e-06
-3.6188837e-06
-3.1395993e-06
-2.7112025e-06
-2.2854265e-06
-1.8853489e-06
-1.506377e-06
-1.1954677e-06
-8.6280602e-07
-6.8508436e-07
-3.0564296e-07
-4.0774986e-07
2.6318696e-07
-5.406951e-06
-4.1147715e-06
-3.8421716e-06
-3.4932129e-06
-3.0469155e-06
-2.6414496e-06
-2.2353727e-06
-1.8485303e-06
-1.4814424e-06
-1.1773125e-06
-8.5438211e-07
-6.7423661e-07
-3.0845248e-07
-3.8211149e-07
2.1949028e-07
-1.0498316e-05
-5.3478672e-06
-1.6938086e-06
5.7449364e-07
1.800807e-06
2.5129098e-06
2.8895539e-06
2.9943099e-06
3.1957984e-06
-1.6606583e-06
6.0043286e-07
2.1476835e-06
3.104628e-06
3.4905373e-06
3.6379341e-06
3.6396836e-06
3.5196985e-06
3.6654775e-06
4.790159e-06
5.5995362e-06
5.7657378e-06
5.6373499e-06
5.2158043e-06
4.7751122e-06
4.3855442e-06
4.0310364e-06
4.1293926e-06
1.086519e-05
1.0377041e-05
9.3227317e-06
8.1509377e-06
6.9220032e-06
5.8952213e-06
5.1180238e-06
4.5361448e-06
4.5936211e-06
1.6864696e-05
1.5110567e-05
1.2848903e-05
1.0630805e-05
8.5926075e-06
6.9872423e-06
5.8293894e-06
5.033556e-06
5.0490288e-06
2.2707058e-05
1.9733311e-05
1.6292111e-05
1.3041969e-05
1.0207431e-05
8.039196e-06
6.5133833e-06
5.5242451e-06
5.480299e-06
2.8310828e-05
2.4171796e-05
1.9597679e-05
1.5349395e-05
1.1746392e-05
9.0393626e-06
7.1647537e-06
6.0002958e-06
5.8618531e-06
3.3608061e-05
2.8366287e-05
2.2718125e-05
1.7521349e-05
1.3190594e-05
9.9769207e-06
7.7772758e-06
6.441413e-06
6.2083156e-06
3.8531023e-05
3.2260308e-05
2.5609952e-05
1.9528878e-05
1.4522468e-05
1.0841195e-05
8.3396038e-06
6.8389643e-06
6.5380829e-06
4.3011786e-05
3.5799677e-05
2.8233154e-05
2.1345726e-05
1.5725756e-05
1.1620681e-05
8.836998e-06
7.1916419e-06
6.8471128e-06
4.698556e-05
3.8934145e-05
3.0551663e-05
2.2948441e-05
1.6785536e-05
1.2304302e-05
9.2728934e-06
7.5071159e-06
7.1225644e-06
5.0393404e-05
4.1618695e-05
3.2533742e-05
2.4316425e-05
1.7689175e-05
1.288704e-05
9.6532588e-06
7.7812326e-06
7.3525325e-06
5.3183979e-05
4.3814517e-05
3.4152413e-05
2.5432202e-05
1.8425819e-05
1.3362404e-05
9.9654557e-06
8.0009775e-06
7.5367714e-06
5.5314796e-05
4.5489688e-05
3.538568e-05
2.62815e-05
1.8986322e-05
1.3724154e-05
1.0202204e-05
8.165288e-06
7.6766269e-06
5.675261e-05
4.6619102e-05
3.6216077e-05
2.6852721e-05
1.9363046e-05
1.3967114e-05
1.03603e-05
8.276809e-06
7.7704958e-06
5.7473997e-05
4.7184846e-05
3.6630925e-05
2.7137149e-05
1.9549932e-05
1.4087045e-05
1.0437501e-05
8.3322782e-06
7.8165889e-06
-1.6077293e-05
-1.7689167e-05
-1.7404252e-05
-1.6229901e-05
-1.4876052e-05
-1.3541585e-05
-1.2252636e-05
-1.1027882e-05
-9.8748945e-06
-8.8105494e-06
-7.8336083e-06
-6.9724023e-06
-6.1322791e-06
-5.5991043e-06
-4.3581099e-06
-6.9680075e-06
-9.6390319e-06
-1.0693052e-05
-1.0925334e-05
-1.083195e-05
-1.0490785e-05
-9.9388194e-06
-9.2459006e-06
-8.4862112e-06
-7.7205615e-06
-6.9812181e-06
-6.2945962e-06
-5.6269541e-06
-5.1237789e-06
-4.1674461e-06
-3.588821e-06
-6.2025258e-06
-7.3843644e-06
-7.7193375e-06
-7.8199722e-06
-7.7863867e-06
-7.5807144e-06
-7.2160834e-06
-6.7729635e-06
-6.2966627e-06
-5.8097104e-06
-5.3317447e-06
-4.8615636e-06
-4.4352232e-06
-3.8241843e-06
-1.0720192e-06
-2.4073454e-06
-3.2205788e-06
-3.7329616e-06
-4.1068756e-06
-4.352285e-06
-4.486407e-06
-4.5023855e-06
-4.4409634e-06
-4.3347247e-06
-4.1684488e-06
-3.9620934e-06
-3.7274884e-06
-3.4774129e-06
-3.1862291e-06
6.6925929e-07
3.8874238e-08
-5.2525052e-07
-1.0118442e-06
-1.4156335e-06
-1.737486e-06
-1.9828612e-06
-2.1663942e-06
-2.2901932e-06
-2.3570582e-06
-2.377318e-06
-2.3636938e-06
-2.3275e-06
-2.275318e-06
-2.2120822e-06
1.8118213e-06
1.5276338e-06
1.21725e-06
9.1588469e-07
6.4293722e-07
3.9609863e-07
1.7185155e-07
-3.0359041e-08
-2.1031412e-07
-3.6926053e-07
-5.0869819e-07
-6.2949846e-07
-7.3194625e-07
-8.1797363e-07
-8.9857062e-07
2.4580718e-06
2.3276722e-06
2.1684961e-06
2.0016913e-06
1.8391455e-06
1.6799196e-06
1.5228818e-06
1.3687345e-06
1.2183982e-06
1.0725254e-06
9.3168196e-07
7.9640608e-07
6.6713041e-07
5.4431879e-07
4.2321076e-07
2.7189086e-06
2.6668216e-06
2.5903646e-06
2.5042178e-06
2.4173982e-06
2.3290248e-06
2.2377892e-06
2.1437543e-06
2.0472171e-06
1.9483026e-06
1.8470857e-06
1.7436796e-06
1.6382354e-06
1.5309667e-06
1.420291e-06
2.9683532e-06
2.9358021e-06
2.8858125e-06
2.8285756e-06
2.76921e-06
2.7068251e-06
2.6404511e-06
2.5699518e-06
2.4953255e-06
2.4164917e-06
2.3333725e-06
2.2459368e-06
2.1541966e-06
2.0583261e-06
1.9605921e-06
-5.0611978e-06
-3.9688393e-06
-3.6971516e-06
-3.3766213e-06
-2.9617232e-06
-2.5770219e-06
-2.1891382e-06
-1.8144953e-06
-1.4584344e-06
-1.1606831e-06
-8.4674993e-07
-6.6357416e-07
-3.1263112e-07
-3.5808086e-07
1.8190755e-07
-4.6015594e-06
-3.8218347e-06
-3.5216006e-06
-3.2335701e-06
-2.8579634e-06
-2.4966151e-06
-2.1306711e-06
-1.7708299e-06
-1.4286827e-06
-1.1385784e-06
-8.3675515e-07
-6.4930293e-07
-3.187128e-07
-3.266614e-07
1.4114163e-07
-3.9606037e-06
-3.5358517e-06
-3.241781e-06
-2.9908228e-06
-2.6775292e-06
-2.3578204e-06
-2.0277452e-06
-1.6926029e-06
-1.374066e-06
-1.0980259e-06
-8.1716171e-07
-6.2445309e-07
-3.2585084e-07
-2.7991893e-07
8.5265697e-08
-3.1683209e-06
-2.9994036e-06
-2.7918638e-06
-2.5965632e-06
-2.3718036e-06
-2.1266551e-06
-1.8495376e-06
-1.5513381e-06
-1.271125e-06
-1.0227854e-06
-7.7567309e-07
-5.8223468e-07
-3.2693971e-07
-2.2262523e-07
1.3800806e-08
-2.1615434e-06
-2.1464165e-06
-2.0988863e-06
-2.0179061e-06
-1.9072503e-06
-1.7547149e-06
-1.5352232e-06
-1.2929428e-06
-1.0794155e-06
-8.8686598e-07
-6.9251681e-07
-5.1341631e-07
-3.0716108e-07
-1.5724573e-07
-5.9963232e-08
-9.3880064e-07
-1.0468073e-06
-1.1233744e-06
-1.1531641e-06
-1.1453141e-06
-1.0845477e-06
-9.9194384e-07
-9.0673042e-07
-8.1651123e-07
-7.0691951e-07
-5.6702754e-07
-4.067576e-07
-2.4118844e-07
-8.9430887e-08
-9.2579666e-08
3.3452623e-07
1.9827021e-07
6.988796e-08
-3.7424745e-08
-1.322307e-07
-2.1090055e-07
-2.6997276e-07
-3.0367906e-07
-3.1487416e-07
-2.9141915e-07
-2.2612339e-07
-1.6348328e-07
-1.2181274e-07
-8.700967e-08
-9.4006998e-08
1.3240814e-06
1.2013062e-06
1.0755851e-06
9.5380252e-07
8.3121423e-07
7.0842642e-07
5.8957619e-07
4.7763823e-07
3.7266484e-07
2.7737929e-07
1.9554708e-07
1.2509532e-07
6.9548445e-08
3.1110879e-08
-1.3489365e-10
1.863063e-06
1.7558932e-06
1.6531654e-06
1.5468672e-06
1.4304257e-06
1.3048738e-06
1.1726538e-06
1.035423e-06
8.9486054e-07
7.531301e-07
6.1277916e-07
4.7578659e-07
3.423049e-07
2.0877861e-07
8.0406561e-08
)
;

boundaryField
{
    inlet
    {
        type            zeroGradient;
    }
    outlet
    {
        type            fixedValue;
        value           uniform 0;
    }
    cylinder
    {
        type            zeroGradient;
    }
    frontAndBack
    {
        type            empty;
    }
}


// ************************************************************************* //
