/*--------------------------------*- C++ -*----------------------------------*\
  =========                 |
  \\      /  F ield         | OpenFOAM: The Open Source CFD Toolbox
   \\    /   O peration     | Website:  https://openfoam.org
    \\  /    A nd           | Version:  14
     \\/     M anipulation  |
\*---------------------------------------------------------------------------*/
FoamFile
{
    format      ascii;
    class       volScalarField;
    location    "500";
    object      p;
}
// * * * * * * * * * * * * * * * * * * * * * * * * * * * * * * * * * * * * * //

dimensions      [0 2 -2 0 0 0 0];

internalField   nonuniform List<scalar> 
5388
(
-0.0001079304
-0.00010789234
-0.00010784117
-0.00010778268
-0.00010771254
-0.00010762698
-0.00010752224
-0.0001073937
-0.00010723548
-0.00010704029
-0.00010679908
-0.0001065007
-0.00010613145
-0.0001056746
-0.00010510989
-0.00010441301
-0.00010355519
-0.00010250292
-0.00010121807
-9.9658435e-05
-9.7779059e-05
-9.5534445e-05
-9.2881786e-05
-8.9785139e-05
-8.6220159e-05
-8.217866e-05
-7.7672021e-05
-7.2732486e-05
-6.7411714e-05
-6.1776859e-05
-5.5903492e-05
-4.9874072e-05
-4.3751244e-05
-3.7647413e-05
-3.1490253e-05
-2.5670929e-05
-1.9279428e-05
-1.4668104e-05
-6.8932068e-06
-0.00010800084
-0.00010796233
-0.00010791058
-0.00010785145
-0.00010778053
-0.00010769401
-0.0001075881
-0.0001074581
-0.00010729808
-0.00010710066
-0.00010685669
-0.0001065549
-0.00010618145
-0.00010571947
-0.00010514851
-0.00010444411
-0.00010357731
-0.00010251448
-0.00010121738
-9.9643755e-05
-9.7748692e-05
-9.5486823e-05
-9.28156e-05
-8.9699482e-05
-8.6114664e-05
-8.2053607e-05
-7.7528401e-05
-7.2572e-05
-6.7236717e-05
-6.1590228e-05
-5.5708557e-05
-4.9674219e-05
-4.3550322e-05
-3.7448699e-05
-3.1298839e-05
-2.5485893e-05
-1.9101313e-05
-1.4533258e-05
-6.651724e-06
-0.00010815577
-0.00010811626
-0.00010806317
-0.0001080025
-0.00010792975
-0.00010784101
-0.00010773237
-0.00010759904
-0.00010743495
-0.00010723252
-0.00010698242
-0.00010667314
-0.00010629057
-0.00010581753
-0.00010523327
-0.00010451298
-0.00010362738
-0.00010254256
-0.00010122007
-9.9617579e-05
-9.7690249e-05
-9.5393027e-05
-9.2683939e-05
-8.9528291e-05
-8.5903381e-05
-8.1802967e-05
-7.7240542e-05
-7.2250467e-05
-6.6886357e-05
-6.1216938e-05
-5.5319093e-05
-4.9275429e-05
-4.3149652e-05
-3.7053217e-05
-3.0917624e-05
-2.5119189e-05
-1.8744732e-05
-1.427124e-05
-6.1632734e-06
-0.00010839315
-0.00010835204
-0.00010829681
-0.00010823371
-0.00010815806
-0.00010806579
-0.00010795287
-0.00010781431
-0.00010764381
-0.00010743357
-0.00010717394
-0.00010685305
-0.0001064564
-0.00010596637
-0.00010536172
-0.00010461715
-0.00010370294
-0.00010258473
-0.00010122377
-9.9577612e-05
-9.7601567e-05
-9.5251057e-05
-9.2484973e-05
-8.9269898e-05
-8.5584783e-05
-8.1425336e-05
-7.6807171e-05
-7.1766767e-05
-6.6359676e-05
-6.0656154e-05
-5.473431e-05
-4.867689e-05
-4.2548254e-05
-3.6460328e-05
-3.0345849e-05
-2.4570408e-05
-1.8208354e-05
-1.3882172e-05
-5.4217089e-06
-0.00010870792
-0.00010866461
-0.00010860643
-0.00010853999
-0.00010846035
-0.00010836323
-0.00010824441
-0.00010809865
-0.00010791937
-0.0001076984
-0.00010742568
-0.00010708887
-0.00010667293
-0.00010615965
-0.00010552716
-0.00010474952
-0.00010379637
-0.00010263284
-0.0001012198
-9.9514688e-05
-9.7473034e-05
-9.505094e-05
-9.2208489e-05
-8.8913987e-05
-8.5148613e-05
-8.0910695e-05
-7.6218674e-05
-7.1111839e-05
-6.5648281e-05
-5.9900244e-05
-5.3947387e-05
-4.7872531e-05
-4.1740612e-05
-3.5665564e-05
-2.9579917e-05
-2.3835905e-05
-1.7489817e-05
-1.3361508e-05
-4.4255277e-06
-0.00010908648
-0.00010904035
-0.00010897841
-0.00010890768
-0.00010882292
-0.0001087196
-0.00010859323
-0.00010843827
-0.00010824777
-0.00010801309
-0.00010772368
-0.00010736657
-0.00010692607
-0.0001063832
-0.00010571532
-0.00010489568
-0.00010389317
-0.00010267227
-0.00010119342
-9.9413944e-05
-9.7289713e-05
-9.4777722e-05
-9.1839594e-05
-8.8445848e-05
-8.458049e-05
-8.024515e-05
-7.5461814e-05
-7.0273256e-05
-6.4740686e-05
-5.8938742e-05
-5.2948924e-05
-4.6853872e-05
-4.0718889e-05
-3.4662516e-05
-2.8614809e-05
-2.291026e-05
-1.6585846e-05
-1.2701818e-05
-3.174078e-06
-0.00010950671
-0.00010945714
-0.00010939058
-0.00010931461
-0.00010922361
-0.00010911272
-0.00010897713
-0.00010881095
-0.00010860674
-0.00010835536
-0.00010804559
-0.00010766378
-0.00010719338
-0.00010661456
-0.00010590371
-0.00010503314
-0.00010397085
-0.00010268057
-0.00010112227
-9.9253172e-05
-9.7029623e-05
-9.4409757e-05
-9.135711e-05
-8.784492e-05
-8.3860638e-05
-7.9409884e-05
-7.4518891e-05
-6.9234579e-05
-6.3621824e-05
-5.7758014e-05
-5.1726756e-05
-4.5609921e-05
-3.9472901e-05
-3.344325e-05
-2.7445473e-05
-2.1786482e-05
-1.5492135e-05
-1.1893219e-05
-1.6654458e-06
-0.00010993569
-0.00010988205
-0.00010981005
-0.00010972789
-0.00010962951
-0.00010950967
-0.00010936321
-0.00010918376
-0.0001089634
-0.00010869232
-0.00010835859
-0.00010794769
-0.00010744214
-0.00010682106
-0.00010605977
-0.00010512949
-0.00010399721
-0.00010262582
-0.00010097479
-9.9001299e-05
-9.6662306e-05
-9.3917354e-05
-9.073229e-05
-8.7083586e-05
-8.2962761e-05
-7.8380107e-05
-7.3366796e-05
-6.7974525e-05
-6.2272333e-05
-5.6340661e-05
-5.0265488e-05
-4.4126749e-05
-3.7989632e-05
-3.1998708e-05
-2.6067774e-05
-2.0454939e-05
-1.4203083e-05
-1.0924818e-05
9.045657e-08
-0.00011032777
-0.00011026945
-0.00011019118
-0.0001101019
-0.00010999503
-0.0001098649
-0.00010970593
-0.00010951126
-0.00010927234
-0.00010897867
-0.00010861745
-0.00010817322
-0.00010762744
-0.00010695804
-0.00010613916
-0.00010514077
-0.00010392876
-0.00010246515
-0.00010070884
-9.8617092e-05
-9.614762e-05
-9.3261666e-05
-8.9927797e-05
-8.6126248e-05
-8.1853219e-05
-7.7124346e-05
-7.1976398e-05
-6.6466442e-05
-6.0668126e-05
-5.4665175e-05
-4.8546205e-05
-4.2386647e-05
-3.6250673e-05
-3.0315506e-05
-2.446308e-05
-1.8900328e-05
-1.2711128e-05
-9.7840553e-06
2.051603e-06
-0.0001106227
-0.00011055911
-0.00011047379
-0.00011037649
-0.00011026008
-0.00011011838
-0.00010994535
-0.00010973359
-0.00010947385
-0.00010915483
-0.00010876282
-0.0001082813
-0.00010769052
-0.00010696718
-0.00010608404
-0.0001050098
-0.00010370914
-0.00010214314
-0.00010027021
-9.8047735e-05
-9.5434408e-05
-9.2393461e-05
-8.8896602e-05
-8.4928346e-05
-8.0490181e-05
-7.5603717e-05
-7.0311941e-05
-6.4677831e-05
-5.8780025e-05
-5.2705723e-05
-4.6546278e-05
-4.036658e-05
-3.4227575e-05
-2.8364192e-05
-2.2543809e-05
-1.7109409e-05
-1.1006043e-05
-8.4504702e-06
4.2361646e-06
-0.00011074338
-0.00011067398
-0.00011058088
-0.00011047476
-0.00011034783
-0.0001101934
-0.0001100049
-0.00010977433
-0.00010949172
-0.00010914489
-0.00010871911
-0.00010819672
-0.00010755673
-0.00010677444
-0.00010582121
-0.00010466435
-0.00010326729
-0.00010159018
-9.959099e-05
-9.7227343e-05
-9.4459124e-05
-9.1251875e-05
-8.7580857e-05
-8.3435374e-05
-7.8822764e-05
-7.3771202e-05
-6.8330447e-05
-6.2569867e-05
-5.6573469e-05
-5.0432296e-05
-4.4240657e-05
-3.8042455e-05
-3.190354e-05
-2.6118246e-05
-2.0367275e-05
-1.5126151e-05
-9.0817009e-06
-6.8976073e-06
6.6958438e-06
-0.00011059408
-0.0001105184
-0.00011041691
-0.00011030126
-0.00011016298
-0.00010999481
-0.00010978964
-0.00010953881
-0.00010923158
-0.00010885484
-0.0001083928
-0.00010782659
-0.00010713388
-0.00010628854
-0.00010526047
-0.00010401556
-0.00010251599
-0.000100721
-9.8588204e-05
-9.6075633e-05
-9.3144594e-05
-8.9763265e-05
-8.5910865e-05
-8.1581959e-05
-7.6790247e-05
-7.1570972e-05
-6.5981139e-05
-6.0096924e-05
-5.4008169e-05
-4.7810991e-05
-4.1606023e-05
-3.5411738e-05
-2.9381302e-05
-2.3630261e-05
-1.8011783e-05
-1.2877998e-05
-6.9418989e-06
-5.1068803e-06
9.3848583e-06
-0.00011005805
-0.00010997573
-0.00010986537
-0.00010973963
-0.00010958935
-0.00010940666
-0.00010918389
-0.0001089117
-0.00010857853
-0.00010817032
-0.00010767018
-0.000107058
-0.00010631008
-0.00010539884
-0.0001042927
-0.00010295613
-0.00010135012
-9.9433072e-05
-9.7162365e-05
-9.4496637e-05
-9.1398872e-05
-8.7840206e-05
-8.3804201e-05
-7.9291105e-05
-7.4321407e-05
-6.8937815e-05
-6.3204896e-05
-5.7205877e-05
-5.1036738e-05
-4.4800018e-05
-3.8609952e-05
-3.2475253e-05
-2.6533514e-05
-2.0788195e-05
-1.5366773e-05
-1.0290632e-05
-4.5423999e-06
-3.0527176e-06
1.2283096e-05
-0.00010899728
-0.0001089081
-0.00010878855
-0.00010865239
-0.00010848972
-0.00010829204
-0.00010805111
-0.00010775691
-0.00010739705
-0.0001069565
-0.00010641727
-0.00010575799
-0.00010495362
-0.00010397515
-0.00010278955
-0.00010135994
-9.9646214e-05
-9.7606077e-05
-9.519686e-05
-9.2378037e-05
-8.9114555e-05
-8.538083e-05
-8.1165111e-05
-7.6473674e-05
-7.1334104e-05
-6.5796792e-05
-5.9933933e-05
-5.3835605e-05
-4.7603066e-05
-4.1340849e-05
-3.5157464e-05
-2.91193e-05
-2.3214284e-05
-1.7554938e-05
-1.2309133e-05
-7.4077081e-06
-1.8708802e-06
-7.0804908e-07
1.5385841e-05
-0.00010724856
-0.00010715247
-0.00010702366
-0.000106877
-0.00010670185
-0.00010648909
-0.00010622993
-0.00010591364
-0.00010552704
-0.00010505416
-0.00010447594
-0.0001037698
-0.00010290941
-0.0001018644
-0.0001006004
-9.9079343e-05
-9.7260143e-05
-9.5100019e-05
-9.2556475e-05
-8.9590081e-05
-8.6168031e-05
-8.2268324e-05
-7.7884199e-05
-7.3028225e-05
-6.7735267e-05
-6.206347e-05
-5.6092543e-05
-4.9919088e-05
-4.3649067e-05
-3.7388361e-05
-3.1237956e-05
-2.527047e-05
-1.9469056e-05
-1.4025891e-05
-8.9215402e-06
-4.206786e-06
1.0920056e-06
1.956473e-06
1.8688331e-05
-0.00010462949
-0.00010452664
-0.0001043888
-0.0001042319
-0.00010404459
-0.00010381716
-0.00010354026
-0.00010320254
-0.00010279004
-0.0001022859
-0.00010167005
-0.00010091882
-0.00010000467
-9.8896025e-05
-9.755734e-05
-9.5949519e-05
-9.4030777e-05
-9.1758115e-05
-8.9089532e-05
-8.5987032e-05
-8.2420394e-05
-7.8371501e-05
-7.3838811e-05
-6.8841316e-05
-6.3421178e-05
-5.7644155e-05
-5.1597178e-05
-4.5382926e-05
-3.9111621e-05
-3.2890955e-05
-2.6818644e-05
-2.0968551e-05
-1.5355041e-05
-1.0097684e-05
-5.1719126e-06
-6.592407e-07
4.3698613e-06
4.972432e-06
2.2186089e-05
-0.00010092508
-0.00010081589
-0.00010066959
-0.00010050309
-0.00010030439
-0.00010006325
-9.9769809e-05
-9.9412157e-05
-9.8975644e-05
-9.8442635e-05
-9.7792181e-05
-9.6999668e-05
-9.603656e-05
-9.4870292e-05
-9.3464419e-05
-9.1779122e-05
-8.9772221e-05
-8.7400824e-05
-8.4623736e-05
-8.1404688e-05
-7.771631e-05
-7.3544597e-05
-6.8893383e-05
-6.3788127e-05
-5.8278161e-05
-5.2436532e-05
-4.6356868e-05
-4.014722e-05
-3.3921269e-05
-2.7787941e-05
-2.1842759e-05
-1.6157811e-05
-1.0761445e-05
-5.7224039e-06
-1.0219655e-06
3.2636908e-06
7.9892711e-06
8.3733677e-06
2.5877532e-05
-9.5920245e-05
-9.5805478e-05
-9.565172e-05
-9.5476778e-05
-9.5268074e-05
-9.5014902e-05
-9.4706988e-05
-9.4331931e-05
-9.3874511e-05
-9.3316449e-05
-9.2636083e-05
-9.1808041e-05
-9.0803014e-05
-8.958771e-05
-8.8125077e-05
-8.6374928e-05
-8.4295102e-05
-8.1843286e-05
-7.8979616e-05
-7.567008e-05
-7.1890614e-05
-6.7631615e-05
-6.2902353e-05
-5.773455e-05
-5.2184248e-05
-4.6331091e-05
-4.0274512e-05
-3.4126881e-05
-2.8004164e-05
-2.2015321e-05
-1.6253062e-05
-1.0785491e-05
-5.6440962e-06
-8.6891406e-07
3.5619312e-06
7.5913982e-06
1.1979378e-05
1.219431e-05
2.9766258e-05
-8.9336406e-05
-8.9217107e-05
-8.9057299e-05
-8.8875526e-05
-8.8658763e-05
-8.839595e-05
-8.8076511e-05
-8.7687706e-05
-8.721393e-05
-8.6636486e-05
-8.593328e-05
-8.507852e-05
-8.4042528e-05
-8.2791745e-05
-8.1289029e-05
-7.9494364e-05
-7.7366121e-05
-7.4863007e-05
-7.1946799e-05
-6.8585902e-05
-6.4759597e-05
-6.0462643e-05
-5.5709631e-05
-5.0538308e-05
-4.5010965e-05
-3.9213077e-05
-3.3248792e-05
-2.7233456e-05
-2.1283842e-05
-1.5507428e-05
-9.9929424e-06
-4.8029653e-06
3.3416954e-08
4.4959853e-06
8.6129467e-06
1.2353689e-05
1.6370592e-05
1.6469822e-05
3.3859783e-05
-8.0982691e-05
-8.0860447e-05
-8.0696721e-05
-8.0510519e-05
-8.0288542e-05
-8.0019519e-05
-7.9692698e-05
-7.929515e-05
-7.8811064e-05
-7.8221531e-05
-7.7504257e-05
-7.663329e-05
-7.5578865e-05
-7.4307475e-05
-7.2782243e-05
-7.0963756e-05
-6.8811469e-05
-6.628582e-05
-6.3351123e-05
-5.9979209e-05
-5.6153639e-05
-5.1874125e-05
-4.7160595e-05
-4.2056163e-05
-3.6628125e-05
-3.0966151e-05
-2.5177262e-05
-1.9377854e-05
-1.3683593e-05
-8.1986616e-06
-3.0063342e-06
1.8377525e-06
6.3103646e-06
1.0407075e-05
1.4163656e-05
1.7579454e-05
2.1192428e-05
2.1230717e-05
3.8160869e-05
-7.0447875e-05
-7.0324498e-05
-7.0159353e-05
-6.9971473e-05
-6.9747594e-05
-6.9476447e-05
-6.9147316e-05
-6.8747342e-05
-6.8260843e-05
-6.7669118e-05
-6.6950197e-05
-6.6078608e-05
-6.5025272e-05
-6.3757627e-05
-6.2240051e-05
-6.0434735e-05
-5.8303097e-05
-5.5807884e-05
-5.2916038e-05
-4.9602342e-05
-4.5853695e-05
-4.1673626e-05
-3.7086371e-05
-3.2139609e-05
-2.6904932e-05
-2.1475316e-05
-1.595937e-05
-1.0472837e-05
-5.128327e-06
-2.4755034e-08
4.761735e-06
9.1838835e-06
1.3226566e-05
1.6898892e-05
2.02455e-05
2.3296202e-05
2.6473936e-05
2.6515565e-05
4.2696585e-05
-5.778991e-05
-5.7668352e-05
-5.7506263e-05
-5.7320755e-05
-5.7099612e-05
-5.683192e-05
-5.6507127e-05
-5.6112605e-05
-5.5632991e-05
-5.5049991e-05
-5.4342145e-05
-5.3484617e-05
-5.2449128e-05
-5.1204129e-05
-4.9715307e-05
-4.7946563e-05
-4.5861603e-05
-4.3426228e-05
-4.061138e-05
-3.7396834e-05
-3.3775267e-05
-2.9756244e-05
-2.5369539e-05
-2.0667101e-05
-1.5722949e-05
-1.0630338e-05
-5.495913e-06
-4.3121673e-07
4.4574104e-06
9.0790325e-06
1.3366699e-05
1.7282993e-05
2.082232e-05
2.4005966e-05
2.6888549e-05
2.9528566e-05
3.2245383e-05
3.2412723e-05
4.7681985e-05
-4.2116196e-05
-4.1999055e-05
-4.1843535e-05
-4.1664405e-05
-4.1450876e-05
-4.1192698e-05
-4.0879805e-05
-4.0500219e-05
-4.0039445e-05
-3.9480308e-05
-3.8802765e-05
-3.7983769e-05
-3.6997273e-05
-3.581446e-05
-3.4404284e-05
-3.2734425e-05
-3.0772756e-05
-2.8489398e-05
-2.5859446e-05
-2.2866317e-05
-1.9505607e-05
-1.5789061e-05
-1.1748008e-05
-7.4353696e-06
-2.9253059e-06
1.6901468e-06
6.3075206e-06
1.0820785e-05
1.5131383e-05
1.9157911e-05
2.2843902e-05
2.6162576e-05
2.9118232e-05
3.174275e-05
3.4099918e-05
3.627077e-05
3.8497833e-05
3.8978336e-05
5.3292663e-05
-2.4567164e-05
-2.4457276e-05
-2.431224e-05
-2.4143726e-05
-2.394277e-05
-2.3700031e-05
-2.3406103e-05
-2.3049837e-05
-2.2617788e-05
-2.209405e-05
-2.1460083e-05
-2.06946e-05
-1.9773598e-05
-1.8670612e-05
-1.7357294e-05
-1.580444e-05
-1.3983561e-05
-1.1869097e-05
-9.4412704e-06
-6.6894605e-06
-3.6157728e-06
-2.3833206e-07
3.4063212e-06
7.2623721e-06
1.1255987e-05
1.5299078e-05
1.9295622e-05
2.3149972e-05
2.6776051e-05
3.0105968e-05
3.309669e-05
3.5733769e-05
3.803175e-05
4.0030925e-05
4.1798917e-05
4.3422771e-05
4.5084373e-05
4.5790021e-05
5.7174587e-05
-2.6491422e-06
-2.5516396e-06
-2.4238659e-06
-2.2738007e-06
-2.0948128e-06
-1.8789501e-06
-1.6179577e-06
-1.3021249e-06
-9.1983237e-07
-4.5740639e-07
1.0098963e-07
7.7340239e-07
1.5800007e-06
2.5427813e-06
3.6849886e-06
5.0301637e-06
6.6007365e-06
8.4161009e-06
1.0490164e-05
1.2828453e-05
1.5425017e-05
1.825954e-05
2.1295289e-05
2.4478585e-05
2.7740428e-05
3.1000547e-05
3.4173748e-05
3.7177824e-05
3.9941863e-05
4.2413616e-05
4.4564767e-05
4.6393348e-05
4.7922885e-05
4.9198197e-05
5.0281896e-05
5.12456e-05
5.220971e-05
5.2569849e-05
5.5492327e-05
2.2778439e-05
2.2861875e-05
2.2973509e-05
2.3100124e-05
2.3250482e-05
2.3431799e-05
2.3650705e-05
2.3915017e-05
2.4234106e-05
2.461892e-05
2.5081993e-05
2.5637425e-05
2.6300714e-05
2.7088402e-05
2.8017473e-05
2.9104432e-05
3.0364035e-05
3.1807636e-05
3.344121e-05
3.5263148e-05
3.7262052e-05
3.9414839e-05
4.1685578e-05
4.4025557e-05
4.6375054e-05
4.8667081e-05
5.0832985e-05
5.2809281e-05
5.4544613e-05
5.6005598e-05
5.7180553e-05
5.8080546e-05
5.873738e-05
5.9198635e-05
5.9521595e-05
5.9763116e-05
5.99977e-05
5.9877753e-05
6.0670872e-05
4.9798108e-05
4.9862192e-05
4.9947904e-05
5.0045042e-05
5.0160202e-05
5.0298761e-05
5.0465586e-05
5.0666357e-05
5.0907828e-05
5.1197806e-05
5.1545113e-05
5.1959515e-05
5.2451526e-05
5.3032055e-05
5.3711841e-05
5.4500636e-05
5.5406084e-05
5.64323e-05
5.7578191e-05
5.883567e-05
6.0188017e-05
6.1608766e-05
6.3061533e-05
6.4501139e-05
6.5876215e-05
6.7133181e-05
6.8221279e-05
6.9098035e-05
6.9734313e-05
7.0118053e-05
7.025605e-05
7.017341e-05
6.9910426e-05
6.9517194e-05
6.9046755e-05
6.8544636e-05
6.8056095e-05
6.7405437e-05
6.7276443e-05
7.9258032e-05
7.9298674e-05
7.9352996e-05
7.9414374e-05
7.948686e-05
7.9573655e-05
7.9677527e-05
7.9801625e-05
7.9949597e-05
8.0125509e-05
8.033375e-05
8.0578879e-05
8.0865383e-05
8.1197311e-05
8.1577763e-05
8.2008217e-05
8.2487695e-05
8.3011796e-05
8.3571678e-05
8.4153087e-05
8.4735632e-05
8.5292521e-05
8.5791044e-05
8.6194055e-05
8.6462612e-05
8.655966e-05
8.6454353e-05
8.6126323e-05
8.5569087e-05
8.4791863e-05
8.3819452e-05
8.269011e-05
8.1451388e-05
8.0154452e-05
7.8847161e-05
7.7564737e-05
7.6331935e-05
7.5041443e-05
7.4072443e-05
0.00011000275
0.00011001651
0.00011003482
0.00011005528
0.00011007905
0.00011010688
0.00011013924
0.00011017653
0.00011021904
0.00011026682
0.00011031958
0.00011037643
0.00011043566
0.00011049434
0.00011054793
0.00011058974
0.00011061034
0.00011059696
0.00011053298
0.0001103976
0.00011016602
0.00010981012
0.00010930005
0.00010860656
0.00010770404
0.00010657387
0.00010520765
0.00010360967
0.00010179815
9.9804902e-05
9.7673149e-05
9.5453959e-05
9.3201209e-05
9.0965805e-05
8.8789061e-05
8.6695287e-05
8.4689461e-05
8.2669441e-05
8.0899409e-05
0.00014177551
0.00014175999
0.0001417391
0.000141715
0.00014168569
0.00014164929
0.00014160377
0.00014154651
0.00014147415
0.00014138241
0.00014126585
0.00014111767
0.00014092935
0.00014069039
0.00014038789
0.00014000634
0.00013952727
0.00013892923
0.00013818793
0.00013727677
0.00013616789
0.00013483382
0.00013324976
0.00013139643
0.00012926319
0.000126851
0.00012417454
0.00012126312
0.00011815973
0.00011491845
0.00011160032
0.00010826818
0.00010498098
0.00010178798
9.8722608e-05
9.5795901e-05
9.298895e-05
9.0252974e-05
8.7642465e-05
0.00017377145
0.00017372493
0.00017366253
0.00017359127
0.00017350583
0.00017340156
0.00017327382
0.00017311689
0.00017292363
0.00017268526
0.00017239109
0.00017202825
0.00017158135
0.00017103217
0.00017035948
0.00016953891
0.00016854304
0.0001673418
0.00016590329
0.00016419512
0.00016218642
0.00015985046
0.00015716786
0.00015413003
0.00015074235
0.00014702651
0.00014302139
0.00013878195
0.00013437612
0.00012987989
0.00012537123
0.00012092362
0.00011659979
0.00011244629
0.00010848837
0.00010472792
0.00010114782
9.7687936e-05
9.4221532e-05
0.0002053707
0.00020529247
0.0002051876
0.00020506808
0.00020492523
0.00020475156
0.00020453978
0.000204281
0.00020396425
0.00020357619
0.00020310081
0.00020251908
0.00020180864
0.00020094353
0.00019989408
0.00019862707
0.00019710618
0.00019529289
0.00019314802
0.00019063393
0.00018771745
0.00018437345
0.00018058879
0.00017636629
0.00017172782
0.000166716
0.00016139377
0.00015584138
0.000150151
0.00014441951
0.00013874061
0.00013319703
0.00012785396
0.000122754
0.00011791312
0.00011332095
0.00010894309
0.0001047227
0.00010060819
0.00023582014
0.00023571038
0.0002355633
0.00023539584
0.00023519596
0.00023495338
0.0002346582
0.00023429842
0.00023385929
0.000233323
0.00023266833
0.00023187026
0.00023089962
0.00022972292
0.00022830234
0.00022659613
0.00022455941
0.0002221456
0.00021930865
0.00021600601
0.00021220254
0.00020787497
0.00020301666
0.00019764194
0.00019178914
0.00018552162
0.00017892583
0.00017210644
0.00016517869
0.00015825905
0.00015145547
0.00014485854
0.00013853475
0.00013252205
0.00012682723
0.00012142819
0.00011627794
0.0001113224
0.00010650936
0.00026441582
0.00026427573
0.00026408804
0.00026387446
0.00026361973
0.0002633109
0.00026293556
0.00026247874
0.00026192208
0.00026124351
0.00026041683
0.00025941131
0.00025819132
0.00025671622
0.00025494047
0.00025281426
0.00025028468
0.00024729765
0.00024380078
0.00023974718
0.0002351002
0.00022983873
0.0002239627
0.00021749768
0.00021049792
0.00020304648
0.00019525205
0.00018724216
0.0001791534
0.00017112008
0.00016326278
0.00015567862
0.00014843444
0.00014156318
0.00013506311
0.00012890137
0.00012302214
0.00011737046
0.00011188757
0.00029045008
0.00029028181
0.0002900564
0.00028979999
0.00028949433
0.00028912399
0.00028867425
0.0002881274
0.00028746175
0.0002866513
0.00028566528
0.00028446771
0.00028301702
0.00028126603
0.00027916216
0.00027664824
0.00027366409
0.00027014883
0.00026604441
0.00026130011
0.00025587808
0.00024975945
0.00024295037
0.00023548703
0.00022743841
0.00021890577
0.00021001815
0.00020092383
0.00019177861
0.00018273257
0.00017391726
0.00016543504
0.00015735245
0.00014969742
0.00014246035
0.00013559906
0.00012905085
0.00012276058
0.00011666493
0.00031327484
0.00031308148
0.00031282248
0.00031252792
0.00031217691
0.00031175182
0.00031123586
0.0003106089
0.0003098463
0.00030891857
0.0003077909
0.00030642266
0.00030476705
0.00030277109
0.000300376
0.00029751819
0.00029413105
0.00029014783
0.00028550559
0.0002801504
0.00027404353
0.0002671683
0.00025953656
0.00025119402
0.00024222276
0.00023274015
0.00022289307
0.00021284788
0.000202777
0.00019284402
0.00018318964
0.00017392037
0.00016510204
0.0001567579
0.00014887136
0.00014139267
0.0001342535
0.00012739985
0.00012076472
0.00033229687
0.00033208233
0.00033179497
0.00033146822
0.00033107894
0.00033060765
0.00033003584
0.00032934134
0.00032849702
0.00032747048
0.00032622352
0.0003247116
0.00032288356
0.00032068159
0.00031804172
0.00031489498
0.00031116947
0.00030679354
0.0003017002
0.00029583289
0.00028915225
0.00028164348
0.00027332336
0.00026424563
0.00025450347
0.00024422774
0.00023358022
0.00022274232
0.0002119001
0.00020122822
0.00019087471
0.00018094927
0.00017151682
0.00016259657
0.00015416601
0.00014616961
0.00013853465
0.00013120898
0.00012412234
0.0003470349
0.00034680412
0.000346495
0.0003461435
0.00034572473
0.00034521769
0.00034460244
0.00034385509
0.00034294654
0.00034184222
0.00034050141
0.00033887658
0.00033691317
0.00033454961
0.00033171791
0.00032834496
0.00032435477
0.00031967194
0.00031422644
0.00030795978
0.00030083219
0.00029283047
0.00028397527
0.00027432666
0.00026398641
0.00025309582
0.00024182819
0.00023037645
0.00021893717
0.00020769337
0.00019679864
0.00018636498
0.00017645644
0.00016708898
0.0001582355
0.00014983626
0.0001418155
0.00013412301
0.00012668576
0.00035705814
0.00035681645
0.00035649279
0.00035612492
0.00035568677
0.00035515637
0.00035451281
0.00035373083
0.00035277956
0.0003516229
0.00035021881
0.00034851783
0.00034646297
0.00034399008
0.00034102844
0.00033750208
0.00033333219
0.00032844079
0.00032275573
0.00031621713
0.00030878497
0.00030044711
0.0002912269
0.00028118877
0.00027044044
0.00025913036
0.00024743971
0.0002355693
0.00022372284
0.00021208903
0.00020082518
0.00019004478
0.00017981122
0.00017013813
0.00016099531
0.00015232026
0.00014403543
0.00013609221
0.00012841536
0.00036219666
0.0003620396
0.00036178107
0.00036146226
0.00036105886
0.00036054192
0.00035986796
0.00035898263
0.0003578759
0.00035659694
0.00035513834
0.00035340421
0.00035130521
0.00034877643
0.00034574821
0.0003421435
0.00033788193
0.00033288417
0.00032707702
0.00032039996
0.00031281284
0.00030430411
0.00029489848
0.0002846626
0.00027370714
0.00026218418
0.00025027889
0.0002381961
0.00022614317
0.00021431167
0.00020286073
0.00019190449
0.00018150598
0.00017167759
0.00016238757
0.00015357219
0.00014515316
0.00013708275
0.00012928415
-4.2388438e-06
1.8315852e-06
3.6117534e-06
7.0374513e-06
8.9062589e-06
1.1021992e-05
1.2666953e-05
1.422572e-05
1.5608244e-05
1.6863662e-05
1.8063193e-05
1.906367e-05
2.0225746e-05
2.0846786e-05
2.2225217e-05
-4.2086751e-06
1.9512887e-06
3.6715143e-06
7.0885241e-06
8.9517014e-06
1.1057542e-05
1.2700555e-05
1.4255243e-05
1.5636262e-05
1.6890074e-05
1.8088845e-05
1.9088095e-05
2.0251485e-05
2.0865451e-05
2.2261152e-05
-4.1541318e-06
2.2148378e-06
3.8074608e-06
7.2227674e-06
9.0694544e-06
1.1158805e-05
1.2794814e-05
1.4340065e-05
1.5714926e-05
1.69627e-05
1.8156516e-05
1.914997e-05
2.0312582e-05
2.0908137e-05
2.2337397e-05
-4.0683637e-06
2.6339471e-06
4.0278213e-06
7.4482537e-06
9.2654822e-06
1.1331596e-05
1.2954269e-05
1.4484175e-05
1.5847716e-05
1.708449e-05
1.8268753e-05
1.925115e-05
2.0410952e-05
2.0975454e-05
2.2455526e-05
-3.9460029e-06
3.2102539e-06
4.3356636e-06
7.7655483e-06
9.5404312e-06
1.1575776e-05
1.3178533e-05
1.468701e-05
1.6033928e-05
1.725469e-05
1.8424892e-05
1.9390989e-05
2.0546133e-05
2.1067164e-05
2.2615268e-05
-3.7777527e-06
3.9434183e-06
4.7342397e-06
8.1754965e-06
9.8957696e-06
1.1892098e-05
1.3468131e-05
1.4948931e-05
1.6273749e-05
1.7473376e-05
1.8624953e-05
1.956948e-05
2.0717961e-05
2.1183568e-05
2.2815912e-05
-3.5485872e-06
4.8359235e-06
5.2265145e-06
8.6789212e-06
1.0333533e-05
1.2281797e-05
1.3824003e-05
1.5270669e-05
1.6567696e-05
1.7740904e-05
1.8869146e-05
1.9786787e-05
2.0926272e-05
2.1325193e-05
2.30564e-05
-3.2538657e-06
5.8976032e-06
5.8192345e-06
9.2761072e-06
1.0855666e-05
1.2745953e-05
1.4246897e-05
1.5652756e-05
1.6916086e-05
1.8057437e-05
1.915747e-05
2.0042911e-05
2.1170648e-05
2.1492679e-05
2.333646e-05
-2.9187948e-06
7.0952619e-06
6.5478027e-06
9.969093e-06
1.1463807e-05
1.3285438e-05
1.4737336e-05
1.6095498e-05
1.7319013e-05
1.8422927e-05
1.9489708e-05
2.0337672e-05
2.1450395e-05
2.168635e-05
2.3654434e-05
-2.5182955e-06
8.4178837e-06
7.4363246e-06
1.0757232e-05
1.2158723e-05
1.3900885e-05
1.5295672e-05
1.6599041e-05
1.7776421e-05
1.8837181e-05
1.9865486e-05
2.0670767e-05
2.1764615e-05
2.1906628e-05
2.4006777e-05
-1.9312407e-06
9.9180565e-06
8.4218116e-06
1.1651213e-05
1.2942234e-05
1.4592794e-05
1.592215e-05
1.7163434e-05
1.8288158e-05
1.9299915e-05
2.0284331e-05
2.1041816e-05
2.2112272e-05
2.215406e-05
2.4390295e-05
-1.1229061e-06
1.1570841e-05
9.4894706e-06
1.2638393e-05
1.3814486e-05
1.5361576e-05
1.6616969e-05
1.77887e-05
1.8854043e-05
1.9810817e-05
2.0745731e-05
2.1450421e-05
2.2492252e-05
2.2429297e-05
2.4801354e-05
-1.2090393e-07
1.330461e-05
1.0692484e-05
1.3720556e-05
1.4776455e-05
1.6207845e-05
1.7380406e-05
1.8474919e-05
1.9473939e-05
2.0369612e-05
2.12492e-05
2.1896218e-05
2.2903431e-05
2.2733124e-05
2.5235794e-05
1.1229005e-06
1.5152965e-05
1.2043468e-05
1.490029e-05
1.5829812e-05
1.7132543e-05
1.8212901e-05
1.9222286e-05
2.0147805e-05
2.0976111e-05
2.1794321e-05
2.2378933e-05
2.3344723e-05
2.3066503e-05
2.5689033e-05
2.6629518e-06
1.7108689e-05
1.3549367e-05
1.6179953e-05
1.6976401e-05
1.8136912e-05
1.9115083e-05
2.0031138e-05
2.0875715e-05
2.1630227e-05
2.2380771e-05
2.2898397e-05
2.3815115e-05
2.3430588e-05
2.6156157e-05
4.5557281e-06
1.915602e-05
1.5218267e-05
1.7562464e-05
1.8218111e-05
1.9222411e-05
2.0087707e-05
2.0901888e-05
2.1657799e-05
2.2331929e-05
2.3008279e-05
2.3454523e-05
2.4313649e-05
2.3826695e-05
2.6631993e-05
6.8620737e-06
2.1280504e-05
1.7058705e-05
1.9051465e-05
1.9556785e-05
2.0390579e-05
2.113152e-05
2.1834898e-05
2.2494129e-05
2.3081129e-05
2.3676529e-05
2.4047219e-05
2.4839368e-05
2.4256221e-05
2.7111198e-05
9.6494518e-06
2.3472161e-05
1.9079324e-05
2.0652299e-05
2.0994644e-05
2.1643232e-05
2.2247338e-05
2.2830452e-05
2.3384634e-05
2.3877574e-05
2.4385051e-05
2.4676264e-05
2.5391221e-05
2.4720505e-05
2.7588359e-05
1.2990135e-05
2.5730844e-05
2.1289765e-05
2.237365e-05
2.2535029e-05
2.2982777e-05
2.3436155e-05
2.3888735e-05
2.4329013e-05
2.4720716e-05
2.5133073e-05
2.5341141e-05
2.5967945e-05
2.522065e-05
2.8058105e-05
1.6921097e-05
2.8046525e-05
2.3684679e-05
2.4217907e-05
2.41755e-05
2.4407279e-05
2.469572e-05
2.5007447e-05
2.5325078e-05
2.5608573e-05
2.591877e-05
2.6040526e-05
2.6567765e-05
2.5757279e-05
2.8515183e-05
2.1375563e-05
3.0330164e-05
2.6192089e-05
2.6148927e-05
2.5886697e-05
2.5896337e-05
2.6011186e-05
2.6175548e-05
2.6364574e-05
2.6534936e-05
2.6737422e-05
2.677104e-05
2.718763e-05
2.6330044e-05
2.8954138e-05
2.651221e-05
3.2589362e-05
2.8777992e-05
2.8166722e-05
2.7665774e-05
2.7447924e-05
2.7380275e-05
2.7390103e-05
2.74441e-05
2.7496068e-05
2.7585226e-05
2.7528843e-05
2.7823748e-05
2.6936916e-05
2.9369132e-05
3.40127e-05
3.5954817e-05
3.213031e-05
3.076266e-05
2.9841949e-05
2.9280557e-05
2.8947188e-05
2.8745028e-05
2.8623454e-05
2.8528268e-05
2.84827e-05
2.8323221e-05
2.8479592e-05
2.757549e-05
2.9759537e-05
4.5679213e-05
4.2122531e-05
3.7244141e-05
3.4597399e-05
3.2833927e-05
3.1651328e-05
3.0870864e-05
3.0339898e-05
2.9965562e-05
2.9671721e-05
2.9455641e-05
2.9171797e-05
2.9168379e-05
2.8250596e-05
3.0142428e-05
2.2404939e-05
2.3770304e-05
2.3725245e-05
2.4263426e-05
2.403343e-05
2.383306e-05
2.3043788e-05
2.2166724e-05
2.0436066e-05
1.8922485e-05
1.5649698e-05
1.3972307e-05
7.9790505e-06
8.422744e-06
-3.3228655e-06
2.2406654e-05
2.3788879e-05
2.3735463e-05
2.4270772e-05
2.4039997e-05
2.3837099e-05
2.3047892e-05
2.2168708e-05
2.0438314e-05
1.8923033e-05
1.5651047e-05
1.3970779e-05
7.9794069e-06
8.409552e-06
-3.3097619e-06
2.2410182e-05
2.3828475e-05
2.3756352e-05
2.4286742e-05
2.4053303e-05
2.3845777e-05
2.3054612e-05
2.217301e-05
2.0441831e-05
1.8923489e-05
1.565258e-05
1.3968488e-05
7.9804693e-06
8.3839774e-06
-3.2980483e-06
2.2415769e-05
2.3890412e-05
2.3788405e-05
2.4311585e-05
2.4073858e-05
2.3859312e-05
2.3065582e-05
2.2179731e-05
2.0447554e-05
1.8924897e-05
1.5655211e-05
1.3965126e-05
7.9820168e-06
8.3502018e-06
-3.2941815e-06
2.2423003e-05
2.397538e-05
2.3832285e-05
2.4345718e-05
2.4101991e-05
2.3877899e-05
2.308076e-05
2.2188889e-05
2.0455374e-05
1.8927027e-05
1.5658879e-05
1.3960703e-05
7.9841923e-06
8.3112507e-06
-3.2947782e-06
2.2431783e-05
2.408363e-05
2.3888643e-05
2.4389389e-05
2.4137961e-05
2.3901697e-05
2.310012e-05
2.2200533e-05
2.0465243e-05
1.8929713e-05
1.5663557e-05
1.3955215e-05
7.9871389e-06
8.2700659e-06
-3.295803e-06
2.2444405e-05
2.4215079e-05
2.3958104e-05
2.4442674e-05
2.4181948e-05
2.3930812e-05
2.31237e-05
2.2214696e-05
2.0477178e-05
1.893291e-05
1.5669287e-05
1.3948637e-05
7.9910133e-06
8.2296311e-06
-3.2934463e-06
2.246218e-05
2.436881e-05
2.4041249e-05
2.4505487e-05
2.4234035e-05
2.3965268e-05
2.31515e-05
2.2231354e-05
2.0491169e-05
1.8936566e-05
1.5676111e-05
1.3940938e-05
7.9959869e-06
8.1932444e-06
-3.2836409e-06
2.2483983e-05
2.4543456e-05
2.4138407e-05
2.4577575e-05
2.4294195e-05
2.4005e-05
2.3183447e-05
2.2250421e-05
2.0507152e-05
1.8940596e-05
1.5684059e-05
1.3932064e-05
8.0022388e-06
8.1644315e-06
-3.2655626e-06
2.251079e-05
2.473763e-05
2.4249955e-05
2.4658542e-05
2.4362286e-05
2.4049858e-05
2.3219393e-05
2.2271752e-05
2.052502e-05
1.894488e-05
1.5693142e-05
1.3921944e-05
8.0099454e-06
8.1438755e-06
-3.2475154e-06
2.2545464e-05
2.4949331e-05
2.4376203e-05
2.4747865e-05
2.4438046e-05
2.4099611e-05
2.3259112e-05
2.2295146e-05
2.0544619e-05
1.8949266e-05
1.570335e-05
1.3910479e-05
8.0192813e-06
8.1256817e-06
-3.2386441e-06
2.2590525e-05
2.5176086e-05
2.4517354e-05
2.484493e-05
2.4521097e-05
2.4153951e-05
2.3302302e-05
2.2320345e-05
2.0565748e-05
1.8953571e-05
1.5714653e-05
1.389755e-05
8.0304432e-06
8.1045401e-06
-3.2354111e-06
2.2649069e-05
2.5415125e-05
2.4673483e-05
2.4949077e-05
2.4610949e-05
2.4212506e-05
2.3348592e-05
2.2347041e-05
2.058816e-05
1.8957577e-05
1.5726998e-05
1.3883022e-05
8.0436543e-06
8.0801325e-06
-3.2333447e-06
2.2725093e-05
2.5663488e-05
2.4844516e-05
2.5059664e-05
2.470702e-05
2.4274858e-05
2.339755e-05
2.2374877e-05
2.0611564e-05
1.8961041e-05
1.5740313e-05
1.3866742e-05
8.0591627e-06
8.0526174e-06
-3.2328202e-06
2.2823513e-05
2.5918147e-05
2.5030211e-05
2.5176133e-05
2.4808661e-05
2.4340571e-05
2.3448704e-05
2.2403465e-05
2.0635632e-05
1.8963694e-05
1.5754505e-05
1.3848549e-05
8.0772528e-06
8.0218293e-06
-3.2304243e-06
2.2950121e-05
2.6176162e-05
2.5230121e-05
2.5298086e-05
2.4915184e-05
2.4409211e-05
2.3501561e-05
2.2432396e-05
2.0660012e-05
1.8965252e-05
1.5769469e-05
1.3828273e-05
8.098229e-06
7.9874261e-06
-3.2230719e-06
2.3111446e-05
2.6434851e-05
2.5443577e-05
2.5425347e-05
2.5025911e-05
2.4480388e-05
2.3555641e-05
2.2461264e-05
2.0684339e-05
1.8965429e-05
1.5785086e-05
1.3805741e-05
8.1224165e-06
7.949026e-06
-3.2100017e-06
2.3314478e-05
2.6691949e-05
2.5669659e-05
2.555802e-05
2.514022e-05
2.4553784e-05
2.3610506e-05
2.248969e-05
2.0708257e-05
1.8963945e-05
1.5801242e-05
1.3780785e-05
8.1501613e-06
7.9062138e-06
-3.1904774e-06
2.3566273e-05
2.6945754e-05
2.5907195e-05
2.5696522e-05
2.5257597e-05
2.4629198e-05
2.3665809e-05
2.2517354e-05
2.0731442e-05
1.8960555e-05
1.5817826e-05
1.3753254e-05
8.1818301e-06
7.8585449e-06
-3.1635042e-06
2.3873507e-05
2.7195204e-05
2.6154786e-05
2.5841591e-05
2.5377694e-05
2.4706575e-05
2.3721336e-05
2.2544027e-05
2.0753634e-05
1.895506e-05
1.5834756e-05
1.3723013e-05
8.2178212e-06
7.805594e-06
-3.127812e-06
2.4242004e-05
2.7439719e-05
2.6410774e-05
2.59942e-05
2.5500302e-05
2.4785982e-05
2.3777e-05
2.2569564e-05
2.0774635e-05
1.8947305e-05
1.5852001e-05
1.3689944e-05
8.2586342e-06
7.7469279e-06
-3.0816201e-06
2.4675213e-05
2.7678766e-05
2.6672867e-05
2.6155254e-05
2.5625183e-05
2.4867455e-05
2.3832755e-05
2.2593834e-05
2.0794266e-05
1.8937165e-05
1.5869575e-05
1.3654008e-05
8.3049349e-06
7.6814696e-06
-3.0224713e-06
2.5169253e-05
2.7913625e-05
2.6938029e-05
2.6325659e-05
2.5752444e-05
2.4951322e-05
2.3888868e-05
2.261705e-05
2.0812516e-05
1.8924854e-05
1.5887417e-05
1.3615598e-05
8.3568733e-06
7.6062998e-06
-2.9500002e-06
2.5716315e-05
2.8157352e-05
2.7208007e-05
2.6509972e-05
2.5886121e-05
2.5041141e-05
2.3948255e-05
2.2641756e-05
2.083091e-05
1.8912084e-05
1.5905391e-05
1.3575664e-05
8.4118758e-06
7.5255642e-06
-2.8727813e-06
4.7176754e-05
5.1408753e-05
5.3108109e-05
5.278509e-05
5.0628564e-05
4.7404832e-05
4.3577732e-05
3.9540726e-05
3.7269993e-05
5.7968253e-05
5.9117833e-05
5.8546701e-05
5.6591012e-05
5.3316057e-05
4.9413662e-05
4.5199987e-05
4.108528e-05
3.8854877e-05
6.5289276e-05
6.4894073e-05
6.3065558e-05
5.9968939e-05
5.586305e-05
5.1347472e-05
4.675016e-05
4.2521986e-05
4.0513851e-05
7.1791091e-05
7.0368318e-05
6.7369053e-05
6.3241116e-05
5.8329523e-05
5.3202501e-05
4.8223955e-05
4.3884841e-05
4.1994196e-05
7.8261196e-05
7.5791151e-05
7.1566384e-05
6.6436149e-05
6.0703757e-05
5.4967977e-05
4.9616253e-05
4.516266e-05
4.3388991e-05
8.4624617e-05
8.0929873e-05
7.5640277e-05
6.9509481e-05
6.2961122e-05
5.6633598e-05
5.0926437e-05
4.6360204e-05
4.466936e-05
9.0579665e-05
8.585048e-05
7.9520742e-05
7.2418337e-05
6.5079171e-05
5.8188581e-05
5.2141628e-05
4.747046e-05
4.5840205e-05
9.6173055e-05
9.04736e-05
8.3155334e-05
7.5128401e-05
6.7038822e-05
5.9620247e-05
5.3234071e-05
4.8462664e-05
4.6902035e-05
0.00010134311
9.4738112e-05
8.6499464e-05
7.7609926e-05
6.8823036e-05
6.0914761e-05
5.4203395e-05
4.9341534e-05
4.7890169e-05
0.00010602719
9.8592303e-05
8.9513426e-05
7.9836822e-05
7.0417024e-05
6.2064799e-05
5.5078235e-05
5.0140558e-05
4.8775349e-05
0.00011016417
0.00010198876
9.2162009e-05
8.1786452e-05
7.1808167e-05
6.3066302e-05
5.5857362e-05
5.0850538e-05
4.9523485e-05
0.00011369913
0.00010488525
9.4414834e-05
8.3439525e-05
7.2985178e-05
6.3913297e-05
5.6520277e-05
5.1454654e-05
5.0138916e-05
0.00011658483
0.00010724581
9.6246626e-05
8.4780156e-05
7.3938204e-05
6.4599193e-05
5.7056347e-05
5.1937617e-05
5.0625572e-05
0.00011878265
0.00010904124
9.7637237e-05
8.5795812e-05
7.4659457e-05
6.5118392e-05
5.7459785e-05
5.2297752e-05
5.0991904e-05
0.00012026285
0.00011024901
9.8570986e-05
8.6476407e-05
7.5142207e-05
6.5465435e-05
5.772716e-05
5.2543143e-05
5.1235795e-05
0.00012100494
0.00011085339
9.9036693e-05
8.6814319e-05
7.538073e-05
6.5635673e-05
5.7856473e-05
5.2666108e-05
5.1354436e-05
4.6200428e-05
3.9696185e-05
3.596653e-05
3.4313705e-05
3.3142272e-05
3.2264404e-05
3.1636947e-05
3.1170692e-05
3.0803326e-05
3.0486794e-05
3.0214545e-05
2.9893971e-05
2.9766716e-05
2.8902813e-05
3.0450909e-05
5.2479951e-05
4.4947867e-05
4.0845204e-05
3.8624028e-05
3.673072e-05
3.5186013e-05
3.4026875e-05
3.3140441e-05
3.2431032e-05
3.1837954e-05
3.1327364e-05
3.0845972e-05
3.0473739e-05
2.9714237e-05
3.059268e-05
5.2338825e-05
4.6055391e-05
4.253865e-05
4.0551343e-05
3.8789301e-05
3.7260176e-05
3.6022379e-05
3.4992929e-05
3.4102368e-05
3.3316288e-05
3.2612663e-05
3.1967344e-05
3.1365714e-05
3.0671007e-05
3.0745183e-05
5.1260712e-05
4.7366158e-05
4.4844839e-05
4.3114492e-05
4.1464453e-05
3.9911325e-05
3.8530289e-05
3.7298114e-05
3.6181282e-05
3.5161848e-05
3.4226333e-05
3.3358442e-05
3.2531033e-05
3.1724304e-05
3.1146109e-05
4.921629e-05
4.700323e-05
4.5284227e-05
4.3910614e-05
4.2571982e-05
4.1267882e-05
4.0039358e-05
3.8881831e-05
3.7779021e-05
3.6720885e-05
3.5697241e-05
3.470564e-05
3.375868e-05
3.2821586e-05
3.1846592e-05
4.6292849e-05
4.5055367e-05
4.4017742e-05
4.3126579e-05
4.2220529e-05
4.1290564e-05
4.0357562e-05
3.9422594e-05
3.8480071e-05
3.7526315e-05
3.6557991e-05
3.557084e-05
3.4566452e-05
3.353429e-05
3.2460402e-05
4.2678108e-05
4.1989906e-05
4.1415862e-05
4.0896796e-05
4.0336503e-05
3.9733209e-05
3.9100348e-05
3.843817e-05
3.7742792e-05
3.7011634e-05
3.6242661e-05
3.5433459e-05
3.4580717e-05
3.3680601e-05
3.2725969e-05
3.8716272e-05
3.8377841e-05
3.8067908e-05
3.7751484e-05
3.7395955e-05
3.7015031e-05
3.6612313e-05
3.6177131e-05
3.5704819e-05
3.519389e-05
3.4642047e-05
3.4046054e-05
3.3402282e-05
3.2706701e-05
3.1953038e-05
3.5971415e-05
3.5599008e-05
3.5400626e-05
3.5230363e-05
3.5019794e-05
3.4775106e-05
3.4503372e-05
3.420253e-05
3.3868881e-05
3.3499431e-05
3.3091241e-05
3.2640968e-05
3.214487e-05
3.1599808e-05
3.1004654e-05
2.6312365e-05
2.8378159e-05
2.7464659e-05
2.6692544e-05
2.6015772e-05
2.5131212e-05
2.4008335e-05
2.2668527e-05
2.0850514e-05
1.8901982e-05
1.5922588e-05
1.3537321e-05
8.461461e-06
7.449442e-06
-2.7986799e-06
2.7239402e-05
2.8502662e-05
2.7760875e-05
2.6899526e-05
2.6153357e-05
2.5228435e-05
2.4072791e-05
2.2692362e-05
2.087087e-05
1.8882583e-05
1.5948749e-05
1.3482349e-05
8.545864e-06
7.3349863e-06
-2.6345132e-06
2.8415265e-05
2.8706827e-05
2.8106261e-05
2.7177498e-05
2.6323315e-05
2.5341438e-05
2.4141195e-05
2.2701321e-05
2.0878463e-05
1.8835118e-05
1.5985051e-05
1.3391561e-05
8.7149255e-06
7.1322984e-06
-2.2559199e-06
2.957134e-05
2.9164457e-05
2.8508059e-05
2.7555901e-05
2.6575758e-05
2.5504342e-05
2.4235808e-05
2.2712928e-05
2.087602e-05
1.8770869e-05
1.6029167e-05
1.3281636e-05
8.978315e-06
6.8353533e-06
-1.6150698e-06
3.062568e-05
2.9844114e-05
2.9034156e-05
2.8068194e-05
2.6997049e-05
2.5810587e-05
2.4433883e-05
2.2811525e-05
2.0911175e-05
1.8738019e-05
1.6095482e-05
1.3224074e-05
9.3247036e-06
6.5326699e-06
-6.8769838e-07
3.1446812e-05
3.0535111e-05
2.9545551e-05
2.84946e-05
2.7357779e-05
2.60465e-05
2.4546252e-05
2.2879761e-05
2.0973126e-05
1.8791418e-05
1.6252308e-05
1.3385487e-05
9.8345425e-06
6.4740853e-06
5.6884137e-07
3.1850857e-05
3.1000256e-05
3.0039228e-05
2.895594e-05
2.7735993e-05
2.6363069e-05
2.482068e-05
2.3076095e-05
2.108269e-05
1.8763212e-05
1.6186389e-05
1.3387344e-05
1.010952e-05
6.4233454e-06
1.9848327e-06
3.1240625e-05
3.0527392e-05
2.9707859e-05
2.8761832e-05
2.7671315e-05
2.6417656e-05
2.4977283e-05
2.3321885e-05
2.1419156e-05
1.9229353e-05
1.6713399e-05
1.3805137e-05
1.0476793e-05
6.436091e-06
2.8425885e-06
3.0386579e-05
2.9748763e-05
2.9055912e-05
2.8253453e-05
2.7307707e-05
2.6200953e-05
2.4911241e-05
2.3409242e-05
2.1660356e-05
1.9624908e-05
1.7256979e-05
1.4507473e-05
1.1314696e-05
7.6043107e-06
3.6598701e-06
-0.00010793081
-0.00010789275
-0.00010784158
-0.00010778309
-0.00010771294
-0.00010762738
-0.00010752264
-0.00010739409
-0.00010723587
-0.00010704068
-0.00010679948
-0.0001065011
-0.00010613186
-0.00010567503
-0.00010511034
-0.00010441349
-0.00010355569
-0.00010250346
-0.00010121867
-9.96591e-05
-9.7779806e-05
-9.5535268e-05
-9.2882656e-05
-8.978602e-05
-8.6221016e-05
-8.2179464e-05
-7.7672751e-05
-7.2733123e-05
-6.7412236e-05
-6.1777242e-05
-5.5903716e-05
-4.9874138e-05
-4.3751171e-05
-3.7647225e-05
-3.1489964e-05
-2.567057e-05
-1.927903e-05
-1.4667635e-05
-6.8927313e-06
-0.00010800103
-0.00010796251
-0.00010791077
-0.00010785163
-0.00010778071
-0.00010769419
-0.00010758828
-0.00010745828
-0.00010729827
-0.00010710085
-0.00010685688
-0.00010655509
-0.00010618165
-0.00010571966
-0.00010514871
-0.0001044443
-0.00010357749
-0.00010251464
-0.00010121751
-9.9643836e-05
-9.7748704e-05
-9.5486749e-05
-9.2815429e-05
-8.9699223e-05
-8.6114343e-05
-8.2053259e-05
-7.7528054e-05
-7.2571676e-05
-6.7236435e-05
-6.1590015e-05
-5.5708442e-05
-4.9674216e-05
-4.3550409e-05
-3.7448856e-05
-3.129906e-05
-2.548606e-05
-1.9101477e-05
-1.4533412e-05
-6.6518019e-06
-0.00010815654
-0.00010811702
-0.00010806394
-0.00010800327
-0.00010793052
-0.00010784177
-0.00010773314
-0.00010759981
-0.00010743571
-0.00010723328
-0.00010698318
-0.00010667389
-0.00010629131
-0.00010581827
-0.00010523399
-0.00010451368
-0.00010362807
-0.00010254324
-0.00010122074
-9.9618242e-05
-9.7690896e-05
-9.5393649e-05
-9.2684526e-05
-8.9528838e-05
-8.5903883e-05
-8.1803421e-05
-7.7240945e-05
-7.2250819e-05
-6.6886658e-05
-6.1217188e-05
-5.5319293e-05
-4.9275576e-05
-4.3149733e-05
-3.7053238e-05
-3.0917597e-05
-2.5118988e-05
-1.8744492e-05
-1.4270885e-05
-6.1628384e-06
-0.00010839404
-0.00010835293
-0.0001082977
-0.0001082346
-0.00010815894
-0.00010806667
-0.00010795375
-0.00010781518
-0.00010764468
-0.00010743444
-0.00010717481
-0.00010685391
-0.00010645726
-0.00010596723
-0.00010536259
-0.00010461804
-0.00010370383
-0.00010258563
-0.00010122467
-9.9578507e-05
-9.7602447e-05
-9.5251918e-05
-9.2485811e-05
-8.9270708e-05
-8.5585557e-05
-8.1426066e-05
-7.6807845e-05
-7.1767375e-05
-6.6360205e-05
-6.0656591e-05
-5.4734641e-05
-4.8677105e-05
-4.2548339e-05
-3.6460298e-05
-3.0345718e-05
-2.4570044e-05
-1.8207884e-05
-1.3881563e-05
-5.4209945e-06
-0.00010870919
-0.00010866588
-0.00010860771
-0.00010854126
-0.00010846161
-0.00010836449
-0.00010824567
-0.00010809991
-0.00010792062
-0.00010769965
-0.00010742692
-0.00010709011
-0.00010667416
-0.00010616087
-0.00010552837
-0.00010475071
-0.00010379755
-0.000102634
-0.00010122095
-9.9515814e-05
-9.7474141e-05
-9.5052025e-05
-9.2209544e-05
-8.8915006e-05
-8.5149585e-05
-8.091161e-05
-7.6219522e-05
-7.1112606e-05
-6.5648952e-05
-5.9900802e-05
-5.3947812e-05
-4.7872813e-05
-4.1740736e-05
-3.5665552e-05
-2.9579784e-05
-2.3835476e-05
-1.7489246e-05
-1.3360758e-05
-4.4246572e-06
-0.00010908796
-0.00010904183
-0.00010897989
-0.00010890915
-0.00010882439
-0.00010872107
-0.0001085947
-0.00010843974
-0.00010824922
-0.00010801455
-0.00010772513
-0.00010736802
-0.00010692751
-0.00010638464
-0.00010571676
-0.00010489712
-0.00010389461
-0.00010267371
-0.00010119485
-9.9415363e-05
-9.729111e-05
-9.477909e-05
-9.1840923e-05
-8.8447126e-05
-8.4581707e-05
-8.0246296e-05
-7.5462875e-05
-7.0274216e-05
-6.4741527e-05
-5.8939442e-05
-5.2949463e-05
-4.6854238e-05
-4.0719065e-05
-3.4662539e-05
-2.8614701e-05
-2.2909765e-05
-1.6585197e-05
-1.2700931e-05
-3.1730567e-06
-0.00010950857
-0.00010945899
-0.00010939244
-0.00010931647
-0.00010922547
-0.00010911457
-0.00010897898
-0.00010881279
-0.00010860857
-0.00010835719
-0.00010804742
-0.0001076656
-0.00010719519
-0.00010661636
-0.0001059055
-0.00010503492
-0.00010397262
-0.00010268232
-0.000101124
-9.9254882e-05
-9.7031304e-05
-9.4411401e-05
-9.1358707e-05
-8.7846458e-05
-8.3862103e-05
-7.9411264e-05
-7.452017e-05
-6.9235739e-05
-6.3622842e-05
-5.7758864e-05
-5.1727415e-05
-4.5610374e-05
-3.9473129e-05
-3.3443314e-05
-2.7445407e-05
-2.1785915e-05
-1.5491409e-05
-1.1892204e-05
-1.6643401e-06
-0.00010993785
-0.00010988421
-0.00010981221
-0.00010973005
-0.00010963167
-0.00010951182
-0.00010936535
-0.00010918591
-0.00010896554
-0.00010869446
-0.00010836072
-0.00010794981
-0.00010744425
-0.00010682316
-0.00010606186
-0.00010513157
-0.00010399927
-0.00010262787
-0.00010097681
-9.90033e-05
-9.6664273e-05
-9.3919278e-05
-9.0734159e-05
-8.7085386e-05
-8.2964477e-05
-7.8381723e-05
-7.3368295e-05
-6.7975885e-05
-6.2273528e-05
-5.634166e-05
-5.0266265e-05
-4.4127288e-05
-3.7989904e-05
-3.1998829e-05
-2.6067783e-05
-2.0454301e-05
-1.4202277e-05
-1.0923672e-05
9.163526e-08
-0.0001103303
-0.00011027197
-0.0001101937
-0.00011010442
-0.00010999755
-0.00010986741
-0.00010970843
-0.00010951376
-0.00010927484
-0.00010898116
-0.00010861993
-0.0001081757
-0.0001076299
-0.0001069605
-0.0001061416
-0.0001051432
-0.00010393117
-0.00010246753
-0.0001007112
-9.8619419e-05
-9.6149906e-05
-9.3263899e-05
-8.9929964e-05
-8.6128333e-05
-8.1855205e-05
-7.7126215e-05
-7.1978129e-05
-6.6468012e-05
-6.0669505e-05
-5.466633e-05
-4.8547105e-05
-4.238727e-05
-3.6250977e-05
-3.031572e-05
-2.4463207e-05
-1.8899621e-05
-1.2710221e-05
-9.7828073e-06
2.0529393e-06
-0.00011062562
-0.00011056202
-0.0001104767
-0.00011037941
-0.00011026299
-0.00011012129
-0.00010994825
-0.00010973648
-0.00010947673
-0.00010915771
-0.00010876569
-0.00010828416
-0.00010769337
-0.00010697001
-0.00010608686
-0.00010501261
-0.00010371192
-0.00010214589
-0.00010027293
-9.8050419e-05
-9.5437043e-05
-9.2396035e-05
-8.8899098e-05
-8.4930746e-05
-8.0492464e-05
-7.5605864e-05
-7.0313927e-05
-6.4679629e-05
-5.8781604e-05
-5.2707046e-05
-4.654731e-05
-4.0367287e-05
-3.42279e-05
-2.8364574e-05
-2.2543964e-05
-1.7108648e-05
-1.1005026e-05
-8.4491739e-06
4.2376612e-06
-0.00011074671
-0.00011067731
-0.00011058421
-0.00011047808
-0.00011035115
-0.00011019672
-0.00011000822
-0.00010977764
-0.00010949502
-0.00010914818
-0.00010872239
-0.00010819999
-0.00010755999
-0.00010677768
-0.00010582443
-0.00010466755
-0.00010327047
-0.00010159333
-9.95941e-05
-9.7230409e-05
-9.4462134e-05
-9.1254814e-05
-8.7583707e-05
-8.3438114e-05
-7.8825371e-05
-7.3773651e-05
-6.8332711e-05
-6.2571917e-05
-5.6575269e-05
-5.0433805e-05
-4.4241834e-05
-3.8043237e-05
-3.1903893e-05
-2.6118724e-05
-2.0367192e-05
-1.5125294e-05
-9.0806167e-06
-6.8962711e-06
6.6974641e-06
-0.00011059784
-0.00011052217
-0.00011042068
-0.00011030502
-0.00011016674
-0.00010999856
-0.00010979339
-0.00010954255
-0.00010923531
-0.00010885856
-0.00010839651
-0.00010783029
-0.00010713756
-0.00010629221
-0.00010526412
-0.00010401918
-0.00010251959
-0.00010072456
-9.8591725e-05
-9.6079103e-05
-9.3148001e-05
-8.9766593e-05
-8.5914092e-05
-8.1585062e-05
-7.6793199e-05
-7.1573745e-05
-6.5983703e-05
-6.0099245e-05
-5.4010209e-05
-4.7812706e-05
-4.1607363e-05
-3.5412586e-05
-2.9381695e-05
-2.3630365e-05
-1.8011564e-05
-1.2877375e-05
-6.9408091e-06
-5.1055129e-06
9.3866002e-06
-0.00011006229
-0.00010997998
-0.00010986961
-0.00010974387
-0.00010959359
-0.00010941089
-0.00010918811
-0.00010891592
-0.00010858274
-0.00010817452
-0.00010767437
-0.00010706217
-0.00010631423
-0.00010540297
-0.00010429681
-0.00010296021
-0.00010135417
-9.9437083e-05
-9.716633e-05
-9.4500543e-05
-9.1402705e-05
-8.7843948e-05
-8.3807829e-05
-7.9294593e-05
-7.4324724e-05
-6.8940931e-05
-6.3207778e-05
-5.7208488e-05
-5.1039038e-05
-4.4801962e-05
-3.8611504e-05
-3.2476346e-05
-2.6534072e-05
-2.078805e-05
-1.5366658e-05
-1.0290318e-05
-4.5413545e-06
-3.0513392e-06
1.2284946e-05
-0.00010900204
-0.00010891286
-0.00010879331
-0.00010865715
-0.00010849447
-0.00010829679
-0.00010805585
-0.00010776165
-0.00010740177
-0.00010696121
-0.00010642196
-0.00010576268
-0.00010495829
-0.00010397979
-0.00010279416
-0.00010136453
-9.9650763e-05
-9.761058e-05
-9.5201306e-05
-9.2382413e-05
-8.9118846e-05
-8.5385016e-05
-8.1169166e-05
-7.647757e-05
-7.1337808e-05
-6.5800272e-05
-5.993715e-05
-5.3838521e-05
-4.760564e-05
-4.1343037e-05
-3.5159236e-05
-2.9120659e-05
-2.3215064e-05
-1.7555089e-05
-1.2309143e-05
-7.4073366e-06
-1.869842e-06
-7.0666007e-07
1.5387789e-05
-0.0001072539
-0.0001071578
-0.00010702899
-0.00010688232
-0.00010670717
-0.00010649441
-0.00010623523
-0.00010591894
-0.00010553233
-0.00010505944
-0.0001044812
-0.00010377505
-0.00010291463
-0.0001018696
-0.00010060557
-9.9084479e-05
-9.7265234e-05
-9.5105056e-05
-9.2561445e-05
-8.9594969e-05
-8.6172818e-05
-8.2272988e-05
-7.7888712e-05
-7.3032556e-05
-6.7739383e-05
-6.2067332e-05
-5.6096113e-05
-4.9922325e-05
-4.3651927e-05
-3.73908e-05
-3.1239939e-05
-2.5271986e-05
-1.9470017e-05
-1.402625e-05
-8.9215702e-06
-4.206363e-06
1.093039e-06
1.9578697e-06
1.8690368e-05
-0.00010463544
-0.00010453259
-0.00010439475
-0.00010423785
-0.00010405053
-0.00010382309
-0.00010354618
-0.00010320846
-0.00010279594
-0.00010229179
-0.00010167593
-0.00010092468
-0.00010001051
-9.8901831e-05
-9.7563112e-05
-9.5955249e-05
-9.4036455e-05
-9.1763729e-05
-8.9095067e-05
-8.599247e-05
-8.2425715e-05
-7.8376679e-05
-7.3843815e-05
-6.8846113e-05
-6.342573e-05
-5.7648422e-05
-5.1601119e-05
-4.5386498e-05
-3.911478e-05
-3.2893655e-05
-2.6820848e-05
-2.0970234e-05
-1.5356155e-05
-1.0098197e-05
-5.1719806e-06
-6.5881354e-07
4.3708816e-06
4.9738295e-06
2.2188201e-05
-0.0001009317
-0.00010082251
-0.0001006762
-0.0001005097
-0.00010031099
-0.00010006984
-9.9776395e-05
-9.9418734e-05
-9.8982208e-05
-9.8449185e-05
-9.7798712e-05
-9.7006178e-05
-9.6043044e-05
-9.4876744e-05
-9.3470831e-05
-9.1785485e-05
-8.9778524e-05
-8.7407053e-05
-8.4629873e-05
-8.1410714e-05
-7.77222e-05
-7.3550322e-05
-6.8898909e-05
-6.3793417e-05
-5.8283175e-05
-5.2441227e-05
-4.6361199e-05
-4.0151143e-05
-3.3924739e-05
-2.7790913e-05
-2.1845195e-05
-1.6159682e-05
-1.0762718e-05
-5.7230601e-06
-1.0220991e-06
3.2640956e-06
7.9902707e-06
8.3747589e-06
2.5879707e-05
-9.5927564e-05
-9.5812794e-05
-9.5659031e-05
-9.5484084e-05
-9.5275374e-05
-9.5022195e-05
-9.4714273e-05
-9.4339204e-05
-9.3881771e-05
-9.3323693e-05
-9.2643307e-05
-9.181524e-05
-9.0810184e-05
-8.9594843e-05
-8.8132164e-05
-8.6381959e-05
-8.4302064e-05
-8.1850163e-05
-7.8986389e-05
-7.5676724e-05
-7.1897103e-05
-6.7637916e-05
-6.2908429e-05
-5.774036e-05
-5.2189747e-05
-4.6336234e-05
-4.0279251e-05
-3.413117e-05
-2.8007957e-05
-2.2018575e-05
-1.6255739e-05
-1.0787562e-05
-5.6455363e-06
-8.6971171e-07
3.5617168e-06
7.5917643e-06
1.198035e-05
1.2195689e-05
2.9768477e-05
-8.934446e-05
-8.9225158e-05
-8.9065345e-05
-8.8883566e-05
-8.8666797e-05
-8.8403976e-05
-8.8084528e-05
-8.7695711e-05
-8.722192e-05
-8.6644458e-05
-8.594123e-05
-8.5086442e-05
-8.4050416e-05
-8.2799591e-05
-8.1296823e-05
-7.9502093e-05
-7.7373772e-05
-7.487056e-05
-7.1954233e-05
-6.859319e-05
-6.4766709e-05
-6.0469543e-05
-5.5716278e-05
-5.0544657e-05
-4.5016968e-05
-3.9218684e-05
-3.3253953e-05
-2.7238124e-05
-2.1287969e-05
-1.5510972e-05
-9.9958677e-06
-4.8052438e-06
3.1805185e-08
4.4950466e-06
8.6126419e-06
1.2354004e-05
1.6371529e-05
1.6471186e-05
3.3862028e-05
-8.0991509e-05
-8.0869262e-05
-8.070553e-05
-8.0519323e-05
-8.029734e-05
-8.0028308e-05
-7.9701477e-05
-7.9303916e-05
-7.8819814e-05
-7.8230261e-05
-7.7512963e-05
-7.6641964e-05
-7.5587501e-05
-7.4316062e-05
-7.2790771e-05
-7.097221e-05
-6.8819833e-05
-6.6294072e-05
-6.3359239e-05
-5.9987161e-05
-5.6161392e-05
-5.1881639e-05
-4.7167826e-05
-4.2063063e-05
-3.6634641e-05
-3.0972231e-05
-2.5182853e-05
-1.9382906e-05
-1.368806e-05
-8.2025014e-06
-3.0095122e-06
1.8352621e-06
6.3085779e-06
1.0405995e-05
1.4163254e-05
1.7579708e-05
2.1193324e-05
2.1232065e-05
3.816312e-05
-7.0457473e-05
-7.0334092e-05
-7.0168942e-05
-6.9981057e-05
-6.9757171e-05
-6.9486015e-05
-6.9156872e-05
-6.8756885e-05
-6.8270369e-05
-6.7678622e-05
-6.6959674e-05
-6.608805e-05
-6.5034671e-05
-6.3766971e-05
-6.2249328e-05
-6.0443929e-05
-5.8312188e-05
-5.5816848e-05
-5.2924848e-05
-4.9610966e-05
-4.5862095e-05
-4.1681759e-05
-3.7094189e-05
-3.2147061e-05
-2.6911963e-05
-2.148187e-05
-1.5965391e-05
-1.0478275e-05
-5.1331344e-06
-2.8891004e-08
4.7583033e-06
9.1811797e-06
1.3224603e-05
1.6897671e-05
2.0244996e-05
2.3296389e-05
2.6474789e-05
2.6516898e-05
4.2698827e-05
-5.7800295e-05
-5.7678733e-05
-5.751664e-05
-5.7331126e-05
-5.7109975e-05
-5.6842273e-05
-5.6517469e-05
-5.6122932e-05
-5.56433e-05
-5.5060277e-05
-5.4352401e-05
-5.3494834e-05
-5.2459297e-05
-5.1214238e-05
-4.9725339e-05
-4.7956501e-05
-4.5871425e-05
-4.3435906e-05
-4.0620884e-05
-3.7406128e-05
-3.3784311e-05
-2.9764991e-05
-2.5377937e-05
-2.0675097e-05
-1.5730485e-05
-1.0637355e-05
-5.5023553e-06
-4.3703162e-07
4.4522699e-06
9.0746061e-06
1.3363018e-05
1.7280079e-05
2.0820184e-05
2.4004605e-05
2.6887942e-05
2.9528684e-05
3.2246191e-05
3.241405e-05
4.7684216e-05
-4.2127342e-05
-4.2010198e-05
-4.1854672e-05
-4.1675536e-05
-4.1461999e-05
-4.1203812e-05
-4.0890907e-05
-4.0511305e-05
-4.0050511e-05
-3.9491348e-05
-3.8813773e-05
-3.7994735e-05
-3.7008187e-05
-3.5825306e-05
-3.4415046e-05
-3.2745083e-05
-3.0783284e-05
-2.8499767e-05
-2.5869622e-05
-2.287626e-05
-1.9515273e-05
-1.5798399e-05
-1.1756965e-05
-7.4438878e-06
-2.9333252e-06
1.6826865e-06
6.3006768e-06
1.0814611e-05
1.5125925e-05
1.9153207e-05
2.2839982e-05
2.615946e-05
2.9115928e-05
3.1741255e-05
3.4099211e-05
3.6270821e-05
3.84986e-05
3.8979673e-05
5.3294902e-05
-2.457905e-05
-2.4469158e-05
-2.4324117e-05
-2.4155597e-05
-2.3954632e-05
-2.3711883e-05
-2.3417943e-05
-2.306166e-05
-2.2629591e-05
-2.2105825e-05
-2.1471822e-05
-2.0706294e-05
-1.9785235e-05
-1.8682175e-05
-1.7368765e-05
-1.5815795e-05
-1.3994773e-05
-1.1880132e-05
-9.4520923e-06
-6.7000253e-06
-3.6260321e-06
-2.4823282e-07
3.3968362e-06
7.2533632e-06
1.1247515e-05
1.5291205e-05
1.9288405e-05
2.3143465e-05
2.6770298e-05
3.0101007e-05
3.3092549e-05
3.5730465e-05
3.8029291e-05
4.0029305e-05
4.1798118e-05
4.342276e-05
4.5085107e-05
4.5791387e-05
5.7176822e-05
-2.6616803e-06
-2.5641736e-06
-2.4363945e-06
-2.2863229e-06
-2.107327e-06
-1.8914542e-06
-1.6304487e-06
-1.314599e-06
-9.3228445e-07
-4.6982988e-07
8.8603243e-08
7.6106391e-07
1.5677238e-06
2.5305828e-06
3.6728894e-06
5.018189e-06
6.5889164e-06
8.404471e-06
1.0478765e-05
1.2817333e-05
1.5414227e-05
1.8249137e-05
2.1285332e-05
2.4469139e-05
2.7731555e-05
3.0992309e-05
3.4166204e-05
3.7171026e-05
3.9935854e-05
4.2408432e-05
4.4560435e-05
4.6389885e-05
4.7920296e-05
4.9196477e-05
5.0281025e-05
5.1245546e-05
5.2210426e-05
5.2571239e-05
5.5494432e-05
2.2765314e-05
2.2848754e-05
2.2960394e-05
2.3087015e-05
2.3237381e-05
2.3418708e-05
2.3637628e-05
2.3901957e-05
2.422107e-05
2.4605913e-05
2.5069026e-05
2.5624509e-05
2.6287863e-05
2.7075636e-05
2.8004814e-05
2.9091907e-05
3.0351676e-05
3.1795483e-05
3.3429306e-05
3.5251543e-05
3.7250802e-05
3.9404004e-05
4.1675221e-05
4.4015743e-05
4.6365848e-05
4.8658544e-05
5.0825175e-05
5.2802248e-05
5.45384e-05
5.6000239e-05
5.7176073e-05
5.8076961e-05
5.8734695e-05
5.9196844e-05
5.952068e-05
5.9763043e-05
5.9998417e-05
5.9879182e-05
6.067301e-05
4.9784556e-05
4.9848645e-05
4.9934362e-05
5.0031507e-05
5.0146674e-05
5.0285244e-05
5.0452083e-05
5.0652871e-05
5.0894366e-05
5.1184375e-05
5.1531723e-05
5.1946178e-05
5.2438258e-05
5.3018875e-05
5.3698773e-05
5.448771e-05
5.5393334e-05
5.6419766e-05
5.756592e-05
5.8823715e-05
6.0176436e-05
6.1597622e-05
6.305089e-05
6.4491065e-05
6.5866774e-05
6.7124434e-05
6.8213283e-05
6.9090839e-05
6.9727957e-05
7.0112571e-05
7.0251467e-05
7.016974e-05
6.9907675e-05
6.9515354e-05
6.9045809e-05
6.8544549e-05
6.8056803e-05
6.7406881e-05
6.7278645e-05
7.9244226e-05
7.9284873e-05
7.93392e-05
7.9400584e-05
7.9473077e-05
7.9559883e-05
7.9663769e-05
7.9787885e-05
7.993588e-05
8.0111824e-05
8.0320107e-05
8.056529e-05
8.0851866e-05
8.1183885e-05
8.1564454e-05
8.1995055e-05
8.2474715e-05
8.2999042e-05
8.3559197e-05
8.4140934e-05
8.4723867e-05
8.5281208e-05
8.5780249e-05
8.6183846e-05
8.6453053e-05
8.6550811e-05
8.6446269e-05
8.6119051e-05
8.5562666e-05
8.4786326e-05
8.3814821e-05
8.2686401e-05
8.1448606e-05
8.015259e-05
7.88462e-05
7.7564636e-05
7.6332613e-05
7.5042861e-05
7.4074594e-05
0.00010998889
0.00011000265
0.00011002096
0.00011004143
0.0001100652
0.00011009305
0.00011012542
0.00011016273
0.00011020526
0.00011025308
0.00011030588
0.00011036279
0.00011042208
0.00011048085
0.00011053457
0.00011057653
0.00011059731
0.00011058416
0.00011052046
0.00011038542
0.00011015423
0.00010979879
0.00010928925
0.00010859635
0.00010769449
0.00010656504
0.00010519958
0.00010360241
0.00010179175
9.9799379e-05
9.7668531e-05
9.5450261e-05
9.3198434e-05
9.0963948e-05
8.8788103e-05
8.6695181e-05
8.4690103e-05
8.2670876e-05
8.0901431e-05
0.00014176179
0.00014174628
0.0001417254
0.0001417013
0.000141672
0.00014163561
0.00014159009
0.00014153285
0.00014146052
0.00014136881
0.00014125229
0.00014110417
0.00014091593
0.00014067705
0.00014037468
0.00013999327
0.00013951439
0.00013891658
0.00013817556
0.00013726474
0.00013615626
0.00013482264
0.00013323911
0.00013138636
0.00012925378
0.0001268423
0.0001241666
0.00012125598
0.00011815343
0.00011491302
0.00011159577
0.00010826454
0.00010497825
0.00010178616
9.8721675e-05
9.579582e-05
9.2989643e-05
9.0254406e-05
8.7644371e-05
0.00017375809
0.00017371158
0.00017364919
0.00017357792
0.00017349249
0.00017338824
0.00017326051
0.0001731036
0.00017291036
0.00017267202
0.00017237789
0.00017201511
0.00017156827
0.00017101918
0.00017034661
0.00016952619
0.0001685305
0.00016732949
0.00016589126
0.00016418343
0.00016217511
0.0001598396
0.00015715752
0.00015412027
0.00015073322
0.00014701808
0.00014301369
0.00013877502
0.00013437001
0.00012987462
0.00012536683
0.0001209201
0.00011659715
0.00011244453
0.00010848747
0.00010472786
0.00010114855
9.7689266e-05
9.422336e-05
0.00020535794
0.0002052797
0.00020517484
0.00020505533
0.00020491248
0.00020473882
0.00020452705
0.0002042683
0.00020395157
0.00020356353
0.00020308819
0.00020250652
0.00020179615
0.00020093112
0.00019988179
0.00019861492
0.00019709421
0.00019528114
0.00019313654
0.00019062277
0.00018770667
0.0001843631
0.00018057894
0.000176357
0.00017171913
0.00016670797
0.00016138644
0.00015583479
0.00015014518
0.0001444145
0.00013873642
0.00013319368
0.00012785145
0.00012275233
0.00011791226
0.00011332087
0.00010894373
0.00010472388
0.00010060995
0.0002358082
0.00023569844
0.00023555136
0.0002353839
0.00023518403
0.00023494146
0.00023464629
0.00023428653
0.00023384742
0.00023331116
0.00023265653
0.00023185851
0.00023088793
0.00022971131
0.00022829084
0.00022658477
0.00022454822
0.00022213462
0.00021929792
0.00021599559
0.00021219248
0.00020786532
0.00020300749
0.00019763328
0.00019178105
0.00018551414
0.000178919
0.00017210029
0.00016517327
0.00015825438
0.00015145157
0.00014485543
0.00013853242
0.0001325205
0.00012682643
0.00012142811
0.00011627852
0.0001113235
0.00010651096
0.00026440495
0.00026426486
0.00026407718
0.0002638636
0.00026360888
0.00026330006
0.00026292472
0.00026246792
0.00026191128
0.00026123273
0.00026040609
0.00025940061
0.00025818068
0.00025670566
0.00025493001
0.00025280392
0.0002502745
0.00024728766
0.00024379103
0.00023973771
0.00023509105
0.00022982996
0.00022395435
0.0002174898
0.00021049055
0.00020303966
0.00019524583
0.00018723656
0.00017914846
0.00017111582
0.00016325923
0.00015567578
0.00014843232
0.00014156177
0.00013506239
0.0001289013
0.00012302265
0.00011737146
0.00011188899
0.00029044044
0.00029027218
0.00029004677
0.00028979036
0.00028948471
0.00028911437
0.00028866464
0.0002881178
0.00028745217
0.00028664174
0.00028565576
0.00028445822
0.00028300759
0.00028125667
0.00027915288
0.00027663909
0.00027365507
0.00027013998
0.00026603577
0.00026129172
0.00025586998
0.00024975169
0.00024294299
0.00023548006
0.00022743189
0.00021889974
0.00021001265
0.00020091889
0.00019177425
0.00018272882
0.00017391412
0.00016543254
0.00015735059
0.00014969618
0.00014245972
0.00013559899
0.00012905129
0.00012276144
0.00011666615
0.00031326674
0.00031307339
0.00031281439
0.00031251983
0.00031216883
0.00031174374
0.00031122779
0.00031060084
0.00030983825
0.00030891054
0.0003077829
0.00030641469
0.00030475912
0.00030276323
0.00030036822
0.0002975105
0.00029412348
0.00029014041
0.00028549834
0.00028014335
0.00027403673
0.00026716177
0.00025953034
0.00025118814
0.00024221726
0.00023273506
0.00022288842
0.0002128437
0.00020277331
0.00019284084
0.00018318698
0.00017391825
0.00016510047
0.00015675687
0.00014887083
0.00014139262
0.00013425386
0.00012740055
0.00012076572
0.00033229031
0.00033207577
0.00033178841
0.00033146166
0.00033107239
0.0003306011
0.0003300293
0.0003293348
0.0003284905
0.00032746398
0.00032621703
0.00032470514
0.00032287714
0.00032067522
0.00031803541
0.00031488876
0.00031116335
0.00030678753
0.00030169433
0.00029582719
0.00028914674
0.0002816382
0.00027331832
0.00026424088
0.00025449904
0.00024422364
0.0002335765
0.00022273897
0.00021189714
0.00020122566
0.00019087256
0.00018094756
0.00017151557
0.00016259577
0.00015416562
0.00014616957
0.0001385349
0.0001312095
0.0001241231
0.00034703016
0.00034679938
0.00034649027
0.00034613877
0.00034572
0.00034521296
0.00034459772
0.00034385038
0.00034294184
0.00034183753
0.00034049673
0.00033887193
0.00033690855
0.00033454502
0.00033171337
0.00032834048
0.00032435036
0.00031966761
0.00031422221
0.00030795565
0.00030082819
0.00029282663
0.00028397161
0.0002743232
0.0002639832
0.00025309288
0.00024182551
0.00023037402
0.00021893498
0.00020769144
0.00019679702
0.0001863637
0.00017645554
0.00016708844
0.00015823525
0.00014983622
0.00014181564
0.00013412333
0.0001266863
0.00035705507
0.00035681337
0.00035648972
0.00035612184
0.00035568369
0.0003551533
0.00035450974
0.00035372776
0.00035277649
0.00035161984
0.00035021576
0.00034851479
0.00034645995
0.00034398709
0.00034102549
0.00033749918
0.00033332936
0.00032843804
0.00032275307
0.00031621458
0.00030878253
0.00030044481
0.00029122475
0.00028118678
0.00027043859
0.00025912861
0.00024743804
0.00023556771
0.00022372139
0.00021208781
0.00020082426
0.00019004416
0.00017981083
0.0001701379
0.00016099513
0.00015232013
0.00014403543
0.00013609239
0.00012841573
0.00036219608
0.00036203904
0.00036178053
0.00036146173
0.00036105835
0.00036054145
0.00035986754
0.00035898231
0.00035787556
0.00035659644
0.00035513772
0.0003534036
0.00035130461
0.00034877585
0.00034574765
0.00034214297
0.00033788145
0.00033288373
0.00032707659
0.00032039948
0.00031281223
0.00030430332
0.00029489747
0.00028466135
0.00027370568
0.00026218259
0.00025027734
0.00023819481
0.00022614233
0.00021431143
0.00020286111
0.00019190521
0.00018150652
0.00017167768
0.00016238719
0.00015357168
0.00014515304
0.00013708307
0.00012928442
-4.2383424e-06
1.8321035e-06
3.6122497e-06
7.0380165e-06
8.906761e-06
1.1022549e-05
1.2667483e-05
1.4226242e-05
1.5608778e-05
1.6864186e-05
1.806369e-05
1.9064132e-05
2.0226167e-05
2.0847119e-05
2.2225475e-05
-4.2088324e-06
1.9512242e-06
3.6713784e-06
7.0883441e-06
8.95163e-06
1.1057322e-05
1.2700394e-05
1.4255102e-05
1.5636058e-05
1.6889868e-05
1.8088659e-05
1.9087922e-05
2.025133e-05
2.086535e-05
2.226114e-05
-4.1536573e-06
2.2152836e-06
3.8079739e-06
7.2231867e-06
9.0699651e-06
1.1159253e-05
1.2795256e-05
1.4340505e-05
1.5715335e-05
1.6963087e-05
1.8156883e-05
1.9150311e-05
2.0312902e-05
2.0908429e-05
2.2337685e-05
-4.0675421e-06
2.6346657e-06
4.0286663e-06
7.4490092e-06
9.266299e-06
1.1332385e-05
1.2955034e-05
1.4484923e-05
1.5848437e-05
1.7085179e-05
1.8269403e-05
1.9251757e-05
2.0411516e-05
2.0975957e-05
2.2455988e-05
-3.9449776e-06
3.2111321e-06
4.3366844e-06
7.7664992e-06
9.5414251e-06
1.1576745e-05
1.3179477e-05
1.4687929e-05
1.6034813e-05
1.7255535e-05
1.842569e-05
1.9391736e-05
2.0546825e-05
2.1067785e-05
2.261584e-05
-3.7765409e-06
3.9444581e-06
4.7354234e-06
8.1766337e-06
9.8969375e-06
1.189324e-05
1.3469248e-05
1.4950016e-05
1.6274792e-05
1.7474371e-05
1.8625893e-05
1.9570357e-05
2.0718775e-05
2.1184299e-05
2.281659e-05
-3.5472049e-06
4.8371315e-06
5.2278578e-06
8.6802452e-06
1.0334878e-05
1.2283117e-05
1.3825293e-05
1.5271922e-05
1.6568901e-05
1.7742053e-05
1.8870231e-05
1.9787798e-05
2.0927209e-05
2.1326033e-05
2.305718e-05
-3.2523537e-06
5.8989883e-06
5.8207259e-06
9.2776089e-06
1.0857183e-05
1.2747444e-05
1.4248355e-05
1.5654171e-05
1.6917445e-05
1.8058733e-05
1.9158695e-05
2.0044049e-05
2.1171701e-05
2.1493619e-05
2.3337328e-05
-2.917183e-06
7.0968461e-06
6.5494476e-06
9.9707623e-06
1.1465488e-05
1.3287091e-05
1.4738952e-05
1.6097066e-05
1.732052e-05
1.8424362e-05
1.9491064e-05
2.033893e-05
2.1451555e-05
2.1687383e-05
2.3655378e-05
-2.5166284e-06
8.4196448e-06
7.4381587e-06
1.0759059e-05
1.2160558e-05
1.3902693e-05
1.5297439e-05
1.6600754e-05
1.7778067e-05
1.8838748e-05
1.9866965e-05
2.0672138e-05
2.1765875e-05
2.1907746e-05
2.400779e-05
-1.9295236e-06
9.9199827e-06
8.4238156e-06
1.1653196e-05
1.2944217e-05
1.4594748e-05
1.5924058e-05
1.7165283e-05
1.8289935e-05
1.9301606e-05
2.0285924e-05
2.1043292e-05
2.2113623e-05
2.2155256e-05
2.439137e-05
-1.121109e-06
1.1572931e-05
9.4915904e-06
1.2640518e-05
1.3816608e-05
1.5363667e-05
1.661901e-05
1.7790678e-05
1.8855942e-05
1.9812623e-05
2.074743e-05
2.1451993e-05
2.2493686e-05
2.2430562e-05
2.4802483e-05
-1.1905134e-07
1.3306827e-05
1.0694711e-05
1.3722813e-05
1.4778706e-05
1.6210064e-05
1.7382572e-05
1.8477016e-05
1.9475951e-05
2.0371524e-05
2.1250994e-05
2.1897878e-05
2.2904939e-05
2.273445e-05
2.5236969e-05
1.1247869e-06
1.51553e-05
1.2045797e-05
1.4902668e-05
1.5832185e-05
1.7134882e-05
1.8215183e-05
1.9224494e-05
2.0149922e-05
2.0978121e-05
2.1796204e-05
2.2380671e-05
2.3346298e-05
2.3067881e-05
2.5690247e-05
2.664857e-06
1.7111136e-05
1.3551793e-05
1.6182442e-05
1.6978887e-05
1.8139363e-05
1.9117474e-05
2.0033449e-05
2.0877928e-05
2.1632327e-05
2.2382735e-05
2.2900206e-05
2.3816748e-05
2.3432011e-05
2.6157402e-05
4.5576408e-06
1.9158568e-05
1.5220785e-05
1.7565055e-05
1.8220702e-05
1.9224965e-05
2.0090197e-05
2.0904294e-05
2.1660101e-05
2.2334111e-05
2.3010315e-05
2.3456396e-05
2.4315333e-05
2.3828155e-05
2.6633263e-05
6.8639872e-06
2.128314e-05
1.7061308e-05
1.905415e-05
1.9559473e-05
2.0393229e-05
2.1134103e-05
2.1837391e-05
2.2496512e-05
2.3083384e-05
2.3678631e-05
2.4049148e-05
2.4841096e-05
2.4257712e-05
2.7112487e-05
9.6513638e-06
2.347487e-05
1.9082007e-05
2.0655069e-05
2.0997421e-05
2.164597e-05
2.2250005e-05
2.2833024e-05
2.3387091e-05
2.3879896e-05
2.4387211e-05
2.4678241e-05
2.5392988e-05
2.4722022e-05
2.7589659e-05
1.2992048e-05
2.5733608e-05
2.1292522e-05
2.2376497e-05
2.2537888e-05
2.2985595e-05
2.3438899e-05
2.389138e-05
2.4331535e-05
2.4723097e-05
2.5135284e-05
2.534316e-05
2.5969743e-05
2.5222187e-05
2.805941e-05
1.6923019e-05
2.8049327e-05
2.3687504e-05
2.4220823e-05
2.4178432e-05
2.4410169e-05
2.4698534e-05
2.5010157e-05
2.532766e-05
2.5611007e-05
2.5921024e-05
2.604258e-05
2.6569587e-05
2.5758831e-05
2.8516487e-05
2.1377507e-05
3.0332989e-05
2.6194979e-05
2.6151905e-05
2.5889694e-05
2.5899292e-05
2.6014061e-05
2.6178314e-05
2.6367206e-05
2.6537414e-05
2.6739714e-05
2.6773122e-05
2.718947e-05
2.6331608e-05
2.8955435e-05
2.6514187e-05
3.2592189e-05
2.8780939e-05
2.8169755e-05
2.7668828e-05
2.7450933e-05
2.7383202e-05
2.7392917e-05
2.7446775e-05
2.7498582e-05
2.7587547e-05
2.7530946e-05
2.78256e-05
2.6938485e-05
2.9370416e-05
3.4014702e-05
3.5957588e-05
3.2133278e-05
3.0765721e-05
2.9845039e-05
2.9283608e-05
2.8950155e-05
2.874788e-05
2.8626163e-05
2.8530812e-05
2.8485042e-05
2.8325338e-05
2.8481448e-05
2.757706e-05
2.9760801e-05
4.5681259e-05
4.2125195e-05
3.7247076e-05
3.4600452e-05
3.2837027e-05
3.1654403e-05
3.0873861e-05
3.0342779e-05
2.9968298e-05
2.9674287e-05
2.9457997e-05
2.917392e-05
2.9170232e-05
2.8252161e-05
3.0143666e-05
2.2405085e-05
2.377036e-05
2.3725221e-05
2.4263402e-05
2.4033312e-05
2.3833318e-05
2.3043525e-05
2.2167315e-05
2.0436201e-05
1.8922682e-05
1.564939e-05
1.3972497e-05
7.9791641e-06
8.4215598e-06
-3.3226529e-06
2.2406682e-05
2.3789052e-05
2.3735537e-05
2.4270969e-05
2.4039784e-05
2.3837133e-05
2.3046998e-05
2.2168507e-05
2.043754e-05
1.8922855e-05
1.5650293e-05
1.3970923e-05
7.9798669e-06
8.4072332e-06
-3.3092279e-06
2.2410413e-05
2.3828714e-05
2.3756452e-05
2.4286853e-05
2.4053076e-05
2.3845661e-05
2.3054147e-05
2.2172473e-05
2.0441052e-05
1.8923577e-05
1.5651947e-05
1.3968305e-05
7.9808217e-06
8.38157e-06
-3.2974272e-06
2.2416117e-05
2.3890716e-05
2.3788533e-05
2.4311676e-05
2.4073579e-05
2.385911e-05
2.3065136e-05
2.2179048e-05
2.0446625e-05
1.8924872e-05
1.5654423e-05
1.396469e-05
7.9821633e-06
8.3478204e-06
-3.2936329e-06
2.2423436e-05
2.3975746e-05
2.3832445e-05
2.4345817e-05
2.410165e-05
2.3877634e-05
2.3080149e-05
2.2188106e-05
2.0454228e-05
1.892674e-05
1.5657842e-05
1.396004e-05
7.9841123e-06
8.3089244e-06
-3.2943286e-06
2.2432305e-05
2.408405e-05
2.3888832e-05
2.4389494e-05
2.4137563e-05
2.3901384e-05
2.3099329e-05
2.219967e-05
2.0463899e-05
1.8929169e-05
1.5662284e-05
1.3954336e-05
7.9868427e-06
8.2677784e-06
-3.2954267e-06
2.2444999e-05
2.4215544e-05
2.3958318e-05
2.4442778e-05
2.41815e-05
2.3930454e-05
2.3122748e-05
2.2213756e-05
2.0475659e-05
1.8932129e-05
1.5667805e-05
1.3947556e-05
7.9905162e-06
8.2273706e-06
-3.293126e-06
2.2462827e-05
2.4369316e-05
2.4041483e-05
2.4505584e-05
2.4233545e-05
2.3964861e-05
2.3150404e-05
2.2230331e-05
2.0489489e-05
1.8935562e-05
1.5674443e-05
1.3939665e-05
7.9953022e-06
8.1910104e-06
-3.2833707e-06
2.2484681e-05
2.4543999e-05
2.4138657e-05
2.4577661e-05
2.4293671e-05
2.400454e-05
2.3182225e-05
2.2249308e-05
2.0505326e-05
1.8939379e-05
1.5682223e-05
1.3930611e-05
8.0013769e-06
8.162226e-06
-3.2653478e-06
2.2511539e-05
2.4738203e-05
2.4250219e-05
2.4658612e-05
2.4361735e-05
2.4049343e-05
2.3218061e-05
2.2270544e-05
2.0523063e-05
1.8943462e-05
1.5691152e-05
1.392032e-05
8.008915e-06
8.1416944e-06
-3.2473675e-06
2.2546255e-05
2.4949929e-05
2.4376477e-05
2.4747917e-05
2.4437473e-05
2.4099037e-05
2.3257685e-05
2.2293841e-05
2.0542545e-05
1.894766e-05
1.5701218e-05
1.3908693e-05
8.0180904e-06
8.1235192e-06
-3.238563e-06
2.2591349e-05
2.5176705e-05
2.4517635e-05
2.4844961e-05
2.4520507e-05
2.4153316e-05
2.3300796e-05
2.2318943e-05
2.0563571e-05
1.8951787e-05
1.571239e-05
1.3895612e-05
8.0290995e-06
8.1023947e-06
-3.2353866e-06
2.2649918e-05
2.5415761e-05
2.4673767e-05
2.4949086e-05
2.4610345e-05
2.4211809e-05
2.334702e-05
2.2345542e-05
2.0585891e-05
1.895563e-05
1.5724613e-05
1.388094e-05
8.0421652e-06
8.0780032e-06
-3.233374e-06
2.2725958e-05
2.5664135e-05
2.4844801e-05
2.505965e-05
2.4706405e-05
2.4274102e-05
2.3395925e-05
2.2373285e-05
2.0609214e-05
1.8958942e-05
1.5737816e-05
1.3864526e-05
8.0575357e-06
8.0505032e-06
-3.2329108e-06
2.2824389e-05
2.5918801e-05
2.5030494e-05
2.5176097e-05
2.4808036e-05
2.4339757e-05
2.3447037e-05
2.2401784e-05
2.0633212e-05
1.8961456e-05
1.5751904e-05
1.3846209e-05
8.0754952e-06
8.0197297e-06
-3.2305812e-06
2.2951002e-05
2.617682e-05
2.52304e-05
2.5298027e-05
2.4914552e-05
2.4408343e-05
2.3499863e-05
2.2430633e-05
2.065753e-05
1.8962887e-05
1.5766773e-05
1.3825817e-05
8.0963485e-06
7.9853408e-06
-3.2232936e-06
2.3112327e-05
2.6435509e-05
2.5443851e-05
2.5425268e-05
2.5025273e-05
2.4479471e-05
2.3553919e-05
2.2459426e-05
2.0681806e-05
1.896295e-05
1.5782305e-05
1.3803178e-05
8.1204206e-06
7.9469549e-06
-3.2102866e-06
2.3315357e-05
2.6692605e-05
2.5669927e-05
2.5557922e-05
2.5139578e-05
2.4552824e-05
2.360877e-05
2.2487786e-05
2.0705681e-05
1.8961365e-05
1.5798383e-05
1.3778126e-05
8.1480578e-06
7.9041571e-06
-3.1908238e-06
2.356715e-05
2.6946406e-05
2.5907458e-05
2.5696408e-05
2.5256953e-05
2.4628202e-05
2.3664067e-05
2.2515393e-05
2.0728833e-05
1.8957886e-05
1.5814899e-05
1.3750507e-05
8.1796271e-06
7.8565031e-06
-3.1639105e-06
2.3874383e-05
2.719585e-05
2.6155045e-05
2.5841464e-05
2.537705e-05
2.4705549e-05
2.3719593e-05
2.2542019e-05
2.0751e-05
1.8952314e-05
1.583177e-05
1.372019e-05
8.2155266e-06
7.8035682e-06
-3.1282765e-06
2.4242883e-05
2.744036e-05
2.6411031e-05
2.5994064e-05
2.5499663e-05
2.4784935e-05
2.3775265e-05
2.2567519e-05
2.0771986e-05
1.8944494e-05
1.5848965e-05
1.3687053e-05
8.2562562e-06
7.7449204e-06
-3.0821405e-06
2.4676098e-05
2.7679402e-05
2.6673125e-05
2.6155113e-05
2.5624551e-05
2.4866394e-05
2.3831032e-05
2.2591764e-05
2.0791611e-05
1.8934303e-05
1.58665e-05
1.3651061e-05
8.3024823e-06
7.6794794e-06
-3.023045e-06
2.5170151e-05
2.7914257e-05
2.693829e-05
2.632552e-05
2.5751824e-05
2.4950254e-05
2.3887164e-05
2.2614967e-05
2.0809865e-05
1.8921954e-05
1.5884312e-05
1.3612605e-05
8.3543553e-06
7.6043045e-06
-2.950624e-06
2.5717231e-05
2.8157982e-05
2.7208273e-05
2.6509839e-05
2.5885516e-05
2.5040073e-05
2.3946574e-05
2.2639666e-05
2.0828266e-05
1.8909151e-05
1.590226e-05
1.3572629e-05
8.4092945e-06
7.5235638e-06
-2.8734519e-06
4.7179417e-05
5.1411864e-05
5.3111201e-05
5.2787944e-05
5.0630813e-05
4.7406359e-05
4.3578649e-05
3.9541153e-05
3.7270319e-05
5.7970881e-05
5.9120827e-05
5.8549786e-05
5.6593872e-05
5.331829e-05
4.9415203e-05
4.5200926e-05
4.1085752e-05
3.8855224e-05
6.5291869e-05
6.4897063e-05
6.306864e-05
5.9971727e-05
5.5865243e-05
5.1348996e-05
4.6751099e-05
4.2522471e-05
4.0514212e-05
7.1793707e-05
7.037125e-05
6.7372001e-05
6.3243807e-05
5.8331648e-05
5.3203984e-05
4.8224878e-05
4.3885327e-05
4.1994564e-05
7.8263853e-05
7.5793995e-05
7.156922e-05
6.6438721e-05
6.0705788e-05
5.49694e-05
4.9617147e-05
4.5163139e-05
4.3389361e-05
8.4627156e-05
8.0932586e-05
7.5642961e-05
6.9511908e-05
6.2963036e-05
5.6634942e-05
5.0927289e-05
4.6360677e-05
4.4669724e-05
9.0581951e-05
8.585301e-05
7.9523241e-05
7.2420595e-05
6.5080947e-05
5.8189831e-05
5.2142418e-05
4.7470906e-05
4.584055e-05
9.6175189e-05
9.0475929e-05
8.3157621e-05
7.5130468e-05
6.7040443e-05
5.9621387e-05
5.3234784e-05
4.8463066e-05
4.6902359e-05
0.00010134506
9.474022e-05
8.6501518e-05
7.7611783e-05
6.8824487e-05
6.091578e-05
5.4204035e-05
4.9341897e-05
4.789048e-05
0.00010602891
9.8594166e-05
8.9515227e-05
7.9838453e-05
7.0418295e-05
6.2065689e-05
5.5078804e-05
5.0140885e-05
4.8775636e-05
0.00011016565
0.00010199035
9.216354e-05
8.1787843e-05
7.1809248e-05
6.3067058e-05
5.5857853e-05
5.0850823e-05
4.9523732e-05
0.00011370034
0.00010488657
9.4416085e-05
8.3440665e-05
7.2986065e-05
6.3913914e-05
5.6520682e-05
5.145489e-05
5.0139119e-05
0.00011658577
0.00010724684
9.6247591e-05
8.4781042e-05
7.3938895e-05
6.4599669e-05
5.7056664e-05
5.1937802e-05
5.062573e-05
0.00011878334
0.000109042
9.7637918e-05
8.5796444e-05
7.4659956e-05
6.511873e-05
5.7460012e-05
5.2297885e-05
5.0992016e-05
0.0001202633
0.00011024951
9.8571383e-05
8.6476766e-05
7.5142509e-05
6.5465637e-05
5.7727296e-05
5.2543218e-05
5.1235862e-05
0.00012100492
0.00011085358
9.9036806e-05
8.6814364e-05
7.5380809e-05
6.5635736e-05
5.7856516e-05
5.2666119e-05
5.1354465e-05
4.6202943e-05
3.9699132e-05
3.5969661e-05
3.4316879e-05
3.3145438e-05
3.2267508e-05
3.163995e-05
3.1173567e-05
3.080605e-05
3.0489345e-05
3.0216881e-05
2.9896071e-05
2.9768545e-05
2.8904358e-05
3.0452119e-05
5.2482856e-05
4.4950999e-05
4.0848388e-05
3.8627209e-05
3.6733875e-05
3.5189097e-05
3.4029854e-05
3.3143288e-05
3.2433727e-05
3.1840471e-05
3.1329661e-05
3.0848036e-05
3.0475537e-05
2.9715757e-05
3.0593868e-05
5.2341796e-05
4.605863e-05
4.2541906e-05
4.0554552e-05
3.8792436e-05
3.726321e-05
3.6025293e-05
3.4995708e-05
3.4104999e-05
3.3318741e-05
3.2614893e-05
3.196936e-05
3.1367473e-05
3.0672498e-05
3.0746359e-05
5.1263462e-05
4.7369095e-05
4.484787e-05
4.3117462e-05
4.1467325e-05
3.991413e-05
3.8533025e-05
3.7300754e-05
3.6183815e-05
3.5164213e-05
3.4228463e-05
3.3360355e-05
3.253267e-05
3.1725722e-05
3.1147284e-05
4.9218582e-05
4.7005605e-05
4.5286668e-05
4.3913067e-05
4.2574429e-05
4.1270311e-05
4.0041749e-05
3.8884147e-05
3.7781242e-05
3.6722907e-05
3.5698996e-05
3.4707151e-05
3.3759955e-05
3.2822878e-05
3.1847869e-05
4.6294438e-05
4.5057007e-05
4.401946e-05
4.3128356e-05
4.2222339e-05
4.1292385e-05
4.0359373e-05
3.9424373e-05
3.8481794e-05
3.7527962e-05
3.6559543e-05
3.5572273e-05
3.4567759e-05
3.3535464e-05
3.2461435e-05
4.2679074e-05
4.1990904e-05
4.1416938e-05
4.0897941e-05
4.0337694e-05
3.973443e-05
3.9101585e-05
3.8439411e-05
3.7744022e-05
3.7012838e-05
3.6243824e-05
3.5434569e-05
3.4581759e-05
3.3681558e-05
3.2726829e-05
3.8716717e-05
3.8378326e-05
3.8068457e-05
3.775209e-05
3.7396602e-05
3.7015707e-05
3.6613016e-05
3.6177854e-05
3.5705556e-05
3.5194633e-05
3.4642787e-05
3.4046784e-05
3.3402993e-05
3.2707385e-05
3.1953688e-05
3.5971746e-05
3.5599352e-05
3.5400999e-05
3.5230763e-05
3.5020217e-05
3.4775547e-05
3.450383e-05
3.4203001e-05
3.3869362e-05
3.3499919e-05
3.3091733e-05
3.264146e-05
3.2145357e-05
3.1600288e-05
3.1005122e-05
2.6313304e-05
2.8378795e-05
2.7464935e-05
2.6692418e-05
2.6015181e-05
2.513014e-05
2.4006671e-05
2.2666426e-05
2.084787e-05
1.8899008e-05
1.5919423e-05
1.3534237e-05
8.4588068e-06
7.4474735e-06
-2.7994004e-06
2.7240358e-05
2.8503309e-05
2.7761167e-05
2.6899415e-05
2.6152788e-05
2.5227368e-05
2.4071156e-05
2.2690269e-05
2.0868247e-05
1.8879595e-05
1.5945572e-05
1.3479241e-05
8.5431601e-06
7.3330596e-06
-2.6352755e-06
2.8416219e-05
2.8707477e-05
2.8106569e-05
2.7177422e-05
2.6322802e-05
2.5340427e-05
2.4139645e-05
2.2699316e-05
2.0875939e-05
1.8832206e-05
1.5981947e-05
1.3388511e-05
8.7122574e-06
7.1304272e-06
-2.2566889e-06
2.9572299e-05
2.9165108e-05
2.8508387e-05
2.7555895e-05
2.6575364e-05
2.5503464e-05
2.4234434e-05
2.271113e-05
2.0873712e-05
1.8768157e-05
1.6026252e-05
1.327876e-05
8.9757927e-06
6.8335866e-06
-1.6158041e-06
3.0626685e-05
2.9844772e-05
2.9034541e-05
2.8068333e-05
2.6996905e-05
2.5810049e-05
2.4432875e-05
2.2810084e-05
2.0909264e-05
1.8735686e-05
1.609292e-05
1.3221533e-05
9.3224746e-06
6.5310912e-06
-6.8835193e-07
3.1447713e-05
3.0535884e-05
2.9545984e-05
2.8494679e-05
2.7357694e-05
2.6046234e-05
2.4545707e-05
2.2878773e-05
2.0971746e-05
1.8789702e-05
1.6250371e-05
1.3383535e-05
9.8328418e-06
6.4728898e-06
5.6832373e-07
3.1851643e-05
3.1000958e-05
3.0039816e-05
2.8956384e-05
2.7736265e-05
2.6363131e-05
2.482052e-05
2.3075699e-05
2.1082064e-05
1.8762416e-05
1.6185298e-05
1.3386049e-05
1.0108385e-05
6.4226003e-06
1.9844975e-06
3.1241244e-05
3.0527978e-05
2.9708398e-05
2.8762302e-05
2.7671697e-05
2.6417934e-05
2.4977441e-05
2.332191e-05
2.1419035e-05
1.9229092e-05
1.6713009e-05
1.3804669e-05
1.0476336e-05
6.4357748e-06
2.842432e-06
3.0387034e-05
2.9749202e-05
2.9056331e-05
2.8253844e-05
2.730806e-05
2.6201259e-05
2.4911489e-05
2.3409422e-05
2.1660461e-05
1.9624931e-05
1.7256922e-05
1.4507342e-05
1.1314515e-05
7.6041084e-06
3.6597403e-06
)
;

boundaryField
{
    inlet
    {
        type            zeroGradient;
    }
    outlet
    {
        type            fixedValue;
        value           uniform 0;
    }
    cylinder
    {
        type            zeroGradient;
    }
    frontAndBack
    {
        type            empty;
    }
}


// ************************************************************************* //
