/*--------------------------------*- C++ -*----------------------------------*\
  =========                 |
  \\      /  F ield         | OpenFOAM: The Open Source CFD Toolbox
   \\    /   O peration     | Website:  https://openfoam.org
    \\  /    A nd           | Version:  14
     \\/     M anipulation  |
\*---------------------------------------------------------------------------*/
FoamFile
{
    format      ascii;
    class       volScalarField;
    location    "4500";
    object      p;
}
// * * * * * * * * * * * * * * * * * * * * * * * * * * * * * * * * * * * * * //

dimensions      [0 2 -2 0 0 0 0];

internalField   nonuniform List<scalar> 
5388
(
-0.00031522678
-0.00031497181
-0.00031463001
-0.00031424307
-0.00031378537
-0.00031323705
-0.00031258094
-0.00031179703
-0.00031086122
-0.00030974507
-0.00030841527
-0.00030683302
-0.00030495337
-0.00030272468
-0.00030008812
-0.00029697756
-0.00029331974
-0.00028903509
-0.0002840394
-0.00027824662
-0.000271573
-0.00026394284
-0.00025529582
-0.00024559552
-0.00023483854
-0.00022306283
-0.00021035383
-0.00019684659
-0.00018272281
-0.00016820241
-0.00015352827
-0.00013895643
-0.00012471201
-0.00011105387
-9.8026922e-05
-8.6133699e-05
-7.44683e-05
-6.5451968e-05
-5.3988368e-05
-0.00031514433
-0.00031488906
-0.00031454698
-0.00031415961
-0.00031370135
-0.00031315235
-0.0003124954
-0.00031171044
-0.00031077334
-0.00030965558
-0.00030832378
-0.00030673906
-0.00030485639
-0.000302624
-0.00029998299
-0.00029686714
-0.00029320313
-0.0002889114
-0.00028390783
-0.00027810653
-0.00027142405
-0.00026378507
-0.00025512975
-0.00024542222
-0.00023465964
-0.0002228805
-0.00021017064
-0.00019666542
-0.0001825466
-0.00016803394
-0.00015337002
-0.00013881042
-0.00012457973
-0.0001109353
-9.7924085e-05
-8.6043984e-05
-7.4388989e-05
-6.541543e-05
-5.3847653e-05
-0.00031501573
-0.0003147592
-0.0003144156
-0.00031402622
-0.00031356557
-0.00031301372
-0.00031235337
-0.00031156438
-0.0003106225
-0.00030949907
-0.00030816059
-0.00030656803
-0.00030467621
-0.00030243323
-0.00029978008
-0.00029665045
-0.00029297104
-0.00028866239
-0.00028364062
-0.00027782021
-0.00027111828
-0.00026346027
-0.00025478726
-0.00024506445
-0.00023429011
-0.00022250377
-0.00020979215
-0.00019629114
-0.00018218265
-0.00016768611
-0.00015304346
-0.0001385094
-0.00012430715
-0.00011069161
-9.7712228e-05
-8.5861294e-05
-7.4224285e-05
-6.5345475e-05
-5.3558105e-05
-0.00031481345
-0.00031455473
-0.00031420845
-0.0003138156
-0.00031335084
-0.00031279412
-0.00031212803
-0.00031133226
-0.0003103824
-0.00030924964
-0.00030790026
-0.00030629506
-0.00030438865
-0.00030212895
-0.00029945679
-0.00029630578
-0.0002926026
-0.00028826793
-0.00028321819
-0.00027736846
-0.00027063672
-0.00026294958
-0.00025424957
-0.00024450354
-0.00023371148
-0.00022191454
-0.00020920077
-0.00019570689
-0.00018161502
-0.00016714405
-0.00015253494
-0.00013804114
-0.00012388334
-0.00011031342
-9.7383035e-05
-8.5579185e-05
-7.3967936e-05
-6.5238736e-05
-5.3108615e-05
-0.0003145188
-0.00031425702
-0.00031390698
-0.00031350928
-0.00031303875
-0.00031247522
-0.00031180107
-0.00031099578
-0.00031003472
-0.0003088888
-0.00030752408
-0.00030590105
-0.00030397406
-0.0003016908
-0.0002989919
-0.00029581088
-0.00029207449
-0.00028770363
-0.00028261527
-0.0002767253
-0.00026995289
-0.00026222627
-0.00025348991
-0.00024371291
-0.00023289757
-0.00022108727
-0.00020837184
-0.00019488911
-0.00018082149
-0.00016638705
-0.00015182535
-0.00013738844
-0.00012329279
-0.00010978705
-9.6924539e-05
-8.5187075e-05
-7.3611752e-05
-6.5085954e-05
-5.2493267e-05
-0.00031409525
-0.00031382953
-0.00031347467
-0.00031307075
-0.0003125928
-0.00031202052
-0.00031133602
-0.00031051852
-0.00030954307
-0.0003083803
-0.00030699591
-0.00030535006
-0.00030339676
-0.00030108339
-0.00029835037
-0.00029513112
-0.00029135246
-0.00028693564
-0.00028179829
-0.00027585742
-0.00026903378
-0.00026125766
-0.00025247608
-0.00024266098
-0.00023181768
-0.00021999235
-0.00020727706
-0.00019381103
-0.00017977699
-0.00016539185
-0.0001508934
-0.00013653218
-0.0001225183
-0.00010909733
-9.6323509e-05
-8.4672983e-05
-7.3146933e-05
-6.4875217e-05
-5.1709116e-05
-0.00031349726
-0.00031322678
-0.00031286611
-0.00031245462
-0.00031196769
-0.00031138479
-0.00031068773
-0.0003098554
-0.00030886251
-0.00030767929
-0.00030627105
-0.00030459751
-0.00030261231
-0.00030026246
-0.00029748812
-0.00029422263
-0.00029039291
-0.00028592069
-0.00028072448
-0.00027472267
-0.00026783798
-0.00026000328
-0.0002511687
-0.00024130972
-0.00023043529
-0.00021859496
-0.00020588355
-0.0001924419
-0.00017845302
-0.00016413221
-0.00014971509
-0.00013545102
-0.00012154076
-0.00010822738
-9.5565222e-05
-8.4023417e-05
-7.2563748e-05
-6.4591932e-05
-5.0754982e-05
-0.00031266311
-0.0003123871
-0.0003120197
-0.00031159942
-0.00031110203
-0.00031050677
-0.00030979509
-0.00030894551
-0.00030793233
-0.00030672535
-0.00030528939
-0.00030358371
-0.00030156148
-0.00029916934
-0.00029634716
-0.00029302818
-0.00028913952
-0.0002846035
-0.00027933969
-0.00027326819
-0.0002663141
-0.00025841338
-0.00024951989
-0.00023961329
-0.00022870682
-0.00021685403
-0.0002041529
-0.00019074608
-0.00017681683
-0.00016257809
-0.00014826301
-0.00013412093
-0.00012033873
-0.00010715816
-9.4632988e-05
-8.3222954e-05
-7.1851021e-05
-6.421845e-05
-4.9630678e-05
-0.00031151457
-0.00031123236
-0.00031085747
-0.00031042731
-0.00030991815
-0.000309309
-0.00030858091
-0.00030771197
-0.00030667602
-0.00030544237
-0.00030397533
-0.00030223364
-0.00030016997
-0.00029773053
-0.00029485493
-0.00029147633
-0.00028752213
-0.00028291538
-0.00027757695
-0.00027142895
-0.00026439929
-0.00025642755
-0.00024747192
-0.00023751689
-0.00022658066
-0.0002147213
-0.00020204034
-0.00018868242
-0.00017483091
-0.00016069526
-0.00014650646
-0.00013251612
-0.00011888826
-0.00010586807
-9.3507777e-05
-8.2253917e-05
-7.0995702e-05
-6.3734029e-05
-4.8337116e-05
-0.00030995352
-0.00030966461
-0.00030928165
-0.00030884075
-0.00030831878
-0.00030769453
-0.00030694859
-0.00030605861
-0.00030499793
-0.00030373533
-0.00030223459
-0.00030045388
-0.00029834537
-0.00029585483
-0.00029292162
-0.00028947889
-0.00028545444
-0.00028077217
-0.00027535453
-0.00026912598
-0.00026201765
-0.00025397325
-0.00024495593
-0.00023495562
-0.00022399606
-0.00021214039
-0.00019949396
-0.00018620349
-0.00017245241
-0.00015844514
-0.00014441239
-0.0001306094
-0.00011715973
-0.00010433196
-9.2167805e-05
-8.1096069e-05
-6.9982352e-05
-6.3115249e-05
-4.6882413e-05
-0.00030785961
-0.00030756367
-0.00030717233
-0.00030672011
-0.00030618465
-0.0003055445
-0.00030477979
-0.00030386768
-0.00030278102
-0.00030148805
-0.00029995198
-0.00029813043
-0.00029597505
-0.00029343124
-0.00029043813
-0.00028692897
-0.00028283205
-0.00027807237
-0.0002725742
-0.00026626468
-0.00025907862
-0.00025096437
-0.00024189058
-0.00023185321
-0.0002208821
-0.00020904584
-0.00019645387
-0.00018325486
-0.0001696321
-0.00015578221
-0.00014193934
-0.00012835413
-0.00011511071
-0.00010251965
-9.0588027e-05
-7.972619e-05
-6.8792269e-05
-6.2335588e-05
-4.5291533e-05
-0.00030508837
-0.0003047853
-0.0003043856
-0.00030392189
-0.00030337271
-0.00030271641
-0.00030193267
-0.00030099813
-0.00029988516
-0.00029856148
-0.00029698973
-0.00029512702
-0.00029292454
-0.00029032735
-0.00028727445
-0.00028369931
-0.00027953091
-0.00027469557
-0.00026911964
-0.00026273335
-0.0002554756
-0.00024729987
-0.00023818083
-0.00022812097
-0.00021715668
-0.00020536232
-0.00019285144
-0.00017977456
-0.00016631387
-0.00015264643
-0.00013900576
-0.00012562717
-0.00011271506
-0.00010040147
-8.8739812e-05
-7.8117577e-05
-6.7402213e-05
-6.1359612e-05
-4.3541436e-05
-0.00030146857
-0.00030115833
-0.00030074995
-0.00030027502
-0.00029971253
-0.00029904054
-0.0002982383
-0.00029728202
-0.00029614358
-0.00029479021
-0.00029318408
-0.00029128183
-0.00028903427
-0.00028638623
-0.00028327675
-0.00027963967
-0.00027540488
-0.00027050026
-0.00026485461
-0.00025840155
-0.00025108452
-0.00024286257
-0.00023371683
-0.00022365679
-0.00021272571
-0.00020100396
-0.00018860942
-0.00017569521
-0.00016244352
-0.00014898448
-0.00013550349
-0.00012255387
-0.00011015497
-9.7965594e-05
-8.6591479e-05
-7.6239624e-05
-6.5784631e-05
-6.0148572e-05
-4.1606045e-05
-0.00029680269
-0.00029648555
-0.00029606819
-0.0002955829
-0.00029500824
-0.00029432188
-0.00029350269
-0.00029252652
-0.00029136485
-0.00028998449
-0.00028834721
-0.0002864093
-0.00028412133
-0.00028142807
-0.00027826875
-0.00027457784
-0.0002702864
-0.0002653242
-0.00025962282
-0.00025311972
-0.00024576324
-0.00023751843
-0.00022837324
-0.00021834443
-0.00020748237
-0.0001958737
-0.00018364129
-0.00017094395
-0.00015797933
-0.00014487116
-0.000131748
-0.00011908139
-0.00010698452
-9.5179672e-05
-8.4107967e-05
-7.4057122e-05
-6.3907926e-05
-5.8665247e-05
-3.9500954e-05
-0.00029085717
-0.0002905342
-0.00029010924
-0.00028961518
-0.00028903025
-0.00028833178
-0.00028749838
-0.00028650559
-0.00028532461
-0.00028392195
-0.00028225913
-0.00028029226
-0.00027797189
-0.00027524293
-0.00027204512
-0.00026831383
-0.0002639816
-0.00025898044
-0.00025324507
-0.0002467171
-0.00023935014
-0.00023111551
-0.00022200823
-0.00021205237
-0.00020130521
-0.00018985898
-0.00017783969
-0.00016540399
-0.00015273602
-0.00014000488
-0.00012743607
-0.00011504686
-0.00010310111
-9.187889e-05
-8.1232717e-05
-7.1529511e-05
-6.1735551e-05
-5.6868025e-05
-3.7222966e-05
-0.00028338196
-0.00028305477
-0.0002826243
-0.00028212392
-0.00028153162
-0.0002808245
-0.000279981
-0.00027897651
-0.00027778205
-0.00027636402
-0.00027468386
-0.00027269775
-0.00027035642
-0.00026760524
-0.00026438475
-0.00026063157
-0.00025628014
-0.00025126516
-0.00024552493
-0.00023900569
-0.00023166669
-0.0002234858
-0.00021446514
-0.00020463601
-0.00019406213
-0.00018284059
-0.00017109948
-0.00015899257
-0.00014669177
-0.00013436251
-0.0001221619
-0.00011028619
-9.889636e-05
-8.8124964e-05
-7.793025e-05
-6.8614623e-05
-5.9226142e-05
-5.4710815e-05
-3.4755002e-05
-0.00027407654
-0.00027374728
-0.00027331415
-0.00027281075
-0.000272215
-0.00027150393
-0.00027065596
-0.00026964647
-0.00026844656
-0.00026702274
-0.00026533667
-0.00026334491
-0.00026099876
-0.00025824448
-0.00025502385
-0.00025127524
-0.00024693543
-0.0002419422
-0.00023623776
-0.00022977323
-0.00022251364
-0.00021444348
-0.00020557196
-0.00019593732
-0.00018560935
-0.00017468927
-0.00016330655
-0.00015161261
-0.00013977224
-0.00012794697
-0.00011628495
-0.00010496641
-9.4122576e-05
-8.3848219e-05
-7.4150572e-05
-6.5265219e-05
-5.6333267e-05
-5.2144245e-05
-3.2073798e-05
-0.00026266612
-0.00026233772
-0.00026190576
-0.00026140381
-0.00026080987
-0.00026010111
-0.0002592561
-0.00025825044
-0.0002570555
-0.00025563817
-0.00025396064
-0.00025198013
-0.00024964891
-0.00024691447
-0.00024372026
-0.00024000687
-0.00023571399
-0.00023078309
-0.00022516104
-0.00021880448
-0.00021168479
-0.00020379327
-0.00019514598
-0.00018578748
-0.00017579255
-0.0001652653
-0.00015433507
-0.00014314958
-0.00013186586
-0.00012063772
-0.0001096059
-9.8915914e-05
-8.8679398e-05
-7.8980798e-05
-6.9837407e-05
-6.142984e-05
-5.3006224e-05
-4.9116172e-05
-2.9147991e-05
-0.00024875048
-0.00024842638
-0.00024800015
-0.00024750494
-0.00024691912
-0.00024622025
-0.00024538728
-0.00024439633
-0.00024321941
-0.00024182422
-0.00024017395
-0.00023822713
-0.0002359376
-0.00023325487
-0.00023012485
-0.00022649111
-0.00022229687
-0.00021748774
-0.00021201528
-0.00020584142
-0.00019894336
-0.00019131866
-0.00018298972
-0.00017400679
-0.00016444888
-0.00015442177
-0.00014405314
-0.00013348508
-0.00012286495
-0.0001123348
-0.00010202286
-9.2048607e-05
-8.2504448e-05
-7.3459744e-05
-6.4932141e-05
-5.7054696e-05
-4.919202e-05
-4.5573941e-05
-2.5940542e-05
-0.00023214592
-0.00023183074
-0.0002314163
-0.00023093485
-0.00023036536
-0.00022968609
-0.00022887664
-0.0002279139
-0.00022677079
-0.00022541612
-0.00022381443
-0.0002219258
-0.00021970599
-0.00021710681
-0.00021407692
-0.0002105633
-0.00020651331
-0.00020187759
-0.00019661374
-0.00019069054
-0.00018409253
-0.00017682436
-0.00016891452
-0.00016041758
-0.00015141444
-0.0001420098
-0.00013232682
-0.00012249929
-0.00011266247
-0.00010294369
-9.3454931e-05
-8.4293246e-05
-7.5531393e-05
-6.722096e-05
-5.9375559e-05
-5.2085828e-05
-4.4838244e-05
-4.1468545e-05
-2.2421442e-05
-0.00021218551
-0.00021188389
-0.00021148736
-0.00021102684
-0.00021048232
-0.00020983307
-0.00020905979
-0.00020814059
-0.00020704993
-0.00020575848
-0.00020423301
-0.00020243632
-0.00020032736
-0.00019786173
-0.00019499247
-0.00019167145
-0.00018785133
-0.00018348817
-0.00017854487
-0.00017299514
-0.00016682803
-0.00016005236
-0.00015270036
-0.00014482955
-0.00013652198
-0.00012788061
-0.00011902294
-0.00011007274
-0.00010115116
-9.2368372e-05
-8.3817534e-05
-7.5573738e-05
-6.7689859e-05
-6.0199677e-05
-5.310891e-05
-4.647038e-05
-3.9892859e-05
-3.6740791e-05
-1.853032e-05
-0.00018923592
-0.00018895466
-0.00018858496
-0.00018815557
-0.00018764785
-0.00018704249
-0.00018632146
-0.00018546438
-0.00018444744
-0.00018324328
-0.00018182094
-0.00018014579
-0.0001781797
-0.00017588153
-0.00017320809
-0.00017011562
-0.00016656197
-0.00016250955
-0.00015792885
-0.00015280239
-0.00014712856
-0.00014092479
-0.00013422961
-0.000127103
-0.00011962487
-0.00011189124
-0.00010400819
-9.6084208e-05
-8.8222016e-05
-8.0511301e-05
-7.3023849e-05
-6.5812504e-05
-5.8910235e-05
-5.2333549e-05
-4.6077403e-05
-4.0161572e-05
-3.4305092e-05
-3.1271236e-05
-1.3973414e-05
-0.00016157727
-0.00016132165
-0.00016098573
-0.00016059586
-0.00016013521
-0.00015958643
-0.00015893345
-0.00015815819
-0.00015723962
-0.00015615376
-0.00015487368
-0.0001533695
-0.00015160871
-0.00014955666
-0.00014717743
-0.00014443513
-0.00014129568
-0.00013772901
-0.00013371189
-0.00012923105
-0.00012428668
-0.00011889581
-0.00011309479
-0.00010694002
-0.0001005062
-9.3881657e-05
-8.71614e-05
-8.0438958e-05
-7.3798549e-05
-6.7308963e-05
-6.102022e-05
-5.4963631e-05
-4.9153321e-05
-4.3590133e-05
-3.8258104e-05
-3.3153139e-05
-2.8077289e-05
-2.4980486e-05
-8.4798201e-06
-0.00013184393
-0.00013162221
-0.00013133102
-0.00013099295
-0.0001305934
-0.00013011732
-0.0001295507
-0.00012887778
-0.00012808022
-0.00012713705
-0.00012602473
-0.00012471715
-0.00012318588
-0.00012140074
-0.00011933069
-0.00011694525
-0.00011421642
-0.00011112121
-0.00010764461
-0.00010378272
-9.954554e-05
-9.4958988e-05
-9.00654e-05
-8.4922342e-05
-7.9599485e-05
-7.4173655e-05
-6.8722494e-05
-6.3317586e-05
-5.8018251e-05
-5.2867245e-05
-4.7889264e-05
-4.3092526e-05
-3.847235e-05
-3.4015807e-05
-2.9700298e-05
-2.55196e-05
-2.1348902e-05
-1.8337794e-05
-4.6138887e-06
-9.5185641e-05
-9.5007931e-05
-9.477459e-05
-9.4503825e-05
-9.4184036e-05
-9.3803281e-05
-9.3350538e-05
-9.2813446e-05
-9.2177704e-05
-9.1427095e-05
-9.0543532e-05
-8.9507185e-05
-8.829676e-05
-8.6890035e-05
-8.5264674e-05
-8.3399409e-05
-8.1275613e-05
-7.8879258e-05
-7.6203173e-05
-7.324943e-05
-7.0031503e-05
-6.6575732e-05
-6.2921508e-05
-5.9119684e-05
-5.5228984e-05
-5.1310678e-05
-4.7422256e-05
-4.3611256e-05
-3.9910452e-05
-3.6335474e-05
-3.2885387e-05
-2.9546218e-05
-2.6296683e-05
-2.3113916e-05
-1.9975816e-05
-1.690126e-05
-1.3838646e-05
-1.1592112e-05
-6.4915184e-06
-5.3191376e-05
-5.3064553e-05
-5.2898038e-05
-5.2705105e-05
-5.2477619e-05
-5.2207272e-05
-5.1886531e-05
-5.150705e-05
-5.1059297e-05
-5.0532642e-05
-4.9915485e-05
-4.9195455e-05
-4.8359758e-05
-4.7395699e-05
-4.6291433e-05
-4.5036941e-05
-4.3625213e-05
-4.2053597e-05
-4.0325163e-05
-3.8449932e-05
-3.6445743e-05
-3.4338492e-05
-3.2161458e-05
-2.9953407e-05
-2.7755273e-05
-2.5605544e-05
-2.3534979e-05
-2.1561764e-05
-1.9688381e-05
-1.7901164e-05
-1.6172887e-05
-1.4468134e-05
-1.2751006e-05
-1.0990181e-05
-9.1600242e-06
-7.3121601e-06
-5.413435e-06
-3.9154566e-06
-1.4197287e-06
-1.014267e-05
-1.0074501e-05
-9.9851138e-06
-9.8816566e-06
-9.7599034e-06
-9.6155535e-06
-9.4447799e-06
-9.2434199e-06
-9.0068138e-06
-8.7299052e-06
-8.4073846e-06
-8.0338976e-06
-7.6043626e-06
-7.1144303e-06
-6.5611127e-06
-5.9435963e-06
-5.2642297e-06
-4.5296262e-06
-3.7517352e-06
-2.9486242e-06
-2.1446001e-06
-1.3692648e-06
-6.5521698e-07
-3.441609e-08
4.663974e-07
8.3050442e-07
1.0553494e-06
1.1551261e-06
1.1610476e-06
1.1188807e-06
1.0838732e-06
1.1134071e-06
1.2570368e-06
1.5557721e-06
2.0498456e-06
2.6297038e-06
3.3335703e-06
3.9592989e-06
5.14226e-06
3.6293483e-05
3.6297752e-05
3.63031e-05
3.6308807e-05
3.6314812e-05
3.6320934e-05
3.6326756e-05
3.6331593e-05
3.6334391e-05
3.6333569e-05
3.6326813e-05
3.6310807e-05
3.6280896e-05
3.6230686e-05
3.6151582e-05
3.6032319e-05
3.5858536e-05
3.5612522e-05
3.5273255e-05
3.4816894e-05
3.4217878e-05
3.3450754e-05
3.2492836e-05
3.1327704e-05
2.9949329e-05
2.836624e-05
2.6604765e-05
2.4710237e-05
2.2745286e-05
2.0785043e-05
1.8909863e-05
1.7195893e-05
1.5701426e-05
1.4480078e-05
1.3612572e-05
1.284784e-05
1.2293366e-05
1.1901341e-05
1.184248e-05
8.3850413e-05
8.3785421e-05
8.3699701e-05
8.3599659e-05
8.3480637e-05
8.3337704e-05
8.3166012e-05
8.2959872e-05
8.2712385e-05
8.2415266e-05
8.2058612e-05
8.1630623e-05
8.1117296e-05
8.0502123e-05
7.9765806e-05
7.8886058e-05
7.7837566e-05
7.6592229e-05
7.5119848e-05
7.3389477e-05
7.1371626e-05
6.9041464e-05
6.638292e-05
6.3393306e-05
6.0087769e-05
5.6502669e-05
5.2696936e-05
4.8750652e-05
4.4760447e-05
4.0832083e-05
3.7071245e-05
3.3571481e-05
3.0393974e-05
2.7622544e-05
2.5366661e-05
2.3143323e-05
2.1327216e-05
1.9861186e-05
1.8616016e-05
0.0001324722
0.00013233522
0.00013215485
0.00013194482
0.00013169568
0.00013139753
0.00013104084
0.00013061464
0.0001301058
0.0001294989
0.00012877588
0.00012791579
0.00012689447
0.00012568436
0.00012425446
0.00012257046
0.00012059532
0.00011829029
0.00011561661
0.00011253801
0.00010902406
0.00010505438
0.00010062333
9.5744964e-05
9.0457173e-05
8.4824337e-05
7.8937219e-05
7.2909383e-05
6.6870036e-05
6.0954352e-05
5.5292892e-05
4.9994667e-05
4.5114392e-05
4.0883804e-05
3.6986562e-05
3.3395175e-05
3.0439271e-05
2.7763306e-05
2.5360481e-05
0.00018088349
0.00018067279
0.00018039548
0.00018007287
0.00017969063
0.00017923376
0.00017868805
0.00017803715
0.00017726172
0.00017633915
0.0001752433
0.00017394413
0.0001724075
0.00017059507
0.00016846448
0.00016596984
0.00016306283
0.00015969438
0.00015581727
0.00015138965
0.00014637963
0.00014077062
0.00013456712
0.00012780012
0.00012053112
0.00011285363
0.00010489106
9.6790591e-05
8.8713127e-05
8.0820974e-05
7.3263862e-05
6.6151666e-05
5.9471485e-05
5.3748441e-05
4.8436439e-05
4.3638117e-05
3.9385234e-05
3.5442587e-05
3.1930271e-05
0.00022830502
0.00022802097
0.00022764722
0.00022721259
0.00022669788
0.00022608308
0.00022534923
0.00022447468
0.00022343386
0.00022219702
0.00022072991
0.00021899344
0.0002169435
0.00021453097
0.00021170216
0.0002083997
0.00020456416
0.00020013654
0.00019506176
0.00018929336
0.00018279912
0.00017556749
0.00016761411
0.00015898749
0.00014977267
0.00014009165
0.00013009942
0.00011997534
0.00010991035
0.00010009034
9.0672411e-05
8.1762255e-05
7.3584028e-05
6.6176125e-05
5.9400212e-05
5.3308869e-05
4.7777729e-05
4.2755603e-05
3.8199649e-05
0.00027366271
0.00027330734
0.00027283983
0.00027229631
0.00027165286
0.00027088458
0.00026996797
0.00026887622
0.00026757775
0.00026603593
0.00026420872
0.00026204835
0.00025950113
0.00025650771
0.00025300361
0.00024892059
0.00024418876
0.00023873977
0.00023251122
0.00022545234
0.00021753076
0.00020873996
0.00019910651
0.00018869611
0.00017761683
0.00016601841
0.00015408643
0.00014203149
0.00013007419
0.00011842729
0.00010727732
9.6787569e-05
8.717893e-05
7.8028953e-05
6.9674401e-05
6.2379724e-05
5.5711554e-05
4.9618089e-05
4.4065524e-05
0.0003160116
0.00031558886
0.00031503281
0.00031438646
0.00031362144
0.00031270824
0.00031161906
0.00031032223
0.00030878052
0.00030695078
0.00030478366
0.00030222318
0.00029920669
0.00029566517
0.00029152405
0.00028670493
0.00028112818
0.00027471685
0.00026740195
0.00025912906
0.00024986614
0.00023961187
0.00022840356
0.0002163233
0.00020350088
0.00019011183
0.00017636993
0.00016251408
0.00014879092
0.00013543519
0.00012265088
0.00011060618
9.9457843e-05
8.9081347e-05
7.9492486e-05
7.0867979e-05
6.3036456e-05
5.5914806e-05
4.9430993e-05
0.00035437408
0.00035388976
0.00035325267
0.00035251222
0.00035163596
0.00035059017
0.00034934313
0.00034785873
0.00034609457
0.00034400161
0.0003415238
0.00033859773
0.00033515262
0.00033111067
0.00032638824
0.00032089773
0.00031455078
0.00030726277
0.00029895884
0.0002895814
0.00027909888
0.00026751483
0.00025487649
0.00024128102
0.00022687799
0.00021186637
0.00019648526
0.00018099876
0.00016567634
0.0001507715
0.00013650174
0.00012303705
0.00011050433
9.8893865e-05
8.8190773e-05
7.8453801e-05
6.9585992e-05
6.1532173e-05
5.4206407e-05
0.00038788067
0.00038734132
0.00038663002
0.00038580667
0.00038483278
0.00038367044
0.00038228456
0.00038063521
0.00037867544
0.00037635101
0.0003736
0.00037035248
0.0003665305
0.0003620486
0.00035681515
0.00035073456
0.00034371086
0.00033565281
0.00032648056
0.00031613398
0.00030458212
0.00029183311
0.00027794305
0.00026302246
0.00024723821
0.00023080961
0.00021399771
0.00019708822
0.00018037013
0.00016411287
0.00014854559
0.00013384339
0.00012012376
0.00010741137
9.5701069e-05
8.5001276e-05
7.5237483e-05
6.6371499e-05
5.8312441e-05
0.00041571666
0.00041512954
0.00041435087
0.00041345796
0.00041240284
0.00041114318
0.0004096413
0.00040785415
0.00040573103
0.00040321335
0.00040023432
0.00039671858
0.00039258224
0.00038773352
0.00038207416
0.00037550196
0.00036791467
0.00035921556
0.00034932067
0.00033816775
0.0003257264
0.00031200854
0.00029707772
0.00028105558
0.00026412348
0.00024651766
0.00022851727
0.00021042585
0.00019254837
0.00017516722
0.00015852095
0.00014278978
0.00012808975
0.00011445994
0.00010189959
9.0396062e-05
7.9888422e-05
7.0348257e-05
6.168118e-05
0.00043724725
0.00043662374
0.00043579328
0.00043484765
0.00043373081
0.00043239677
0.0004308056
0.00042891156
0.00042666087
0.00042399182
0.00042083419
0.00041710847
0.00041272617
0.00040759056
0.00040159831
0.00039464215
0.00038661508
0.00037741626
0.00036695873
0.00035517883
0.00034204678
0.00032757761
0.00031184071
0.00029496634
0.0002771469
0.00025863156
0.00023971329
0.00022070916
0.00020193628
0.00018368687
0.00016620653
0.00014967954
0.00013422282
0.00011988315
0.00010666152
9.4535709e-05
8.3453363e-05
7.3392911e-05
6.4257015e-05
0.00045183477
0.00045118676
0.0004503214
0.00044934108
0.00044818404
0.00044680189
0.00044515314
0.00044318979
0.00044085501
0.00043808493
0.00043480792
0.00043094197
0.00042639526
0.00042106767
0.0004148524
0.00040763868
0.00039931617
0.0003897811
0.00037894429
0.00036674093
0.00035314154
0.00033816315
0.00032187914
0.00030442567
0.00028600285
0.00026686875
0.00024732585
0.00022770049
0.00020831803
0.00018947733
0.00017142877
0.00015435941
0.00013838735
0.00012356331
0.00010988949
9.7339573e-05
8.586598e-05
7.5451671e-05
6.599694e-05
0.00045938024
0.00045895938
0.00045826506
0.00045741207
0.00045634205
0.00045498971
0.00045325985
0.00045103805
0.00044832411
0.00044526514
0.00044187283
0.00043794988
0.00043332553
0.0004278997
0.00042156993
0.00041422454
0.00040575117
0.00039604447
0.00038501423
0.00037259512
0.00035875789
0.00034352066
0.00032695884
0.0003092116
0.00029048287
0.00027103521
0.00025117584
0.00023123574
0.00021154442
0.0001924041
0.00017406755
0.00015672326
0.00014049006
0.00012542034
0.00011151693
9.8752111e-05
8.7080478e-05
7.6487215e-05
6.6871031e-05
-4.8666861e-05
-4.0097196e-05
-3.6144751e-05
-3.0981936e-05
-2.752478e-05
-2.4159513e-05
-2.140684e-05
-1.8954019e-05
-1.6818577e-05
-1.4941913e-05
-1.3258574e-05
-1.1819192e-05
-1.0415648e-05
-9.4085946e-06
-8.0558325e-06
-4.8725289e-05
-4.0055722e-05
-3.6164172e-05
-3.1007814e-05
-2.7552111e-05
-2.4191217e-05
-2.1435075e-05
-1.8979976e-05
-1.6840264e-05
-1.495932e-05
-1.3271377e-05
-1.182787e-05
-1.0419115e-05
-9.411847e-06
-8.0445244e-06
-4.8848333e-05
-3.9940937e-05
-3.6170722e-05
-3.1008171e-05
-2.7558849e-05
-2.4204267e-05
-2.1445611e-05
-1.8989766e-05
-1.684687e-05
-1.4962762e-05
-1.3271276e-05
-1.1824885e-05
-1.0410862e-05
-9.4083743e-06
-8.0156494e-06
-4.9026652e-05
-3.973729e-05
-3.6152887e-05
-3.0972507e-05
-2.7536917e-05
-2.4191643e-05
-2.1433031e-05
-1.8979013e-05
-1.6835087e-05
-1.4949826e-05
-1.3256589e-05
-1.1809349e-05
-1.0390359e-05
-9.3985352e-06
-7.9689105e-06
-4.925334e-05
-3.9442174e-05
-3.6106773e-05
-3.0899884e-05
-2.7485423e-05
-2.4153109e-05
-2.139738e-05
-1.8947885e-05
-1.6805149e-05
-1.4920748e-05
-1.3227477e-05
-1.1781368e-05
-1.0357614e-05
-9.3820853e-06
-7.904226e-06
-4.9518342e-05
-3.9055969e-05
-3.602761e-05
-3.0788555e-05
-2.7402153e-05
-2.408697e-05
-2.1337198e-05
-1.8895064e-05
-1.67559e-05
-1.4874487e-05
-1.3183002e-05
-1.1740058e-05
-1.0311943e-05
-9.3579723e-06
-7.8215657e-06
-4.9805885e-05
-3.8580809e-05
-3.5909097e-05
-3.0635767e-05
-2.728383e-05
-2.3990596e-05
-2.1250193e-05
-1.8818515e-05
-1.6685579e-05
-1.4809508e-05
-1.3121845e-05
-1.1684224e-05
-1.0252522e-05
-9.3248808e-06
-7.7212253e-06
-5.009191e-05
-3.8014784e-05
-3.5744096e-05
-3.0438581e-05
-2.7126877e-05
-2.38612e-05
-2.1133963e-05
-1.8716125e-05
-1.6592377e-05
-1.4724243e-05
-1.3042682e-05
-1.1612649e-05
-1.0178584e-05
-9.28136e-06
-7.6038917e-06
-5.0346261e-05
-3.7334442e-05
-3.5524731e-05
-3.0194378e-05
-2.6927455e-05
-2.3695828e-05
-2.0986003e-05
-1.8585708e-05
-1.6474426e-05
-1.461708e-05
-1.294416e-05
-1.1524078e-05
-1.0089383e-05
-9.2258088e-06
-7.4706118e-06
-5.0562704e-05
-3.6567508e-05
-3.5242467e-05
-2.9901746e-05
-2.6681612e-05
-2.3491239e-05
-2.0803627e-05
-1.8424933e-05
-1.6329741e-05
-1.4486314e-05
-1.2824857e-05
-1.1417187e-05
-9.9841526e-06
-9.1564831e-06
-7.3227488e-06
-5.076173e-05
-3.5759808e-05
-3.4849467e-05
-2.9559629e-05
-2.638584e-05
-2.3243911e-05
-2.0583923e-05
-1.8231298e-05
-1.6156202e-05
-1.4330131e-05
-1.2683271e-05
-1.1290579e-05
-9.8620952e-06
-9.071528e-06
-7.1619246e-06
-5.0838088e-05
-3.4870539e-05
-3.4344182e-05
-2.9151579e-05
-2.6035041e-05
-2.295005e-05
-2.0323761e-05
-1.8002147e-05
-1.5951573e-05
-1.414663e-05
-1.2517828e-05
-1.1142807e-05
-9.7223735e-06
-8.9690248e-06
-6.9899439e-06
-5.0657819e-05
-3.3864035e-05
-3.3778104e-05
-2.8674143e-05
-2.562425e-05
-2.2605703e-05
-2.0019874e-05
-1.7734724e-05
-1.5713547e-05
-1.3933865e-05
-1.2326927e-05
-1.0972404e-05
-9.5641246e-06
-8.8470543e-06
-6.8087022e-06
-5.0219744e-05
-3.2795609e-05
-3.3127536e-05
-2.8129634e-05
-2.514933e-05
-2.2206827e-05
-1.9668966e-05
-1.7426279e-05
-1.5439844e-05
-1.3689924e-05
-1.2108997e-05
-1.0777941e-05
-9.3864904e-06
-8.7037793e-06
-6.6200833e-06
-4.9504323e-05
-3.1685082e-05
-3.2351533e-05
-2.7510999e-05
-2.460547e-05
-2.174936e-05
-1.9267861e-05
-1.7074222e-05
-1.5128349e-05
-1.3413053e-05
-1.1862601e-05
-1.0558118e-05
-9.1886728e-06
-8.5375443e-06
-6.4258533e-06
-4.8444839e-05
-3.0511366e-05
-3.1435517e-05
-2.6811437e-05
-2.3987935e-05
-2.1229535e-05
-1.8813757e-05
-1.6676355e-05
-1.477731e-05
-1.3101817e-05
-1.1586572e-05
-1.031187e-05
-8.9700114e-06
-8.3469897e-06
-6.227561e-06
-4.6975721e-05
-2.9280376e-05
-3.0369302e-05
-2.6025058e-05
-2.3292941e-05
-2.0644324e-05
-1.8304559e-05
-1.6231151e-05
-1.4385569e-05
-1.2755294e-05
-1.128016e-05
-1.0038502e-05
-8.7300773e-06
-8.1311719e-06
-6.0264517e-06
-4.5030044e-05
-2.7998915e-05
-2.9143515e-05
-2.514597e-05
-2.2517682e-05
-1.9991563e-05
-1.7739053e-05
-1.573795e-05
-1.3952751e-05
-1.2373239e-05
-1.0943184e-05
-9.737809e-06
-8.4687683e-06
-7.8896763e-06
-5.8234047e-06
-4.2540784e-05
-2.6664481e-05
-2.7747967e-05
-2.4165989e-05
-2.165934e-05
-1.9269512e-05
-1.7116733e-05
-1.5196933e-05
-1.3479302e-05
-1.1956155e-05
-1.0576094e-05
-9.4101566e-06
-8.186379e-06
-7.6227018e-06
-5.6188953e-06
-3.9483605e-05
-2.5289653e-05
-2.6186736e-05
-2.3081269e-05
-2.0719296e-05
-1.8479446e-05
-1.6439308e-05
-1.4610004e-05
-1.2967009e-05
-1.1505594e-05
-1.0180169e-05
-9.0566076e-06
-7.8836907e-06
-7.3311182e-06
-5.4130203e-06
-3.5908134e-05
-2.3979283e-05
-2.4539596e-05
-2.1926987e-05
-1.9723343e-05
-1.7637569e-05
-1.5717574e-05
-1.3984816e-05
-1.2421407e-05
-1.1025616e-05
-9.7583801e-06
-8.6794363e-06
-7.5622743e-06
-7.0165717e-06
-5.2056881e-06
-3.1502326e-05
-2.2742485e-05
-2.2889593e-05
-2.0736366e-05
-1.8696349e-05
-1.6760852e-05
-1.496392e-05
-1.3331061e-05
-1.1850077e-05
-1.0522096e-05
-9.3151526e-06
-8.2821542e-06
-7.2245305e-06
-6.6815919e-06
-4.99667e-06
-2.4694182e-05
-2.0459389e-05
-2.0632879e-05
-1.912272e-05
-1.7413216e-05
-1.572354e-05
-1.4110415e-05
-1.2613211e-05
-1.1234833e-05
-9.986165e-06
-8.846593e-06
-7.8640136e-06
-6.8705271e-06
-6.3287774e-06
-4.783702e-06
-1.4377394e-05
-1.530896e-05
-1.6613796e-05
-1.6350037e-05
-1.5436118e-05
-1.4273922e-05
-1.3010731e-05
-1.1743828e-05
-1.0521915e-05
-9.3845287e-06
-8.3327197e-06
-7.4136785e-06
-6.4940522e-06
-5.9583038e-06
-4.5603754e-06
-7.4780304e-06
-6.1372452e-06
-5.5292226e-06
-4.6153109e-06
-3.9447334e-06
-3.2742596e-06
-2.6910021e-06
-2.1787418e-06
-1.701488e-06
-1.3455137e-06
-9.2822333e-07
-7.8737019e-07
-2.6011052e-07
-6.3586067e-07
8.0271433e-07
-7.4845462e-06
-6.1294727e-06
-5.5261379e-06
-4.613377e-06
-3.9429306e-06
-3.273216e-06
-2.6902101e-06
-2.1781924e-06
-1.7011534e-06
-1.3452217e-06
-9.2815499e-07
-7.8712301e-07
-2.6038691e-07
-6.3650534e-07
7.968885e-07
-7.4967568e-06
-6.1126099e-06
-5.5196979e-06
-4.6090521e-06
-3.9390703e-06
-3.2709158e-06
-2.6884736e-06
-2.1769863e-06
-1.7003971e-06
-1.344589e-06
-9.2796364e-07
-7.8661636e-07
-2.6089591e-07
-6.3777854e-07
7.8717665e-07
-7.5149599e-06
-6.0860292e-06
-5.5096062e-06
-4.6020807e-06
-3.9329813e-06
-3.2672293e-06
-2.6857026e-06
-2.17506e-06
-1.6991731e-06
-1.3435864e-06
-9.2762809e-07
-7.8583438e-07
-2.6163433e-07
-6.3959039e-07
7.745462e-07
-7.5387054e-06
-6.0495091e-06
-5.4954576e-06
-4.592278e-06
-3.9244972e-06
-3.26204e-06
-2.6818163e-06
-2.172355e-06
-1.6974434e-06
-1.342185e-06
-9.2713656e-07
-7.8475292e-07
-2.6261435e-07
-6.4178627e-07
7.5900427e-07
-7.5669303e-06
-6.0030704e-06
-5.4767731e-06
-4.5794685e-06
-3.9134437e-06
-3.2552237e-06
-2.6767293e-06
-2.1688085e-06
-1.6951671e-06
-1.3403531e-06
-9.2647555e-07
-7.8334525e-07
-2.6384549e-07
-6.4415632e-07
7.4196766e-07
-7.5980437e-06
-5.9469742e-06
-5.4530157e-06
-4.5634813e-06
-3.8996424e-06
-3.2466481e-06
-2.670352e-06
-2.1643535e-06
-1.6922999e-06
-1.3380577e-06
-9.2562956e-07
-7.8158309e-07
-2.6533497e-07
-6.464852e-07
7.2475983e-07
-7.6298999e-06
-5.881732e-06
-5.4236011e-06
-4.5441487e-06
-3.8829139e-06
-3.2361745e-06
-2.6625916e-06
-2.15892e-06
-1.688795e-06
-1.3352644e-06
-9.2458188e-07
-7.7943619e-07
-2.6709329e-07
-6.4854944e-07
7.0583738e-07
-7.6597683e-06
-5.8080882e-06
-5.3879136e-06
-4.5212972e-06
-3.8630788e-06
-3.2236561e-06
-2.6533522e-06
-2.1524344e-06
-1.6846036e-06
-1.3319372e-06
-9.2331465e-07
-7.7687208e-07
-2.691238e-07
-6.4956908e-07
6.8358355e-07
-7.6843363e-06
-5.7269812e-06
-5.3453268e-06
-4.4947355e-06
-3.8399586e-06
-3.2089366e-06
-2.6425333e-06
-2.1448191e-06
-1.6796736e-06
-1.3280386e-06
-9.2180858e-07
-7.7385707e-07
-2.7143655e-07
-6.4686007e-07
6.5824759e-07
-7.6997497e-06
-5.6394839e-06
-5.2952298e-06
-4.464239e-06
-3.8133749e-06
-3.1918479e-06
-2.6300284e-06
-2.1359911e-06
-1.6739493e-06
-1.3235293e-06
-9.2004258e-07
-7.7036197e-07
-2.7411645e-07
-6.3796078e-07
6.3111219e-07
-7.7016986e-06
-5.5467235e-06
-5.2370552e-06
-4.429534e-06
-3.7831483e-06
-3.1722074e-06
-2.6157233e-06
-2.1258615e-06
-1.6673704e-06
-1.3183673e-06
-9.1799324e-07
-7.6637352e-07
-2.7726146e-07
-6.2377495e-07
6.0668015e-07
-7.6855556e-06
-5.4497837e-06
-5.170309e-06
-4.3902821e-06
-3.7490956e-06
-3.149816e-06
-2.5994937e-06
-2.1143336e-06
-1.6598711e-06
-1.312508e-06
-9.1563403e-07
-7.6187903e-07
-2.8047553e-07
-6.0725611e-07
5.8727892e-07
-7.646573e-06
-5.3495962e-06
-5.0945989e-06
-4.3460678e-06
-3.7110258e-06
-3.1244556e-06
-2.5812025e-06
-2.1013013e-06
-1.6513785e-06
-1.3059029e-06
-9.1293597e-07
-7.5687971e-07
-2.8254665e-07
-5.9020491e-07
5.684896e-07
-7.5801339e-06
-5.2468299e-06
-5.0096577e-06
-4.2963914e-06
-3.6687354e-06
-3.0958877e-06
-2.5606968e-06
-2.0866474e-06
-1.6418114e-06
-1.298499e-06
-9.0987437e-07
-7.5141542e-07
-2.8311274e-07
-5.7277699e-07
5.4668842e-07
-7.4820469e-06
-5.1417934e-06
-4.9153583e-06
-4.2406716e-06
-3.6220018e-06
-3.0638535e-06
-2.5378056e-06
-2.0702417e-06
-1.6310783e-06
-1.2902374e-06
-9.0643382e-07
-7.4552157e-07
-2.8364485e-07
-5.5488013e-07
5.2159045e-07
-7.3488629e-06
-5.034363e-06
-4.8117188e-06
-4.1782575e-06
-3.5705793e-06
-3.028075e-06
-2.5123375e-06
-2.0519391e-06
-1.6190756e-06
-1.2810522e-06
-9.025924e-07
-7.3919451e-07
-2.8518377e-07
-5.3642845e-07
4.9341325e-07
-7.1781812e-06
-4.9239529e-06
-4.6988949e-06
-4.1084541e-06
-3.5141945e-06
-2.9882589e-06
-2.4840798e-06
-2.0315782e-06
-1.6056864e-06
-1.2708693e-06
-8.9831754e-07
-7.3241994e-07
-2.8766318e-07
-5.1739165e-07
4.622209e-07
-6.9689045e-06
-4.8095386e-06
-4.5771596e-06
-4.0305585e-06
-3.4525477e-06
-2.9441036e-06
-2.4528005e-06
-2.0089814e-06
-1.5907793e-06
-1.2596052e-06
-8.9356407e-07
-7.2517839e-07
-2.9106072e-07
-4.9780303e-07
4.2803765e-07
-6.7213816e-06
-4.6897455e-06
-4.4468733e-06
-3.9439062e-06
-3.3853199e-06
-2.895309e-06
-2.4182523e-06
-1.9839558e-06
-1.5742089e-06
-1.2471671e-06
-8.8827237e-07
-7.1744389e-07
-2.9550423e-07
-4.7782377e-07
3.9090052e-07
-6.4373965e-06
-4.5630072e-06
-4.3084462e-06
-3.8479081e-06
-3.3121784e-06
-2.8415826e-06
-2.3801732e-06
-1.95629e-06
-1.5558116e-06
-1.2334472e-06
-8.8236201e-07
-7.0915412e-07
-3.0067375e-07
-4.5755309e-07
3.508549e-07
-6.1202798e-06
-4.4276984e-06
-4.1623147e-06
-3.7420607e-06
-3.2327579e-06
-2.7826243e-06
-2.3382679e-06
-1.9257313e-06
-1.5353853e-06
-1.2183076e-06
-8.757145e-07
-7.0013872e-07
-3.0563915e-07
-4.3600496e-07
3.0828838e-07
-5.7761691e-06
-4.2817801e-06
-4.0090294e-06
-3.6260539e-06
-3.1466763e-06
-2.71817e-06
-2.2922413e-06
-1.8920101e-06
-1.5126977e-06
-1.2016056e-06
-8.6818168e-07
-6.9048484e-07
-3.0906091e-07
-4.1211662e-07
2.6434392e-07
-5.4141498e-06
-4.1221926e-06
-3.8494706e-06
-3.500402e-06
-3.0540022e-06
-2.6484196e-06
-2.2421896e-06
-1.8551849e-06
-1.4877592e-06
-1.18343e-06
-8.5976467e-07
-6.7961573e-07
-3.1194345e-07
-3.8637708e-07
2.2048303e-07
-1.0510622e-05
-5.3599131e-06
-1.7053802e-06
5.6347853e-07
1.7905308e-06
2.5034067e-06
2.8808739e-06
2.9864656e-06
3.1884763e-06
-1.6734747e-06
5.8794309e-07
2.1357552e-06
3.0933566e-06
3.4800622e-06
3.6282649e-06
3.6308479e-06
3.5116655e-06
3.6579393e-06
4.777103e-06
5.5868353e-06
5.753607e-06
5.625897e-06
5.2051614e-06
4.7652913e-06
4.3765626e-06
4.0228217e-06
4.1216258e-06
1.0851984e-05
1.0364183e-05
9.3104321e-06
8.1393218e-06
6.9112051e-06
5.8852594e-06
5.1089061e-06
4.527759e-06
4.5856485e-06
1.685137e-05
1.5097568e-05
1.2836448e-05
1.0619037e-05
8.581666e-06
6.9771504e-06
5.8201453e-06
5.0250075e-06
5.0408625e-06
2.2693635e-05
1.9720188e-05
1.6279514e-05
1.3030062e-05
1.0196358e-05
8.0289855e-06
6.5040212e-06
5.5155414e-06
5.4719684e-06
2.8297332e-05
2.4158569e-05
1.9584957e-05
1.5337365e-05
1.1735202e-05
9.0290446e-06
7.1552818e-06
5.9914561e-06
5.8534069e-06
3.3594511e-05
2.8352971e-05
2.2705295e-05
1.7509208e-05
1.3179299e-05
9.9665063e-06
7.7677052e-06
6.4324753e-06
6.1997366e-06
3.8517433e-05
3.224692e-05
2.5597028e-05
1.951664e-05
1.4511081e-05
1.0830696e-05
8.329947e-06
6.8299466e-06
6.5293605e-06
4.2998167e-05
3.578623e-05
2.8220152e-05
2.1333406e-05
1.571429e-05
1.1610107e-05
8.8272632e-06
7.1825469e-06
6.8382743e-06
4.6971921e-05
3.8920651e-05
3.0538595e-05
2.2936052e-05
1.6774003e-05
1.2293665e-05
9.2630899e-06
7.4979511e-06
7.1136263e-06
5.037975e-05
4.1605164e-05
3.2520621e-05
2.4303979e-05
1.7677587e-05
1.2876349e-05
9.6434e-06
7.7720096e-06
7.3435138e-06
5.3170317e-05
4.3800958e-05
3.4139252e-05
2.5419712e-05
1.8414187e-05
1.3351671e-05
9.9555542e-06
7.9917073e-06
7.5276895e-06
5.5301129e-05
4.547611e-05
3.5372489e-05
2.6268977e-05
1.8974658e-05
1.3713389e-05
1.0192271e-05
8.1559822e-06
7.6674979e-06
5.6738941e-05
4.6605512e-05
3.6202866e-05
2.6840177e-05
1.935136e-05
1.3956328e-05
1.0350346e-05
8.2674786e-06
7.7613357e-06
5.7460326e-05
4.717125e-05
3.6617705e-05
2.7124594e-05
1.9538236e-05
1.4076249e-05
1.0427537e-05
8.3229353e-06
7.8074138e-06
-1.6090608e-05
-1.7701052e-05
-1.7415203e-05
-1.6240311e-05
-1.4885869e-05
-1.3550927e-05
-1.2261658e-05
-1.1036667e-05
-9.8834689e-06
-8.8189145e-06
-7.8417724e-06
-6.9803953e-06
-6.1401504e-06
-5.6067996e-06
-4.365909e-06
-6.9805737e-06
-9.6503711e-06
-1.0703792e-05
-1.0935714e-05
-1.0841788e-05
-1.0500199e-05
-9.9479799e-06
-9.2548502e-06
-8.4949335e-06
-7.7290377e-06
-6.9894676e-06
-6.3026675e-06
-5.634887e-06
-5.1315593e-06
-4.1752579e-06
-3.6005498e-06
-6.2134923e-06
-7.3950392e-06
-7.7296081e-06
-7.8295349e-06
-7.7955825e-06
-7.589816e-06
-7.2250463e-06
-6.7817193e-06
-6.3051753e-06
-5.8180058e-06
-5.3398708e-06
-4.8695441e-06
-4.4430776e-06
-3.8319611e-06
-1.0830358e-06
-2.4178571e-06
-3.2307378e-06
-3.7428552e-06
-4.1164648e-06
-4.3615814e-06
-4.4954925e-06
-4.5113108e-06
-4.4496433e-06
-4.3431395e-06
-4.1767172e-06
-3.9702374e-06
-3.7354906e-06
-3.4853007e-06
-3.1939346e-06
6.5905073e-07
2.8976428e-08
-5.3491656e-07
-1.0213334e-06
-1.4249411e-06
-1.7466095e-06
-1.9918109e-06
-2.1751776e-06
-2.298818e-06
-2.3655172e-06
-2.3856137e-06
-2.3718216e-06
-2.3354419e-06
-2.2830659e-06
-2.219703e-06
1.8023974e-06
1.5183906e-06
1.2081462e-06
9.0689315e-07
6.3406415e-07
3.873513e-07
1.6323261e-07
-3.8847206e-08
-2.1866859e-07
-3.7747667e-07
-5.167727e-07
-6.3742904e-07
-7.3973062e-07
-8.2560144e-07
-9.0603715e-07
2.4494758e-06
2.3191825e-06
2.1600864e-06
1.9933481e-06
1.8308756e-06
1.6717304e-06
1.5147784e-06
1.3607219e-06
1.2104821e-06
1.0647122e-06
9.2397855e-07
7.8881993e-07
6.5966989e-07
5.3699294e-07
4.1602844e-07
2.7111711e-06
2.6591461e-06
2.5827353e-06
2.4966299e-06
2.4098583e-06
2.3215392e-06
2.2303634e-06
2.1363938e-06
2.0399284e-06
1.9410924e-06
1.8399614e-06
1.7366492e-06
1.6313078e-06
1.5241514e-06
1.4135983e-06
2.9612668e-06
2.9287905e-06
2.8788288e-06
2.8216098e-06
2.7622715e-06
2.699921e-06
2.6335859e-06
2.5631305e-06
2.488554e-06
2.4097764e-06
2.3267205e-06
2.239356e-06
2.1476953e-06
2.0519138e-06
1.9542789e-06
-5.0684704e-06
-3.9762829e-06
-3.7044813e-06
-3.3838329e-06
-2.9688232e-06
-2.5839992e-06
-2.1959627e-06
-1.8211498e-06
-1.4647535e-06
-1.1667871e-06
-8.5214446e-07
-6.6885929e-07
-3.1620143e-07
-3.6227231e-07
1.8273757e-07
-4.6089288e-06
-3.8292794e-06
-3.5289567e-06
-3.2407995e-06
-2.8650694e-06
-2.5035911e-06
-2.1374954e-06
-1.7774738e-06
-1.4349961e-06
-1.144653e-06
-8.4215408e-07
-6.5449473e-07
-3.223372e-07
-3.3073921e-07
1.4177307e-07
-3.9680289e-06
-3.5432578e-06
-3.2491418e-06
-2.9980509e-06
-2.684611e-06
-2.3647597e-06
-2.0345373e-06
-1.6991983e-06
-1.3803353e-06
-1.1040168e-06
-8.2252986e-07
-6.2952663e-07
-3.2950518e-07
-2.837459e-07
8.5617727e-08
-3.1757113e-06
-3.0067743e-06
-2.7992235e-06
-2.6037613e-06
-2.3788099e-06
-2.1335086e-06
-1.8562632e-06
-1.557841e-06
-1.2772937e-06
-1.0286254e-06
-7.8095079e-07
-5.8710679e-07
-3.3059092e-07
-2.2604502e-07
1.3805133e-08
-2.1690525e-06
-2.1538553e-06
-2.1061478e-06
-2.0249312e-06
-1.9141009e-06
-1.7614752e-06
-1.5418689e-06
-1.2992916e-06
-1.0854021e-06
-8.9247493e-07
-6.976105e-07
-5.1800754e-07
-3.1072757e-07
-1.6014558e-07
-6.0339687e-08
-9.4611633e-07
-1.0539972e-06
-1.1304279e-06
-1.1600808e-06
-1.1521151e-06
-1.0912065e-06
-9.9827372e-07
-9.1266222e-07
-8.2214091e-07
-7.1218202e-07
-5.7183848e-07
-4.1103372e-07
-2.4454969e-07
-9.1858742e-08
-9.3285569e-08
3.2747857e-07
1.9134051e-07
6.309708e-08
-4.4044376e-08
-1.3864904e-07
-2.1708886e-07
-2.7589701e-07
-3.0931656e-07
-3.2023832e-07
-2.9641828e-07
-2.3058356e-07
-1.6721179e-07
-1.2466362e-07
-8.8969945e-08
-9.4858409e-08
1.3175063e-06
1.1948396e-06
1.0692469e-06
9.4761901e-07
8.2521386e-07
7.0264216e-07
5.8404891e-07
4.7242294e-07
3.6782586e-07
2.729903e-07
1.9170171e-07
1.2190423e-07
6.7080752e-08
2.943424e-08
-1.0180434e-09
1.8568521e-06
1.7497854e-06
1.6471762e-06
1.5410205e-06
1.4247493e-06
1.2993994e-06
1.1674192e-06
1.0304734e-06
8.902495e-07
7.4892134e-07
6.0905016e-07
4.7263072e-07
3.3983099e-07
2.0713476e-07
7.9607426e-08
-0.00031522678
-0.00031497181
-0.00031463001
-0.00031424307
-0.00031378537
-0.00031323705
-0.00031258094
-0.00031179703
-0.00031086122
-0.00030974507
-0.00030841527
-0.00030683302
-0.00030495337
-0.00030272468
-0.00030008812
-0.00029697756
-0.00029331974
-0.00028903509
-0.0002840394
-0.00027824662
-0.000271573
-0.00026394284
-0.00025529582
-0.00024559552
-0.00023483854
-0.00022306283
-0.00021035383
-0.00019684659
-0.00018272281
-0.00016820241
-0.00015352827
-0.00013895643
-0.00012471201
-0.00011105387
-9.8026922e-05
-8.6133699e-05
-7.44683e-05
-6.5451968e-05
-5.3988368e-05
-0.00031514433
-0.00031488906
-0.00031454698
-0.00031415961
-0.00031370135
-0.00031315235
-0.0003124954
-0.00031171044
-0.00031077334
-0.00030965558
-0.00030832378
-0.00030673906
-0.00030485639
-0.000302624
-0.00029998299
-0.00029686714
-0.00029320313
-0.0002889114
-0.00028390783
-0.00027810653
-0.00027142405
-0.00026378507
-0.00025512975
-0.00024542222
-0.00023465964
-0.0002228805
-0.00021017064
-0.00019666542
-0.0001825466
-0.00016803394
-0.00015337002
-0.00013881042
-0.00012457973
-0.0001109353
-9.7924085e-05
-8.6043984e-05
-7.4388989e-05
-6.541543e-05
-5.3847653e-05
-0.00031501573
-0.0003147592
-0.0003144156
-0.00031402622
-0.00031356557
-0.00031301372
-0.00031235337
-0.00031156438
-0.0003106225
-0.00030949907
-0.00030816059
-0.00030656803
-0.00030467621
-0.00030243323
-0.00029978008
-0.00029665045
-0.00029297104
-0.00028866239
-0.00028364062
-0.00027782021
-0.00027111828
-0.00026346027
-0.00025478726
-0.00024506445
-0.00023429011
-0.00022250377
-0.00020979215
-0.00019629114
-0.00018218265
-0.00016768611
-0.00015304346
-0.0001385094
-0.00012430715
-0.00011069161
-9.7712228e-05
-8.5861294e-05
-7.4224285e-05
-6.5345475e-05
-5.3558105e-05
-0.00031481345
-0.00031455473
-0.00031420845
-0.0003138156
-0.00031335084
-0.00031279412
-0.00031212803
-0.00031133226
-0.0003103824
-0.00030924964
-0.00030790026
-0.00030629506
-0.00030438865
-0.00030212895
-0.00029945679
-0.00029630578
-0.0002926026
-0.00028826793
-0.00028321819
-0.00027736846
-0.00027063672
-0.00026294958
-0.00025424957
-0.00024450354
-0.00023371148
-0.00022191454
-0.00020920077
-0.00019570689
-0.00018161502
-0.00016714405
-0.00015253494
-0.00013804114
-0.00012388334
-0.00011031342
-9.7383035e-05
-8.5579185e-05
-7.3967936e-05
-6.5238736e-05
-5.3108615e-05
-0.0003145188
-0.00031425702
-0.00031390698
-0.00031350928
-0.00031303875
-0.00031247522
-0.00031180107
-0.00031099578
-0.00031003472
-0.0003088888
-0.00030752408
-0.00030590105
-0.00030397406
-0.0003016908
-0.0002989919
-0.00029581088
-0.00029207449
-0.00028770363
-0.00028261527
-0.0002767253
-0.00026995289
-0.00026222627
-0.00025348991
-0.00024371291
-0.00023289757
-0.00022108727
-0.00020837184
-0.00019488911
-0.00018082149
-0.00016638705
-0.00015182535
-0.00013738844
-0.00012329279
-0.00010978705
-9.6924539e-05
-8.5187075e-05
-7.3611752e-05
-6.5085954e-05
-5.2493267e-05
-0.00031409525
-0.00031382953
-0.00031347467
-0.00031307075
-0.0003125928
-0.00031202052
-0.00031133602
-0.00031051852
-0.00030954307
-0.0003083803
-0.00030699591
-0.00030535006
-0.00030339676
-0.00030108339
-0.00029835037
-0.00029513112
-0.00029135246
-0.00028693564
-0.00028179829
-0.00027585742
-0.00026903378
-0.00026125766
-0.00025247608
-0.00024266098
-0.00023181768
-0.00021999235
-0.00020727706
-0.00019381103
-0.00017977699
-0.00016539185
-0.0001508934
-0.00013653218
-0.0001225183
-0.00010909733
-9.6323509e-05
-8.4672983e-05
-7.3146933e-05
-6.4875217e-05
-5.1709116e-05
-0.00031349726
-0.00031322678
-0.00031286611
-0.00031245462
-0.00031196769
-0.00031138479
-0.00031068773
-0.0003098554
-0.00030886251
-0.00030767929
-0.00030627105
-0.00030459751
-0.00030261231
-0.00030026246
-0.00029748812
-0.00029422263
-0.00029039291
-0.00028592069
-0.00028072448
-0.00027472267
-0.00026783798
-0.00026000328
-0.0002511687
-0.00024130972
-0.00023043529
-0.00021859496
-0.00020588355
-0.0001924419
-0.00017845302
-0.00016413221
-0.00014971509
-0.00013545102
-0.00012154076
-0.00010822738
-9.5565222e-05
-8.4023417e-05
-7.2563748e-05
-6.4591932e-05
-5.0754982e-05
-0.00031266311
-0.0003123871
-0.0003120197
-0.00031159942
-0.00031110203
-0.00031050677
-0.00030979509
-0.00030894551
-0.00030793233
-0.00030672535
-0.00030528939
-0.00030358371
-0.00030156148
-0.00029916934
-0.00029634716
-0.00029302818
-0.00028913952
-0.0002846035
-0.00027933969
-0.00027326819
-0.0002663141
-0.00025841338
-0.00024951989
-0.00023961329
-0.00022870682
-0.00021685403
-0.0002041529
-0.00019074608
-0.00017681683
-0.00016257809
-0.00014826301
-0.00013412093
-0.00012033873
-0.00010715816
-9.4632988e-05
-8.3222954e-05
-7.1851021e-05
-6.421845e-05
-4.9630678e-05
-0.00031151457
-0.00031123236
-0.00031085747
-0.00031042731
-0.00030991815
-0.000309309
-0.00030858091
-0.00030771197
-0.00030667602
-0.00030544237
-0.00030397533
-0.00030223364
-0.00030016997
-0.00029773053
-0.00029485493
-0.00029147633
-0.00028752213
-0.00028291538
-0.00027757695
-0.00027142895
-0.00026439929
-0.00025642755
-0.00024747192
-0.00023751689
-0.00022658066
-0.0002147213
-0.00020204034
-0.00018868242
-0.00017483091
-0.00016069526
-0.00014650646
-0.00013251612
-0.00011888826
-0.00010586807
-9.3507777e-05
-8.2253917e-05
-7.0995702e-05
-6.3734029e-05
-4.8337116e-05
-0.00030995352
-0.00030966461
-0.00030928165
-0.00030884075
-0.00030831878
-0.00030769453
-0.00030694859
-0.00030605861
-0.00030499793
-0.00030373533
-0.00030223459
-0.00030045388
-0.00029834537
-0.00029585483
-0.00029292162
-0.00028947889
-0.00028545444
-0.00028077217
-0.00027535453
-0.00026912598
-0.00026201765
-0.00025397325
-0.00024495593
-0.00023495562
-0.00022399606
-0.00021214039
-0.00019949396
-0.00018620349
-0.00017245241
-0.00015844514
-0.00014441239
-0.0001306094
-0.00011715973
-0.00010433196
-9.2167805e-05
-8.1096069e-05
-6.9982352e-05
-6.3115249e-05
-4.6882413e-05
-0.00030785961
-0.00030756367
-0.00030717233
-0.00030672011
-0.00030618465
-0.0003055445
-0.00030477979
-0.00030386768
-0.00030278102
-0.00030148805
-0.00029995198
-0.00029813043
-0.00029597505
-0.00029343124
-0.00029043813
-0.00028692897
-0.00028283205
-0.00027807237
-0.0002725742
-0.00026626468
-0.00025907862
-0.00025096437
-0.00024189058
-0.00023185321
-0.0002208821
-0.00020904584
-0.00019645387
-0.00018325486
-0.0001696321
-0.00015578221
-0.00014193934
-0.00012835413
-0.00011511071
-0.00010251965
-9.0588027e-05
-7.972619e-05
-6.8792269e-05
-6.2335588e-05
-4.5291533e-05
-0.00030508837
-0.0003047853
-0.0003043856
-0.00030392189
-0.00030337271
-0.00030271641
-0.00030193267
-0.00030099813
-0.00029988516
-0.00029856148
-0.00029698973
-0.00029512702
-0.00029292454
-0.00029032735
-0.00028727445
-0.00028369931
-0.00027953091
-0.00027469557
-0.00026911964
-0.00026273335
-0.0002554756
-0.00024729987
-0.00023818083
-0.00022812097
-0.00021715668
-0.00020536232
-0.00019285144
-0.00017977456
-0.00016631387
-0.00015264643
-0.00013900576
-0.00012562717
-0.00011271506
-0.00010040147
-8.8739812e-05
-7.8117577e-05
-6.7402213e-05
-6.1359612e-05
-4.3541436e-05
-0.00030146857
-0.00030115833
-0.00030074995
-0.00030027502
-0.00029971253
-0.00029904054
-0.0002982383
-0.00029728202
-0.00029614358
-0.00029479021
-0.00029318408
-0.00029128183
-0.00028903427
-0.00028638623
-0.00028327675
-0.00027963967
-0.00027540488
-0.00027050026
-0.00026485461
-0.00025840155
-0.00025108452
-0.00024286257
-0.00023371683
-0.00022365679
-0.00021272571
-0.00020100396
-0.00018860942
-0.00017569521
-0.00016244352
-0.00014898448
-0.00013550349
-0.00012255387
-0.00011015497
-9.7965594e-05
-8.6591479e-05
-7.6239624e-05
-6.5784631e-05
-6.0148572e-05
-4.1606045e-05
-0.00029680269
-0.00029648555
-0.00029606819
-0.0002955829
-0.00029500824
-0.00029432188
-0.00029350269
-0.00029252652
-0.00029136485
-0.00028998449
-0.00028834721
-0.0002864093
-0.00028412133
-0.00028142807
-0.00027826875
-0.00027457784
-0.0002702864
-0.0002653242
-0.00025962282
-0.00025311972
-0.00024576324
-0.00023751843
-0.00022837324
-0.00021834443
-0.00020748237
-0.0001958737
-0.00018364129
-0.00017094395
-0.00015797933
-0.00014487116
-0.000131748
-0.00011908139
-0.00010698452
-9.5179672e-05
-8.4107967e-05
-7.4057122e-05
-6.3907926e-05
-5.8665247e-05
-3.9500954e-05
-0.00029085717
-0.0002905342
-0.00029010924
-0.00028961518
-0.00028903025
-0.00028833178
-0.00028749838
-0.00028650559
-0.00028532461
-0.00028392195
-0.00028225913
-0.00028029226
-0.00027797189
-0.00027524293
-0.00027204512
-0.00026831383
-0.0002639816
-0.00025898044
-0.00025324507
-0.0002467171
-0.00023935014
-0.00023111551
-0.00022200823
-0.00021205237
-0.00020130521
-0.00018985898
-0.00017783969
-0.00016540399
-0.00015273602
-0.00014000488
-0.00012743607
-0.00011504686
-0.00010310111
-9.187889e-05
-8.1232717e-05
-7.1529511e-05
-6.1735551e-05
-5.6868025e-05
-3.7222966e-05
-0.00028338196
-0.00028305477
-0.0002826243
-0.00028212392
-0.00028153162
-0.0002808245
-0.000279981
-0.00027897651
-0.00027778205
-0.00027636402
-0.00027468386
-0.00027269775
-0.00027035642
-0.00026760524
-0.00026438475
-0.00026063157
-0.00025628014
-0.00025126516
-0.00024552493
-0.00023900569
-0.00023166669
-0.0002234858
-0.00021446514
-0.00020463601
-0.00019406213
-0.00018284059
-0.00017109948
-0.00015899257
-0.00014669177
-0.00013436251
-0.0001221619
-0.00011028619
-9.889636e-05
-8.8124964e-05
-7.793025e-05
-6.8614623e-05
-5.9226142e-05
-5.4710815e-05
-3.4755002e-05
-0.00027407654
-0.00027374728
-0.00027331415
-0.00027281075
-0.000272215
-0.00027150393
-0.00027065596
-0.00026964647
-0.00026844656
-0.00026702274
-0.00026533667
-0.00026334491
-0.00026099876
-0.00025824448
-0.00025502385
-0.00025127524
-0.00024693543
-0.0002419422
-0.00023623776
-0.00022977323
-0.00022251364
-0.00021444348
-0.00020557196
-0.00019593732
-0.00018560935
-0.00017468927
-0.00016330655
-0.00015161261
-0.00013977224
-0.00012794697
-0.00011628495
-0.00010496641
-9.4122576e-05
-8.3848219e-05
-7.4150572e-05
-6.5265219e-05
-5.6333267e-05
-5.2144245e-05
-3.2073798e-05
-0.00026266612
-0.00026233772
-0.00026190576
-0.00026140381
-0.00026080987
-0.00026010111
-0.0002592561
-0.00025825044
-0.0002570555
-0.00025563817
-0.00025396064
-0.00025198013
-0.00024964891
-0.00024691447
-0.00024372026
-0.00024000687
-0.00023571399
-0.00023078309
-0.00022516104
-0.00021880448
-0.00021168479
-0.00020379327
-0.00019514598
-0.00018578748
-0.00017579255
-0.0001652653
-0.00015433507
-0.00014314958
-0.00013186586
-0.00012063772
-0.0001096059
-9.8915914e-05
-8.8679398e-05
-7.8980798e-05
-6.9837407e-05
-6.142984e-05
-5.3006224e-05
-4.9116172e-05
-2.9147991e-05
-0.00024875048
-0.00024842638
-0.00024800015
-0.00024750494
-0.00024691912
-0.00024622025
-0.00024538728
-0.00024439633
-0.00024321941
-0.00024182422
-0.00024017395
-0.00023822713
-0.0002359376
-0.00023325487
-0.00023012485
-0.00022649111
-0.00022229687
-0.00021748774
-0.00021201528
-0.00020584142
-0.00019894336
-0.00019131866
-0.00018298972
-0.00017400679
-0.00016444888
-0.00015442177
-0.00014405314
-0.00013348508
-0.00012286495
-0.0001123348
-0.00010202286
-9.2048607e-05
-8.2504448e-05
-7.3459744e-05
-6.4932141e-05
-5.7054696e-05
-4.919202e-05
-4.5573941e-05
-2.5940542e-05
-0.00023214592
-0.00023183074
-0.0002314163
-0.00023093485
-0.00023036536
-0.00022968609
-0.00022887664
-0.0002279139
-0.00022677079
-0.00022541612
-0.00022381443
-0.0002219258
-0.00021970599
-0.00021710681
-0.00021407692
-0.0002105633
-0.00020651331
-0.00020187759
-0.00019661374
-0.00019069054
-0.00018409253
-0.00017682436
-0.00016891452
-0.00016041758
-0.00015141444
-0.0001420098
-0.00013232682
-0.00012249929
-0.00011266247
-0.00010294369
-9.3454931e-05
-8.4293246e-05
-7.5531393e-05
-6.722096e-05
-5.9375559e-05
-5.2085828e-05
-4.4838244e-05
-4.1468545e-05
-2.2421442e-05
-0.00021218551
-0.00021188389
-0.00021148736
-0.00021102684
-0.00021048232
-0.00020983307
-0.00020905979
-0.00020814059
-0.00020704993
-0.00020575848
-0.00020423301
-0.00020243632
-0.00020032736
-0.00019786173
-0.00019499247
-0.00019167145
-0.00018785133
-0.00018348817
-0.00017854487
-0.00017299514
-0.00016682803
-0.00016005236
-0.00015270036
-0.00014482955
-0.00013652198
-0.00012788061
-0.00011902294
-0.00011007274
-0.00010115116
-9.2368372e-05
-8.3817534e-05
-7.5573738e-05
-6.7689859e-05
-6.0199677e-05
-5.310891e-05
-4.647038e-05
-3.9892859e-05
-3.6740791e-05
-1.853032e-05
-0.00018923592
-0.00018895466
-0.00018858496
-0.00018815557
-0.00018764785
-0.00018704249
-0.00018632146
-0.00018546438
-0.00018444744
-0.00018324328
-0.00018182094
-0.00018014579
-0.0001781797
-0.00017588153
-0.00017320809
-0.00017011562
-0.00016656197
-0.00016250955
-0.00015792885
-0.00015280239
-0.00014712856
-0.00014092479
-0.00013422961
-0.000127103
-0.00011962487
-0.00011189124
-0.00010400819
-9.6084208e-05
-8.8222016e-05
-8.0511301e-05
-7.3023849e-05
-6.5812504e-05
-5.8910235e-05
-5.2333549e-05
-4.6077403e-05
-4.0161572e-05
-3.4305092e-05
-3.1271236e-05
-1.3973414e-05
-0.00016157727
-0.00016132165
-0.00016098573
-0.00016059586
-0.00016013521
-0.00015958643
-0.00015893345
-0.00015815819
-0.00015723962
-0.00015615376
-0.00015487368
-0.0001533695
-0.00015160871
-0.00014955666
-0.00014717743
-0.00014443513
-0.00014129568
-0.00013772901
-0.00013371189
-0.00012923105
-0.00012428668
-0.00011889581
-0.00011309479
-0.00010694002
-0.0001005062
-9.3881657e-05
-8.71614e-05
-8.0438958e-05
-7.3798549e-05
-6.7308963e-05
-6.102022e-05
-5.4963631e-05
-4.9153321e-05
-4.3590133e-05
-3.8258104e-05
-3.3153139e-05
-2.8077289e-05
-2.4980486e-05
-8.4798201e-06
-0.00013184393
-0.00013162221
-0.00013133102
-0.00013099295
-0.0001305934
-0.00013011732
-0.0001295507
-0.00012887778
-0.00012808022
-0.00012713705
-0.00012602473
-0.00012471715
-0.00012318588
-0.00012140074
-0.00011933069
-0.00011694525
-0.00011421642
-0.00011112121
-0.00010764461
-0.00010378272
-9.954554e-05
-9.4958988e-05
-9.00654e-05
-8.4922342e-05
-7.9599485e-05
-7.4173655e-05
-6.8722494e-05
-6.3317586e-05
-5.8018251e-05
-5.2867245e-05
-4.7889264e-05
-4.3092526e-05
-3.847235e-05
-3.4015807e-05
-2.9700298e-05
-2.55196e-05
-2.1348902e-05
-1.8337794e-05
-4.6138887e-06
-9.5185641e-05
-9.5007931e-05
-9.477459e-05
-9.4503825e-05
-9.4184036e-05
-9.3803281e-05
-9.3350538e-05
-9.2813446e-05
-9.2177704e-05
-9.1427095e-05
-9.0543532e-05
-8.9507185e-05
-8.829676e-05
-8.6890035e-05
-8.5264674e-05
-8.3399409e-05
-8.1275613e-05
-7.8879258e-05
-7.6203173e-05
-7.324943e-05
-7.0031503e-05
-6.6575732e-05
-6.2921508e-05
-5.9119684e-05
-5.5228984e-05
-5.1310678e-05
-4.7422256e-05
-4.3611256e-05
-3.9910452e-05
-3.6335474e-05
-3.2885387e-05
-2.9546218e-05
-2.6296683e-05
-2.3113916e-05
-1.9975816e-05
-1.690126e-05
-1.3838646e-05
-1.1592112e-05
-6.4915184e-06
-5.3191376e-05
-5.3064553e-05
-5.2898038e-05
-5.2705105e-05
-5.2477619e-05
-5.2207272e-05
-5.1886531e-05
-5.150705e-05
-5.1059297e-05
-5.0532642e-05
-4.9915485e-05
-4.9195455e-05
-4.8359758e-05
-4.7395699e-05
-4.6291433e-05
-4.5036941e-05
-4.3625213e-05
-4.2053597e-05
-4.0325163e-05
-3.8449932e-05
-3.6445743e-05
-3.4338492e-05
-3.2161458e-05
-2.9953407e-05
-2.7755273e-05
-2.5605544e-05
-2.3534979e-05
-2.1561764e-05
-1.9688381e-05
-1.7901164e-05
-1.6172887e-05
-1.4468134e-05
-1.2751006e-05
-1.0990181e-05
-9.1600242e-06
-7.3121601e-06
-5.413435e-06
-3.9154566e-06
-1.4197287e-06
-1.014267e-05
-1.0074501e-05
-9.9851138e-06
-9.8816566e-06
-9.7599034e-06
-9.6155535e-06
-9.4447799e-06
-9.2434199e-06
-9.0068138e-06
-8.7299052e-06
-8.4073846e-06
-8.0338976e-06
-7.6043626e-06
-7.1144303e-06
-6.5611127e-06
-5.9435963e-06
-5.2642297e-06
-4.5296262e-06
-3.7517352e-06
-2.9486242e-06
-2.1446001e-06
-1.3692648e-06
-6.5521698e-07
-3.4416089e-08
4.663974e-07
8.3050442e-07
1.0553494e-06
1.1551261e-06
1.1610476e-06
1.1188807e-06
1.0838732e-06
1.1134071e-06
1.2570368e-06
1.5557721e-06
2.0498456e-06
2.6297038e-06
3.3335703e-06
3.9592989e-06
5.14226e-06
3.6293483e-05
3.6297752e-05
3.63031e-05
3.6308807e-05
3.6314812e-05
3.6320934e-05
3.6326756e-05
3.6331593e-05
3.6334391e-05
3.6333569e-05
3.6326813e-05
3.6310807e-05
3.6280896e-05
3.6230686e-05
3.6151582e-05
3.6032319e-05
3.5858536e-05
3.5612522e-05
3.5273255e-05
3.4816894e-05
3.4217878e-05
3.3450754e-05
3.2492836e-05
3.1327704e-05
2.9949329e-05
2.836624e-05
2.6604765e-05
2.4710237e-05
2.2745286e-05
2.0785043e-05
1.8909863e-05
1.7195893e-05
1.5701427e-05
1.4480078e-05
1.3612572e-05
1.284784e-05
1.2293366e-05
1.1901341e-05
1.184248e-05
8.3850413e-05
8.3785421e-05
8.3699701e-05
8.3599659e-05
8.3480637e-05
8.3337704e-05
8.3166012e-05
8.2959872e-05
8.2712385e-05
8.2415266e-05
8.2058612e-05
8.1630623e-05
8.1117296e-05
8.0502123e-05
7.9765806e-05
7.8886058e-05
7.7837567e-05
7.6592229e-05
7.5119848e-05
7.3389477e-05
7.1371626e-05
6.9041464e-05
6.638292e-05
6.3393306e-05
6.0087769e-05
5.6502669e-05
5.2696936e-05
4.8750652e-05
4.4760447e-05
4.0832083e-05
3.7071245e-05
3.3571481e-05
3.0393974e-05
2.7622544e-05
2.5366661e-05
2.3143324e-05
2.1327216e-05
1.9861186e-05
1.8616016e-05
0.0001324722
0.00013233522
0.00013215485
0.00013194482
0.00013169568
0.00013139753
0.00013104084
0.00013061464
0.0001301058
0.0001294989
0.00012877588
0.00012791579
0.00012689447
0.00012568436
0.00012425446
0.00012257046
0.00012059532
0.00011829029
0.00011561661
0.00011253801
0.00010902406
0.00010505438
0.00010062333
9.5744964e-05
9.0457173e-05
8.4824337e-05
7.8937219e-05
7.2909383e-05
6.6870036e-05
6.0954352e-05
5.5292892e-05
4.9994667e-05
4.5114392e-05
4.0883804e-05
3.6986562e-05
3.3395175e-05
3.0439271e-05
2.7763306e-05
2.5360481e-05
0.00018088349
0.00018067279
0.00018039548
0.00018007287
0.00017969063
0.00017923376
0.00017868805
0.00017803715
0.00017726172
0.00017633915
0.0001752433
0.00017394413
0.0001724075
0.00017059507
0.00016846448
0.00016596984
0.00016306283
0.00015969438
0.00015581727
0.00015138965
0.00014637963
0.00014077062
0.00013456712
0.00012780012
0.00012053112
0.00011285363
0.00010489106
9.6790591e-05
8.8713127e-05
8.0820974e-05
7.3263862e-05
6.6151666e-05
5.9471485e-05
5.3748441e-05
4.8436439e-05
4.3638117e-05
3.9385234e-05
3.5442587e-05
3.1930271e-05
0.00022830502
0.00022802097
0.00022764722
0.00022721259
0.00022669788
0.00022608308
0.00022534923
0.00022447468
0.00022343386
0.00022219702
0.00022072991
0.00021899344
0.0002169435
0.00021453097
0.00021170216
0.0002083997
0.00020456416
0.00020013654
0.00019506176
0.00018929336
0.00018279912
0.00017556749
0.00016761411
0.00015898749
0.00014977267
0.00014009165
0.00013009942
0.00011997534
0.00010991035
0.00010009034
9.0672411e-05
8.1762255e-05
7.3584028e-05
6.6176125e-05
5.9400212e-05
5.3308869e-05
4.7777729e-05
4.2755603e-05
3.8199649e-05
0.00027366271
0.00027330734
0.00027283983
0.00027229631
0.00027165286
0.00027088458
0.00026996797
0.00026887622
0.00026757775
0.00026603593
0.00026420872
0.00026204835
0.00025950113
0.00025650771
0.00025300361
0.00024892059
0.00024418876
0.00023873977
0.00023251122
0.00022545234
0.00021753076
0.00020873996
0.00019910651
0.00018869611
0.00017761683
0.00016601841
0.00015408643
0.00014203149
0.00013007419
0.00011842729
0.00010727732
9.6787569e-05
8.717893e-05
7.8028953e-05
6.9674401e-05
6.2379724e-05
5.5711554e-05
4.9618089e-05
4.4065524e-05
0.0003160116
0.00031558886
0.00031503281
0.00031438646
0.00031362144
0.00031270824
0.00031161906
0.00031032223
0.00030878052
0.00030695078
0.00030478366
0.00030222318
0.00029920669
0.00029566517
0.00029152405
0.00028670493
0.00028112818
0.00027471685
0.00026740195
0.00025912906
0.00024986614
0.00023961187
0.00022840356
0.0002163233
0.00020350088
0.00019011183
0.00017636993
0.00016251408
0.00014879092
0.00013543519
0.00012265088
0.00011060618
9.9457843e-05
8.9081347e-05
7.9492486e-05
7.0867979e-05
6.3036456e-05
5.5914806e-05
4.9430993e-05
0.00035437408
0.00035388976
0.00035325267
0.00035251222
0.00035163596
0.00035059017
0.00034934313
0.00034785873
0.00034609457
0.00034400161
0.0003415238
0.00033859773
0.00033515262
0.00033111067
0.00032638824
0.00032089773
0.00031455078
0.00030726277
0.00029895884
0.0002895814
0.00027909888
0.00026751483
0.00025487649
0.00024128102
0.00022687799
0.00021186637
0.00019648526
0.00018099876
0.00016567634
0.0001507715
0.00013650174
0.00012303705
0.00011050433
9.8893865e-05
8.8190773e-05
7.8453801e-05
6.9585992e-05
6.1532173e-05
5.4206407e-05
0.00038788067
0.00038734132
0.00038663002
0.00038580667
0.00038483278
0.00038367044
0.00038228456
0.00038063521
0.00037867544
0.00037635101
0.0003736
0.00037035248
0.0003665305
0.0003620486
0.00035681515
0.00035073456
0.00034371086
0.00033565281
0.00032648056
0.00031613398
0.00030458212
0.00029183311
0.00027794305
0.00026302246
0.00024723821
0.00023080961
0.00021399771
0.00019708822
0.00018037013
0.00016411287
0.00014854559
0.00013384339
0.00012012376
0.00010741137
9.5701069e-05
8.5001276e-05
7.5237483e-05
6.6371499e-05
5.8312441e-05
0.00041571666
0.00041512954
0.00041435087
0.00041345796
0.00041240284
0.00041114318
0.0004096413
0.00040785415
0.00040573103
0.00040321335
0.00040023432
0.00039671858
0.00039258224
0.00038773352
0.00038207416
0.00037550196
0.00036791467
0.00035921556
0.00034932067
0.00033816775
0.0003257264
0.00031200854
0.00029707772
0.00028105558
0.00026412348
0.00024651766
0.00022851727
0.00021042585
0.00019254837
0.00017516722
0.00015852095
0.00014278978
0.00012808975
0.00011445994
0.00010189959
9.0396062e-05
7.9888422e-05
7.0348257e-05
6.168118e-05
0.00043724725
0.00043662374
0.00043579328
0.00043484765
0.00043373081
0.00043239677
0.0004308056
0.00042891156
0.00042666087
0.00042399182
0.00042083419
0.00041710847
0.00041272616
0.00040759056
0.00040159831
0.00039464215
0.00038661508
0.00037741626
0.00036695873
0.00035517883
0.00034204678
0.00032757761
0.00031184071
0.00029496634
0.0002771469
0.00025863156
0.00023971329
0.00022070916
0.00020193628
0.00018368687
0.00016620653
0.00014967954
0.00013422282
0.00011988315
0.00010666152
9.4535709e-05
8.3453363e-05
7.3392911e-05
6.4257015e-05
0.00045183477
0.00045118676
0.0004503214
0.00044934108
0.00044818404
0.00044680189
0.00044515314
0.00044318979
0.00044085501
0.00043808493
0.00043480792
0.00043094197
0.00042639526
0.00042106767
0.0004148524
0.00040763868
0.00039931617
0.0003897811
0.00037894429
0.00036674093
0.00035314154
0.00033816315
0.00032187914
0.00030442567
0.00028600285
0.00026686875
0.00024732585
0.00022770049
0.00020831803
0.00018947733
0.00017142877
0.00015435941
0.00013838735
0.00012356331
0.00010988949
9.7339573e-05
8.586598e-05
7.5451671e-05
6.599694e-05
0.00045938024
0.00045895938
0.00045826506
0.00045741207
0.00045634205
0.00045498971
0.00045325985
0.00045103805
0.00044832411
0.00044526514
0.00044187283
0.00043794988
0.00043332553
0.0004278997
0.00042156993
0.00041422454
0.00040575117
0.00039604447
0.00038501423
0.00037259512
0.00035875789
0.00034352066
0.00032695884
0.0003092116
0.00029048287
0.00027103521
0.00025117584
0.00023123574
0.00021154442
0.0001924041
0.00017406755
0.00015672326
0.00014049006
0.00012542034
0.00011151693
9.8752111e-05
8.7080478e-05
7.6487215e-05
6.6871031e-05
-4.8666861e-05
-4.0097196e-05
-3.6144751e-05
-3.0981936e-05
-2.752478e-05
-2.4159513e-05
-2.140684e-05
-1.8954019e-05
-1.6818577e-05
-1.4941913e-05
-1.3258574e-05
-1.1819192e-05
-1.0415648e-05
-9.4085945e-06
-8.0558325e-06
-4.8725289e-05
-4.0055722e-05
-3.6164172e-05
-3.1007814e-05
-2.7552111e-05
-2.4191218e-05
-2.1435075e-05
-1.8979976e-05
-1.6840264e-05
-1.495932e-05
-1.3271377e-05
-1.182787e-05
-1.0419115e-05
-9.411847e-06
-8.0445244e-06
-4.8848333e-05
-3.9940937e-05
-3.6170722e-05
-3.1008171e-05
-2.7558849e-05
-2.4204267e-05
-2.1445611e-05
-1.8989766e-05
-1.684687e-05
-1.4962762e-05
-1.3271276e-05
-1.1824885e-05
-1.0410862e-05
-9.4083743e-06
-8.0156493e-06
-4.9026652e-05
-3.973729e-05
-3.6152887e-05
-3.0972507e-05
-2.7536917e-05
-2.4191643e-05
-2.1433031e-05
-1.8979013e-05
-1.6835087e-05
-1.4949826e-05
-1.3256589e-05
-1.1809349e-05
-1.0390359e-05
-9.3985351e-06
-7.9689105e-06
-4.925334e-05
-3.9442174e-05
-3.6106773e-05
-3.0899884e-05
-2.7485423e-05
-2.4153109e-05
-2.139738e-05
-1.8947885e-05
-1.6805149e-05
-1.4920748e-05
-1.3227477e-05
-1.1781368e-05
-1.0357614e-05
-9.3820853e-06
-7.9042259e-06
-4.9518342e-05
-3.9055969e-05
-3.602761e-05
-3.0788555e-05
-2.7402153e-05
-2.408697e-05
-2.1337198e-05
-1.8895064e-05
-1.67559e-05
-1.4874487e-05
-1.3183002e-05
-1.1740058e-05
-1.0311943e-05
-9.3579723e-06
-7.8215657e-06
-4.9805885e-05
-3.8580809e-05
-3.5909097e-05
-3.0635767e-05
-2.728383e-05
-2.3990596e-05
-2.1250193e-05
-1.8818515e-05
-1.6685579e-05
-1.4809508e-05
-1.3121845e-05
-1.1684224e-05
-1.0252522e-05
-9.3248808e-06
-7.7212253e-06
-5.009191e-05
-3.8014784e-05
-3.5744096e-05
-3.0438581e-05
-2.7126877e-05
-2.38612e-05
-2.1133963e-05
-1.8716125e-05
-1.6592377e-05
-1.4724243e-05
-1.3042682e-05
-1.1612649e-05
-1.0178584e-05
-9.28136e-06
-7.6038917e-06
-5.0346261e-05
-3.7334442e-05
-3.5524731e-05
-3.0194378e-05
-2.6927455e-05
-2.3695828e-05
-2.0986003e-05
-1.8585708e-05
-1.6474426e-05
-1.461708e-05
-1.294416e-05
-1.1524078e-05
-1.0089383e-05
-9.2258088e-06
-7.4706118e-06
-5.0562704e-05
-3.6567508e-05
-3.5242467e-05
-2.9901746e-05
-2.6681612e-05
-2.3491239e-05
-2.0803627e-05
-1.8424933e-05
-1.6329741e-05
-1.4486314e-05
-1.2824857e-05
-1.1417187e-05
-9.9841526e-06
-9.1564831e-06
-7.3227488e-06
-5.076173e-05
-3.5759808e-05
-3.4849467e-05
-2.9559629e-05
-2.638584e-05
-2.3243911e-05
-2.0583923e-05
-1.8231298e-05
-1.6156202e-05
-1.4330131e-05
-1.2683271e-05
-1.1290579e-05
-9.8620952e-06
-9.071528e-06
-7.1619246e-06
-5.0838088e-05
-3.4870539e-05
-3.4344182e-05
-2.9151579e-05
-2.6035041e-05
-2.295005e-05
-2.0323761e-05
-1.8002147e-05
-1.5951573e-05
-1.414663e-05
-1.2517828e-05
-1.1142807e-05
-9.7223736e-06
-8.9690248e-06
-6.9899439e-06
-5.0657819e-05
-3.3864035e-05
-3.3778104e-05
-2.8674143e-05
-2.562425e-05
-2.2605703e-05
-2.0019874e-05
-1.7734725e-05
-1.5713547e-05
-1.3933865e-05
-1.2326927e-05
-1.0972404e-05
-9.5641246e-06
-8.8470543e-06
-6.8087022e-06
-5.0219744e-05
-3.2795609e-05
-3.3127536e-05
-2.8129634e-05
-2.514933e-05
-2.2206827e-05
-1.9668966e-05
-1.7426279e-05
-1.5439844e-05
-1.3689924e-05
-1.2108997e-05
-1.0777941e-05
-9.3864904e-06
-8.7037793e-06
-6.6200833e-06
-4.9504323e-05
-3.1685082e-05
-3.2351533e-05
-2.7510999e-05
-2.460547e-05
-2.174936e-05
-1.9267861e-05
-1.7074222e-05
-1.5128349e-05
-1.3413053e-05
-1.1862601e-05
-1.0558118e-05
-9.1886728e-06
-8.5375443e-06
-6.4258533e-06
-4.8444839e-05
-3.0511366e-05
-3.1435517e-05
-2.6811437e-05
-2.3987935e-05
-2.1229535e-05
-1.8813757e-05
-1.6676355e-05
-1.477731e-05
-1.3101817e-05
-1.1586572e-05
-1.031187e-05
-8.9700114e-06
-8.3469897e-06
-6.227561e-06
-4.6975721e-05
-2.9280376e-05
-3.0369302e-05
-2.6025058e-05
-2.3292941e-05
-2.0644324e-05
-1.8304559e-05
-1.6231151e-05
-1.4385569e-05
-1.2755294e-05
-1.128016e-05
-1.0038502e-05
-8.7300774e-06
-8.1311719e-06
-6.0264517e-06
-4.5030044e-05
-2.7998915e-05
-2.9143515e-05
-2.514597e-05
-2.2517682e-05
-1.9991563e-05
-1.7739053e-05
-1.573795e-05
-1.3952751e-05
-1.2373239e-05
-1.0943184e-05
-9.737809e-06
-8.4687683e-06
-7.8896763e-06
-5.8234047e-06
-4.2540784e-05
-2.6664481e-05
-2.7747967e-05
-2.4165989e-05
-2.165934e-05
-1.9269512e-05
-1.7116733e-05
-1.5196933e-05
-1.3479302e-05
-1.1956155e-05
-1.0576094e-05
-9.4101567e-06
-8.186379e-06
-7.6227018e-06
-5.6188953e-06
-3.9483605e-05
-2.5289653e-05
-2.6186736e-05
-2.3081269e-05
-2.0719296e-05
-1.8479446e-05
-1.6439308e-05
-1.4610004e-05
-1.2967009e-05
-1.1505594e-05
-1.0180169e-05
-9.0566076e-06
-7.8836907e-06
-7.3311182e-06
-5.4130203e-06
-3.5908134e-05
-2.3979283e-05
-2.4539596e-05
-2.1926987e-05
-1.9723343e-05
-1.7637569e-05
-1.5717574e-05
-1.3984816e-05
-1.2421407e-05
-1.1025616e-05
-9.7583801e-06
-8.6794363e-06
-7.5622743e-06
-7.0165717e-06
-5.2056881e-06
-3.1502326e-05
-2.2742485e-05
-2.2889593e-05
-2.0736366e-05
-1.8696349e-05
-1.6760852e-05
-1.496392e-05
-1.3331061e-05
-1.1850077e-05
-1.0522096e-05
-9.3151526e-06
-8.2821542e-06
-7.2245305e-06
-6.6815919e-06
-4.99667e-06
-2.4694182e-05
-2.0459389e-05
-2.0632879e-05
-1.912272e-05
-1.7413216e-05
-1.572354e-05
-1.4110415e-05
-1.2613211e-05
-1.1234833e-05
-9.986165e-06
-8.846593e-06
-7.8640137e-06
-6.8705271e-06
-6.3287774e-06
-4.783702e-06
-1.4377394e-05
-1.530896e-05
-1.6613796e-05
-1.6350037e-05
-1.5436118e-05
-1.4273922e-05
-1.3010731e-05
-1.1743828e-05
-1.0521915e-05
-9.3845287e-06
-8.3327197e-06
-7.4136785e-06
-6.4940523e-06
-5.9583038e-06
-4.5603754e-06
-7.4780305e-06
-6.1372453e-06
-5.5292227e-06
-4.615311e-06
-3.9447335e-06
-3.2742596e-06
-2.6910021e-06
-2.1787418e-06
-1.701488e-06
-1.3455137e-06
-9.2822328e-07
-7.8737027e-07
-2.601105e-07
-6.3586075e-07
8.027144e-07
-7.4845462e-06
-6.1294726e-06
-5.5261378e-06
-4.6133769e-06
-3.9429305e-06
-3.2732159e-06
-2.6902101e-06
-2.1781924e-06
-1.7011532e-06
-1.3452216e-06
-9.281548e-07
-7.87123e-07
-2.6038695e-07
-6.3650527e-07
7.9688858e-07
-7.4967568e-06
-6.1126099e-06
-5.5196979e-06
-4.6090521e-06
-3.9390703e-06
-3.2709158e-06
-2.6884737e-06
-2.1769864e-06
-1.7003969e-06
-1.3445889e-06
-9.2796348e-07
-7.8661637e-07
-2.60896e-07
-6.3777845e-07
7.8717674e-07
-7.5149599e-06
-6.0860292e-06
-5.5096062e-06
-4.6020808e-06
-3.9329814e-06
-3.2672293e-06
-2.6857026e-06
-2.1750601e-06
-1.6991728e-06
-1.3435863e-06
-9.2762794e-07
-7.858344e-07
-2.6163442e-07
-6.3959031e-07
7.7454628e-07
-7.5387054e-06
-6.0495091e-06
-5.4954575e-06
-4.592278e-06
-3.9244973e-06
-3.26204e-06
-2.6818163e-06
-2.1723551e-06
-1.6974432e-06
-1.3421849e-06
-9.2713643e-07
-7.8475293e-07
-2.6261442e-07
-6.4178621e-07
7.5900434e-07
-7.5669303e-06
-6.0030703e-06
-5.4767731e-06
-4.5794685e-06
-3.9134437e-06
-3.2552236e-06
-2.6767293e-06
-2.1688086e-06
-1.695167e-06
-1.3403531e-06
-9.2647544e-07
-7.8334527e-07
-2.6384556e-07
-6.4415626e-07
7.4196773e-07
-7.5980437e-06
-5.9469742e-06
-5.4530157e-06
-4.5634813e-06
-3.8996424e-06
-3.2466481e-06
-2.670352e-06
-2.1643536e-06
-1.6922997e-06
-1.3380577e-06
-9.2562946e-07
-7.8158311e-07
-2.6533503e-07
-6.4648516e-07
7.2475989e-07
-7.6298999e-06
-5.881732e-06
-5.4236011e-06
-4.5441487e-06
-3.8829139e-06
-3.2361745e-06
-2.6625916e-06
-2.1589201e-06
-1.6887949e-06
-1.3352643e-06
-9.2458179e-07
-7.7943621e-07
-2.6709335e-07
-6.485494e-07
7.0583744e-07
-7.6597683e-06
-5.8080882e-06
-5.3879136e-06
-4.5212972e-06
-3.8630788e-06
-3.2236561e-06
-2.6533523e-06
-2.1524345e-06
-1.6846035e-06
-1.3319372e-06
-9.2331457e-07
-7.768721e-07
-2.6912385e-07
-6.4956904e-07
6.835836e-07
-7.6843363e-06
-5.7269812e-06
-5.3453268e-06
-4.4947355e-06
-3.8399586e-06
-3.2089366e-06
-2.6425333e-06
-2.1448192e-06
-1.6796735e-06
-1.3280386e-06
-9.2180849e-07
-7.7385709e-07
-2.714366e-07
-6.4686003e-07
6.5824764e-07
-7.6997497e-06
-5.6394839e-06
-5.2952298e-06
-4.464239e-06
-3.8133749e-06
-3.1918479e-06
-2.6300284e-06
-2.1359912e-06
-1.6739492e-06
-1.3235293e-06
-9.200425e-07
-7.7036199e-07
-2.7411649e-07
-6.3796076e-07
6.3111224e-07
-7.7016985e-06
-5.5467235e-06
-5.2370551e-06
-4.429534e-06
-3.7831483e-06
-3.1722074e-06
-2.6157233e-06
-2.1258616e-06
-1.6673703e-06
-1.3183674e-06
-9.1799317e-07
-7.6637354e-07
-2.772615e-07
-6.2377493e-07
6.0668019e-07
-7.6855556e-06
-5.4497837e-06
-5.170309e-06
-4.3902821e-06
-3.7490956e-06
-3.149816e-06
-2.5994937e-06
-2.1143336e-06
-1.659871e-06
-1.3125081e-06
-9.1563397e-07
-7.6187905e-07
-2.8047556e-07
-6.0725609e-07
5.8727896e-07
-7.646573e-06
-5.3495962e-06
-5.0945989e-06
-4.3460678e-06
-3.7110259e-06
-3.1244556e-06
-2.5812025e-06
-2.1013013e-06
-1.6513785e-06
-1.305903e-06
-9.1293591e-07
-7.5687973e-07
-2.8254668e-07
-5.902049e-07
5.6848964e-07
-7.5801338e-06
-5.2468299e-06
-5.0096576e-06
-4.2963914e-06
-3.6687354e-06
-3.0958877e-06
-2.5606968e-06
-2.0866474e-06
-1.6418114e-06
-1.298499e-06
-9.0987431e-07
-7.5141544e-07
-2.8311277e-07
-5.7277697e-07
5.4668845e-07
-7.4820469e-06
-5.1417934e-06
-4.9153582e-06
-4.2406716e-06
-3.6220018e-06
-3.0638535e-06
-2.5378056e-06
-2.0702418e-06
-1.6310782e-06
-1.2902374e-06
-9.0643377e-07
-7.4552159e-07
-2.8364487e-07
-5.5488012e-07
5.2159048e-07
-7.3488629e-06
-5.034363e-06
-4.8117188e-06
-4.1782575e-06
-3.5705793e-06
-3.028075e-06
-2.5123375e-06
-2.0519392e-06
-1.6190755e-06
-1.2810523e-06
-9.0259235e-07
-7.3919453e-07
-2.851838e-07
-5.3642845e-07
4.9341328e-07
-7.1781812e-06
-4.9239529e-06
-4.6988949e-06
-4.108454e-06
-3.5141945e-06
-2.9882589e-06
-2.4840798e-06
-2.0315783e-06
-1.6056864e-06
-1.2708693e-06
-8.983175e-07
-7.3241995e-07
-2.876632e-07
-5.1739165e-07
4.6222092e-07
-6.9689045e-06
-4.8095386e-06
-4.5771595e-06
-4.0305585e-06
-3.4525477e-06
-2.9441036e-06
-2.4528005e-06
-2.0089814e-06
-1.5907793e-06
-1.2596053e-06
-8.9356403e-07
-7.2517841e-07
-2.9106074e-07
-4.9780303e-07
4.2803767e-07
-6.7213816e-06
-4.6897454e-06
-4.4468733e-06
-3.9439062e-06
-3.3853199e-06
-2.895309e-06
-2.4182523e-06
-1.9839559e-06
-1.5742088e-06
-1.2471671e-06
-8.8827234e-07
-7.1744391e-07
-2.9550425e-07
-4.7782377e-07
3.9090054e-07
-6.4373965e-06
-4.5630072e-06
-4.3084462e-06
-3.8479081e-06
-3.3121784e-06
-2.8415826e-06
-2.3801732e-06
-1.95629e-06
-1.5558115e-06
-1.2334473e-06
-8.8236198e-07
-7.0915413e-07
-3.0067376e-07
-4.5755308e-07
3.5085492e-07
-6.1202797e-06
-4.4276984e-06
-4.1623147e-06
-3.7420607e-06
-3.2327579e-06
-2.7826243e-06
-2.3382679e-06
-1.9257313e-06
-1.5353853e-06
-1.2183077e-06
-8.7571448e-07
-7.0013873e-07
-3.0563916e-07
-4.3600496e-07
3.082884e-07
-5.7761691e-06
-4.2817801e-06
-4.0090294e-06
-3.6260539e-06
-3.1466763e-06
-2.71817e-06
-2.2922413e-06
-1.8920102e-06
-1.5126977e-06
-1.2016056e-06
-8.6818166e-07
-6.9048485e-07
-3.0906092e-07
-4.1211662e-07
2.6434393e-07
-5.4141498e-06
-4.1221926e-06
-3.8494706e-06
-3.500402e-06
-3.0540022e-06
-2.6484196e-06
-2.2421896e-06
-1.8551849e-06
-1.4877592e-06
-1.18343e-06
-8.5976465e-07
-6.7961574e-07
-3.1194346e-07
-3.8637708e-07
2.2048304e-07
-1.0510622e-05
-5.3599131e-06
-1.7053802e-06
5.6347852e-07
1.7905308e-06
2.5034067e-06
2.8808739e-06
2.9864656e-06
3.1884763e-06
-1.6734747e-06
5.8794309e-07
2.1357552e-06
3.0933566e-06
3.4800622e-06
3.6282649e-06
3.6308479e-06
3.5116655e-06
3.6579393e-06
4.777103e-06
5.5868353e-06
5.753607e-06
5.625897e-06
5.2051614e-06
4.7652913e-06
4.3765626e-06
4.0228217e-06
4.1216258e-06
1.0851984e-05
1.0364183e-05
9.3104321e-06
8.1393218e-06
6.9112051e-06
5.8852594e-06
5.1089061e-06
4.527759e-06
4.5856485e-06
1.685137e-05
1.5097568e-05
1.2836448e-05
1.0619037e-05
8.581666e-06
6.9771504e-06
5.8201453e-06
5.0250075e-06
5.0408625e-06
2.2693635e-05
1.9720188e-05
1.6279514e-05
1.3030062e-05
1.0196358e-05
8.0289855e-06
6.5040212e-06
5.5155414e-06
5.4719684e-06
2.8297332e-05
2.4158569e-05
1.9584957e-05
1.5337365e-05
1.1735202e-05
9.0290446e-06
7.1552818e-06
5.9914561e-06
5.8534069e-06
3.3594511e-05
2.8352971e-05
2.2705295e-05
1.7509208e-05
1.3179299e-05
9.9665063e-06
7.7677052e-06
6.4324753e-06
6.1997366e-06
3.8517433e-05
3.224692e-05
2.5597028e-05
1.951664e-05
1.4511081e-05
1.0830696e-05
8.329947e-06
6.8299466e-06
6.5293605e-06
4.2998167e-05
3.578623e-05
2.8220152e-05
2.1333406e-05
1.571429e-05
1.1610107e-05
8.8272632e-06
7.1825469e-06
6.8382743e-06
4.6971921e-05
3.8920651e-05
3.0538595e-05
2.2936052e-05
1.6774003e-05
1.2293665e-05
9.2630899e-06
7.4979511e-06
7.1136263e-06
5.037975e-05
4.1605164e-05
3.2520621e-05
2.4303979e-05
1.7677587e-05
1.2876349e-05
9.6434e-06
7.7720096e-06
7.3435138e-06
5.3170317e-05
4.3800958e-05
3.4139252e-05
2.5419712e-05
1.8414187e-05
1.3351671e-05
9.9555542e-06
7.9917073e-06
7.5276895e-06
5.5301129e-05
4.547611e-05
3.5372489e-05
2.6268977e-05
1.8974658e-05
1.3713389e-05
1.0192271e-05
8.1559822e-06
7.6674979e-06
5.6738941e-05
4.6605512e-05
3.6202866e-05
2.6840177e-05
1.935136e-05
1.3956328e-05
1.0350346e-05
8.2674786e-06
7.7613357e-06
5.7460326e-05
4.717125e-05
3.6617705e-05
2.7124594e-05
1.9538236e-05
1.4076249e-05
1.0427537e-05
8.3229353e-06
7.8074138e-06
-1.6090608e-05
-1.7701052e-05
-1.7415203e-05
-1.6240311e-05
-1.4885869e-05
-1.3550927e-05
-1.2261658e-05
-1.1036667e-05
-9.8834689e-06
-8.8189145e-06
-7.8417724e-06
-6.9803953e-06
-6.1401504e-06
-5.6067996e-06
-4.365909e-06
-6.9805737e-06
-9.6503711e-06
-1.0703792e-05
-1.0935714e-05
-1.0841788e-05
-1.0500199e-05
-9.9479799e-06
-9.2548502e-06
-8.4949335e-06
-7.7290377e-06
-6.9894676e-06
-6.3026675e-06
-5.634887e-06
-5.1315593e-06
-4.1752579e-06
-3.6005498e-06
-6.2134923e-06
-7.3950392e-06
-7.7296081e-06
-7.8295349e-06
-7.7955825e-06
-7.589816e-06
-7.2250463e-06
-6.7817193e-06
-6.3051753e-06
-5.8180058e-06
-5.3398708e-06
-4.8695441e-06
-4.4430776e-06
-3.8319611e-06
-1.0830358e-06
-2.4178571e-06
-3.2307378e-06
-3.7428552e-06
-4.1164649e-06
-4.3615814e-06
-4.4954925e-06
-4.5113108e-06
-4.4496433e-06
-4.3431395e-06
-4.1767172e-06
-3.9702374e-06
-3.7354906e-06
-3.4853007e-06
-3.1939346e-06
6.5905073e-07
2.8976425e-08
-5.3491656e-07
-1.0213334e-06
-1.4249411e-06
-1.7466095e-06
-1.9918109e-06
-2.1751776e-06
-2.298818e-06
-2.3655172e-06
-2.3856137e-06
-2.3718216e-06
-2.3354419e-06
-2.2830659e-06
-2.219703e-06
1.8023974e-06
1.5183906e-06
1.2081462e-06
9.0689315e-07
6.3406415e-07
3.873513e-07
1.6323261e-07
-3.8847206e-08
-2.1866859e-07
-3.7747667e-07
-5.167727e-07
-6.3742904e-07
-7.3973062e-07
-8.2560144e-07
-9.0603714e-07
2.4494758e-06
2.3191825e-06
2.1600864e-06
1.9933481e-06
1.8308756e-06
1.6717304e-06
1.5147784e-06
1.3607219e-06
1.2104821e-06
1.0647122e-06
9.2397855e-07
7.8881993e-07
6.5966989e-07
5.3699294e-07
4.1602844e-07
2.7111711e-06
2.6591461e-06
2.5827353e-06
2.4966299e-06
2.4098583e-06
2.3215392e-06
2.2303634e-06
2.1363938e-06
2.0399284e-06
1.9410924e-06
1.8399614e-06
1.7366492e-06
1.6313078e-06
1.5241514e-06
1.4135983e-06
2.9612668e-06
2.9287905e-06
2.8788288e-06
2.8216098e-06
2.7622715e-06
2.699921e-06
2.6335859e-06
2.5631305e-06
2.488554e-06
2.4097764e-06
2.3267205e-06
2.239356e-06
2.1476953e-06
2.0519138e-06
1.9542789e-06
-5.0684704e-06
-3.9762829e-06
-3.7044813e-06
-3.3838329e-06
-2.9688232e-06
-2.5839992e-06
-2.1959627e-06
-1.8211498e-06
-1.4647534e-06
-1.1667871e-06
-8.5214445e-07
-6.688593e-07
-3.1620144e-07
-3.6227231e-07
1.8273758e-07
-4.6089288e-06
-3.8292794e-06
-3.5289567e-06
-3.2407995e-06
-2.8650694e-06
-2.5035911e-06
-2.1374954e-06
-1.7774738e-06
-1.4349961e-06
-1.144653e-06
-8.4215407e-07
-6.5449473e-07
-3.223372e-07
-3.3073921e-07
1.4177308e-07
-3.9680289e-06
-3.5432578e-06
-3.2491418e-06
-2.9980509e-06
-2.684611e-06
-2.3647597e-06
-2.0345373e-06
-1.6991983e-06
-1.3803352e-06
-1.1040168e-06
-8.2252985e-07
-6.2952663e-07
-3.2950518e-07
-2.837459e-07
8.5617729e-08
-3.1757113e-06
-3.0067742e-06
-2.7992235e-06
-2.6037613e-06
-2.3788099e-06
-2.1335086e-06
-1.8562632e-06
-1.557841e-06
-1.2772937e-06
-1.0286255e-06
-7.8095079e-07
-5.8710679e-07
-3.3059092e-07
-2.2604502e-07
1.3805134e-08
-2.1690525e-06
-2.1538553e-06
-2.1061478e-06
-2.0249312e-06
-1.9141009e-06
-1.7614752e-06
-1.5418689e-06
-1.2992916e-06
-1.0854021e-06
-8.9247494e-07
-6.976105e-07
-5.1800754e-07
-3.1072757e-07
-1.6014558e-07
-6.0339687e-08
-9.4611632e-07
-1.0539972e-06
-1.1304279e-06
-1.1600808e-06
-1.1521151e-06
-1.0912065e-06
-9.9827372e-07
-9.1266222e-07
-8.2214091e-07
-7.1218202e-07
-5.7183848e-07
-4.1103372e-07
-2.4454969e-07
-9.1858743e-08
-9.3285569e-08
3.2747857e-07
1.9134051e-07
6.3097081e-08
-4.4044375e-08
-1.3864904e-07
-2.1708886e-07
-2.7589701e-07
-3.0931656e-07
-3.2023832e-07
-2.9641827e-07
-2.3058356e-07
-1.6721179e-07
-1.2466362e-07
-8.8969946e-08
-9.4858409e-08
1.3175063e-06
1.1948396e-06
1.0692469e-06
9.4761901e-07
8.2521386e-07
7.0264216e-07
5.8404891e-07
4.7242294e-07
3.6782586e-07
2.729903e-07
1.9170171e-07
1.2190423e-07
6.7080752e-08
2.9434239e-08
-1.0180435e-09
1.8568521e-06
1.7497854e-06
1.6471762e-06
1.5410205e-06
1.4247493e-06
1.2993994e-06
1.1674192e-06
1.0304734e-06
8.902495e-07
7.4892134e-07
6.0905016e-07
4.7263072e-07
3.3983099e-07
2.0713476e-07
7.9607426e-08
)
;

boundaryField
{
    inlet
    {
        type            zeroGradient;
    }
    outlet
    {
        type            fixedValue;
        value           uniform 0;
    }
    cylinder
    {
        type            zeroGradient;
    }
    frontAndBack
    {
        type            empty;
    }
}


// ************************************************************************* //
