/*--------------------------------*- C++ -*----------------------------------*\
  =========                 |
  \\      /  F ield         | OpenFOAM: The Open Source CFD Toolbox
   \\    /   O peration     | Website:  https://openfoam.org
    \\  /    A nd           | Version:  14
     \\/     M anipulation  |
\*---------------------------------------------------------------------------*/
FoamFile
{
    format      ascii;
    class       volScalarField;
    location    "2500";
    object      p;
}
// * * * * * * * * * * * * * * * * * * * * * * * * * * * * * * * * * * * * * //

dimensions      [0 2 -2 0 0 0 0];

internalField   nonuniform List<scalar> 
5388
(
-0.00031253562
-0.00031228588
-0.00031195109
-0.00031157205
-0.0003111236
-0.00031058622
-0.00030994301
-0.00030917422
-0.00030825608
-0.00030716047
-0.00030585449
-0.00030429974
-0.00030245171
-0.00030025923
-0.00029766397
-0.00029460027
-0.00029099537
-0.00028677014
-0.0002818408
-0.00027612161
-0.00026952905
-0.00026198747
-0.00025343642
-0.0002438391
-0.00023319145
-0.00022153042
-0.00020894009
-0.00019555382
-0.00018155124
-0.00016714994
-0.00015259043
-0.00013812621
-0.00012398059
-0.00011041058
-9.7459497e-05
-8.5630261e-05
-7.4014516e-05
-6.5039189e-05
-5.3597961e-05
-0.00031245834
-0.00031220827
-0.00031187315
-0.00031149361
-0.00031104455
-0.00031050642
-0.00030986228
-0.00030909235
-0.00030817279
-0.00030707545
-0.00030576732
-0.00030420994
-0.00030235869
-0.00030016231
-0.00029756236
-0.00029449311
-0.00029088173
-0.00028664913
-0.00028171157
-0.00027598352
-0.00026938172
-0.00026183094
-0.00025327118
-0.00024366622
-0.00023301255
-0.00022134767
-0.00020875609
-0.00019537145
-0.00018137347
-0.00016697962
-0.00015243011
-0.00013797792
-0.00012384593
-0.00011028959
-9.7354243e-05
-8.5538189e-05
-7.3932945e-05
-6.5000628e-05
-5.3455015e-05
-0.00031233977
-0.00031208838
-0.00031175165
-0.00031137001
-0.00031091845
-0.00031037735
-0.00030972968
-0.00030895555
-0.00030803102
-0.00030692779
-0.00030561273
-0.00030404721
-0.00030218649
-0.00029997914
-0.00029736662
-0.00029428312
-0.00029065582
-0.00028640572
-0.00028144933
-0.00027570148
-0.0002690795
-0.0002615089
-0.00025293064
-0.00024330956
-0.00023264328
-0.00022097036
-0.00020837619
-0.000194995
-0.00018100666
-0.00016662831
-0.00015209958
-0.00013767252
-0.00012356874
-0.00011004118
-9.7137666e-05
-8.5350891e-05
-7.3763808e-05
-6.4926713e-05
-5.3161057e-05
-0.0003121529
-0.00031189923
-0.00031155968
-0.00031117446
-0.00031071863
-0.00031017249
-0.00030951887
-0.00030873773
-0.00030780495
-0.00030669206
-0.00030536573
-0.00030378714
-0.00030191134
-0.00029968671
-0.00029705456
-0.00029394898
-0.00029029713
-0.00028602013
-0.00028103483
-0.00027525664
-0.00026860375
-0.00026100286
-0.00025239637
-0.0002427508
-0.00023206551
-0.00022038072
-0.00020778316
-0.00019440791
-0.00018043513
-0.00016608141
-0.00015158545
-0.00013719799
-0.00012313829
-0.00010965616
-9.6801596e-05
-8.5062041e-05
-7.3500945e-05
-6.4814141e-05
-5.2705077e-05
-0.00031187921
-0.00031162236
-0.00031127888
-0.00031088864
-0.00031042686
-0.00030987369
-0.00030921174
-0.00030842077
-0.00030747642
-0.00030634996
-0.0003050078
-0.00030341083
-0.00030151382
-0.0002992649
-0.00029660519
-0.00029346868
-0.00028978259
-0.00028546828
-0.00028044311
-0.00027462331
-0.0002679283
-0.00026028637
-0.00025164191
-0.00024196367
-0.00023125339
-0.00021955352
-0.00020695262
-0.00019358694
-0.00017963694
-0.00016531847
-0.00015086888
-0.00013653734
-0.00012253926
-0.00010912103
-9.6334226e-05
-8.4661196e-05
-7.3136293e-05
-6.4653736e-05
-5.2081298e-05
-0.00031148242
-0.00031122149
-0.00031087297
-0.00031047631
-0.00031000689
-0.00030944469
-0.00030877206
-0.00030796849
-0.00030700932
-0.0003058655
-0.00030450308
-0.0003028826
-0.00030095849
-0.00029867858
-0.00029598375
-0.00029280788
-0.00028907825
-0.00028471657
-0.00027964087
-0.00027376849
-0.00026702043
-0.00025932707
-0.00025063535
-0.00024091691
-0.00023017652
-0.00021845944
-0.00020585658
-0.0001925056
-0.00017858732
-0.00016431652
-0.00014992882
-0.0001356717
-0.00012175469
-0.00010842082
-9.5722497e-05
-8.4136526e-05
-7.2661189e-05
-6.4433674e-05
-5.1286935e-05
-0.00031091711
-0.00031065126
-0.00031029667
-0.00030989221
-0.00030941353
-0.0003088404
-0.00030815483
-0.00030733599
-0.00030635885
-0.00030519398
-0.00030380701
-0.00030215805
-0.00030020112
-0.00029788368
-0.00029514635
-0.0002919229
-0.00028814072
-0.00028372199
-0.0002785856
-0.00027265029
-0.00026583902
-0.00025808478
-0.00024933763
-0.00023957279
-0.00022879866
-0.00021706401
-0.00020446247
-0.00019113343
-0.00017725806
-0.00016304959
-0.00014874157
-0.00013457994
-0.00012076568
-0.00010753888
-9.4951874e-05
-8.3474708e-05
-7.2066051e-05
-6.4139461e-05
-5.0321005e-05
-0.00031012167
-0.00030985009
-0.00030948849
-0.00030907497
-0.00030858552
-0.00030799966
-0.00030729905
-0.00030646246
-0.00030546445
-0.00030427512
-0.00030285964
-0.00030117762
-0.00029918263
-0.00029682171
-0.00029403519
-0.00029075672
-0.0002869139
-0.00028242946
-0.00027722338
-0.00027121609
-0.00026433294
-0.00025651001
-0.00024770114
-0.00023788574
-0.00022707658
-0.00021532643
-0.00020273219
-0.00018943511
-0.00017561671
-0.00016148794
-0.00014728006
-0.00013323827
-0.00011955105
-0.00010645639
-9.4005872e-05
-8.2660496e-05
-7.1339871e-05
-6.3753577e-05
-4.9183666e-05
-0.00030901789
-0.00030873991
-0.00030837051
-0.00030794682
-0.00030744526
-0.00030684511
-0.00030612761
-0.00030527109
-0.00030424965
-0.00030303291
-0.00030158547
-0.00029986643
-0.00029782883
-0.0002954193
-0.00029257784
-0.00028923805
-0.00028532779
-0.0002807705
-0.00027548745
-0.00026940109
-0.00026243958
-0.00025454263
-0.00024566844
-0.00023580128
-0.00022495893
-0.00021319875
-0.00020062126
-0.00018736979
-0.00017362607
-0.00015959767
-0.00014551387
-0.00013162106
-0.00011808713
-0.00010515204
-9.286568e-05
-8.1676415e-05
-7.0469769e-05
-6.3255443e-05
-4.7876406e-05
-0.0003075077
-0.00030722278
-0.00030684498
-0.00030641022
-0.00030589549
-0.00030527979
-0.00030454393
-0.00030366576
-0.00030261888
-0.00030137237
-0.00029989027
-0.00029813111
-0.00029604741
-0.00029358533
-0.00029068462
-0.00028727886
-0.00028329624
-0.00027866111
-0.00027329627
-0.00026712652
-0.00026008325
-0.00025211033
-0.00024317091
-0.00023325477
-0.00022238527
-0.0002106249
-0.00019807811
-0.00018489038
-0.00017124359
-0.00015734055
-0.00014341032
-0.00012970098
-0.00011634474
-0.00010360102
-9.1509754e-05
-8.0502438e-05
-6.9440474e-05
-6.2621681e-05
-4.6406939e-05
-0.00030547071
-0.00030517851
-0.00030479199
-0.00030434556
-0.00030381695
-0.00030318488
-0.00030242969
-0.00030152875
-0.00030045513
-0.00029917736
-0.0002976589
-0.00029585772
-0.0002937258
-0.0002912089
-0.00028824652
-0.00028477232
-0.000280715
-0.00027599993
-0.00027055177
-0.00026429797
-0.00025717362
-0.00024912723
-0.00024012748
-0.00023017022
-0.00021928496
-0.00020753972
-0.00019504312
-0.00018194273
-0.00016842038
-0.00015467152
-0.0001409288
-0.00012743192
-0.00011428161
-0.00010177353
-8.9913316e-05
-7.911558e-05
-6.8233478e-05
-6.1825521e-05
-4.479556e-05
-0.00030276242
-0.00030246286
-0.0003020676
-0.00030160932
-0.00030106657
-0.00030041786
-0.00029964305
-0.00029871899
-0.00029761827
-0.00029630885
-0.00029475364
-0.00029291005
-0.00029072959
-0.00028815765
-0.00028513361
-0.00028159131
-0.00027746011
-0.0002726667
-0.0002671378
-0.00026080394
-0.00025360429
-0.00024549253
-0.00023644336
-0.00022645921
-0.00021557619
-0.00020386818
-0.00019144801
-0.00017846519
-0.00016510063
-0.00015153116
-0.00013798944
-0.00012469664
-0.00011186925
-9.9639853e-05
-8.8048006e-05
-7.7489418e-05
-6.682589e-05
-6.0832226e-05
-4.3023412e-05
-0.0002992112
-0.00029890431
-0.00029850032
-0.00029803047
-0.00029747395
-0.00029680903
-0.00029601511
-0.00029506858
-0.00029394155
-0.00029260147
-0.00029101074
-0.0002891263
-0.00028689925
-0.00028427475
-0.00028119216
-0.00027758569
-0.00027338557
-0.00026852005
-0.00026291826
-0.00025651416
-0.0002492514
-0.00024108927
-0.00023200895
-0.00022201989
-0.00021116515
-0.0001995247
-0.00018721578
-0.00017439055
-0.00016122997
-0.00014786533
-0.00013448033
-0.00012161797
-0.00010928978
-9.7186843e-05
-8.5882373e-05
-7.5593667e-05
-6.5190549e-05
-5.9603906e-05
-4.1071458e-05
-0.00029462032
-0.00029430627
-0.00029389296
-0.00029341236
-0.00029284322
-0.00029216338
-0.00029135188
-0.00029038473
-0.0002892336
-0.00028786551
-0.00028624246
-0.000284321
-0.00028205198
-0.00027938045
-0.00027624597
-0.00027258334
-0.00026832393
-0.00026339787
-0.00025773706
-0.00025127924
-0.00024397302
-0.00023578363
-0.00022669914
-0.00021673631
-0.00020594535
-0.00019441256
-0.00018226022
-0.00016964619
-0.00015676637
-0.00014374612
-0.00013071016
-0.00011813391
-0.00010611038
-9.4383695e-05
-8.3382118e-05
-7.3393504e-05
-6.3296123e-05
-5.8103105e-05
-3.8950412e-05
-0.00028875593
-0.00028843579
-0.00028801453
-0.00028752477
-0.00028694489
-0.00028625239
-0.00028542602
-0.00028444149
-0.00028327014
-0.00028187871
-0.00028022891
-0.00027827709
-0.00027597404
-0.00027326497
-0.00027008987
-0.00026638444
-0.00026208151
-0.00025711342
-0.00025141517
-0.00024492866
-0.00023760774
-0.00022942395
-0.00022037242
-0.00021047727
-0.00019979569
-0.00018841964
-0.00017647469
-0.00016411674
-0.00015152876
-0.00013887968
-0.0001263894
-0.00011408467
-0.00010222267
-9.1069827e-05
-8.0491067e-05
-7.0848699e-05
-6.1106318e-05
-5.6288299e-05
-3.665604e-05
-0.00028136805
-0.00028104342
-0.0002806163
-0.00028011981
-0.00027953208
-0.00027883037
-0.00027799323
-0.0002769962
-0.00027581046
-0.00027440258
-0.0002727342
-0.00027076169
-0.00026843603
-0.00026570282
-0.00026250286
-0.00025877305
-0.00025444811
-0.00024946301
-0.00024375634
-0.0002372746
-0.00022997727
-0.00022184244
-0.00021287238
-0.00020309845
-0.00019258436
-0.00018142704
-0.00016975425
-0.00015771923
-0.00014549313
-0.00013324102
-0.00012111832
-0.00010931838
-9.8006193e-05
-8.7302988e-05
-7.7173643e-05
-6.7917378e-05
-5.8580047e-05
-5.4113708e-05
-3.4171894e-05
-0.00027215644
-0.00027182947
-0.00027139933
-0.0002708994
-0.00027030772
-0.00026960148
-0.00026875918
-0.00026775636
-0.00026656422
-0.00026514945
-0.00026347388
-0.00026149424
-0.00025916205
-0.00025642378
-0.00025322144
-0.00024949363
-0.00024517741
-0.00024021077
-0.00023453622
-0.00022810508
-0.00022088264
-0.00021285359
-0.0002040273
-0.00019444213
-0.0001841679
-0.00017330579
-0.00016198505
-0.00015035672
-0.00013858502
-0.00012683094
-0.00011524167
-0.00010399458
-9.3222741e-05
-8.3014738e-05
-7.3380275e-05
-6.4552657e-05
-5.5671192e-05
-5.1530271e-05
-3.1475179e-05
-0.0002608463
-0.0002605199
-0.00026009057
-0.00025959166
-0.00025900129
-0.00025829676
-0.00025745673
-0.00025645691
-0.00025526878
-0.00025385938
-0.00025219103
-0.00025022115
-0.00024790214
-0.0002451817
-0.00024200348
-0.00023830829
-0.00023403602
-0.00022912837
-0.00022353244
-0.00021720508
-0.00021011788
-0.00020226236
-0.00019365476
-0.00018433979
-0.00017439234
-0.00016391653
-0.00015304165
-0.00014191517
-0.00013069369
-0.00011953049
-0.0001085655
-9.7942394e-05
-8.777301e-05
-7.813792e-05
-6.9055154e-05
-6.0703455e-05
-5.2329377e-05
-4.8486161e-05
-2.8534856e-05
-0.00024703822
-0.00024671583
-0.00024629186
-0.00024579925
-0.0002452165
-0.00024452124
-0.00024369253
-0.00024270658
-0.00024153549
-0.00024014707
-0.00023850466
-0.0002365669
-0.00023428779
-0.000231617
-0.0002285006
-0.00022488235
-0.00022070565
-0.00021591628
-0.00021046603
-0.000204317
-0.00019744661
-0.00018985263
-0.00018155763
-0.00017261209
-0.00016309515
-0.00015311273
-0.00014279255
-0.00013227659
-0.00012171197
-0.0001112403
-0.0001009891
-9.1076556e-05
-8.159463e-05
-7.2609981e-05
-6.4140098e-05
-5.6316363e-05
-4.8501944e-05
-4.4929052e-05
-2.5314129e-05
-0.00023054782
-0.00023023406
-0.00022982149
-0.00022934219
-0.00022877524
-0.00022809896
-0.00022729304
-0.00022633442
-0.00022519613
-0.00022384707
-0.00022225185
-0.00022037071
-0.00021815951
-0.00021557017
-0.00021255152
-0.00020905066
-0.00020501511
-0.00020039568
-0.0001951501
-0.00018924735
-0.00018267213
-0.00017542929
-0.00016754754
-0.00015908167
-0.00015011281
-0.00014074588
-0.00013110419
-0.0001213216
-0.00011153326
-0.00010186621
-9.2431866e-05
-8.3326301e-05
-7.4621559e-05
-6.6367242e-05
-5.8576306e-05
-5.1337795e-05
-4.4136821e-05
-4.081028e-05
-2.1783044e-05
-0.00021071082
-0.00021041032
-0.00021001526
-0.00020955644
-0.00020901391
-0.00020836702
-0.00020759651
-0.00020668055
-0.00020559367
-0.00020430661
-0.00020278621
-0.00020099535
-0.00019889309
-0.00019643511
-0.00019357454
-0.00019026338
-0.00018645438
-0.00018210375
-0.0001771745
-0.00017164051
-0.000165491
-0.00015873498
-0.00015140494
-0.00014355864
-0.00013527843
-0.00012666756
-0.0001178438
-0.00010893113
-0.00010005072
-9.1312634e-05
-8.280961e-05
-7.4615978e-05
-6.678382e-05
-5.9345352e-05
-5.230541e-05
-4.5715256e-05
-3.918233e-05
-3.6071085e-05
-1.7881498e-05
-0.00018788981
-0.00018760936
-0.00018724071
-0.00018681254
-0.00018630624
-0.00018570257
-0.00018498352
-0.00018412877
-0.00018311452
-0.0001819135
-0.00018049479
-0.00017882382
-0.00017686251
-0.00017456981
-0.0001719026
-0.00016881717
-0.00016527149
-0.00016122804
-0.0001566574
-0.00015154222
-0.00014588101
-0.00013969139
-0.00013301211
-0.00012590345
-0.00011844567
-0.00011073518
-0.00010287846
-9.4984352e-05
-8.7155781e-05
-7.9482456e-05
-7.2035914e-05
-6.4868417e-05
-5.8012151e-05
-5.1482307e-05
-4.5272932e-05
-3.9402252e-05
-3.3588054e-05
-3.0592853e-05
-1.3317985e-05
-0.00016037473
-0.00016011959
-0.00015978431
-0.00015939517
-0.00015893538
-0.00015838761
-0.00015773581
-0.00015696192
-0.00015604494
-0.0001549609
-0.00015368291
-0.0001521811
-0.00015042301
-0.00014837398
-0.00014599814
-0.00014325964
-0.00014012441
-0.00013656247
-0.00013255063
-0.00012807574
-0.00012313816
-0.0001177551
-0.0001119632
-0.00010581921
-9.9398241e-05
-9.2789097e-05
-8.6087276e-05
-7.938677e-05
-7.2772153e-05
-6.6312374e-05
-6.0057347e-05
-5.4037944e-05
-4.8267559e-05
-4.2745852e-05
-3.7456094e-05
-3.2392603e-05
-2.7356331e-05
-2.4296784e-05
-7.8260776e-06
-0.00013078196
-0.00013056037
-0.00013026936
-0.00012993148
-0.00012953216
-0.00012905635
-0.00012849005
-0.00012781749
-0.00012702034
-0.00012607765
-0.00012496587
-0.0001236589
-0.00012212831
-0.00012034393
-0.00011827473
-0.00011589023
-0.00011316244
-0.00011006839
-0.00010659313
-0.0001027328
-9.8497527e-05
-9.39134e-05
-8.902301e-05
-8.3884283e-05
-7.8567351e-05
-7.3149591e-05
-6.770925e-05
-6.231851e-05
-5.703719e-05
-5.1908364e-05
-4.6956766e-05
-4.2190313e-05
-3.7603654e-05
-3.3182717e-05
-2.8904485e-05
-2.4760948e-05
-2.0626063e-05
-1.7648653e-05
-3.959878e-06
-9.4288253e-05
-9.4110308e-05
-9.3876656e-05
-9.3605529e-05
-9.3285313e-05
-9.290405e-05
-9.2450705e-05
-9.1912901e-05
-9.127632e-05
-9.0524723e-05
-8.9640001e-05
-8.8602297e-05
-8.7390291e-05
-8.5981727e-05
-8.4354237e-05
-8.2486525e-05
-8.0359939e-05
-7.7960437e-05
-7.5280861e-05
-7.2323331e-05
-6.9101421e-05
-6.5641651e-05
-6.1983689e-05
-5.8178781e-05
-5.4286168e-05
-5.0367746e-05
-4.648171e-05
-4.2676311e-05
-3.8984959e-05
-3.5423737e-05
-3.1991888e-05
-2.8675259e-05
-2.5451935e-05
-2.229781e-05
-1.9191076e-05
-1.6148399e-05
-1.3116681e-05
-1.0897917e-05
-5.8261722e-06
-5.2477315e-05
-5.2349874e-05
-5.2182545e-05
-5.1988667e-05
-5.1760066e-05
-5.1488394e-05
-5.1166084e-05
-5.078475e-05
-5.0334817e-05
-4.9805604e-05
-4.9185454e-05
-4.8461932e-05
-4.7622173e-05
-4.6653408e-05
-4.5543715e-05
-4.4282996e-05
-4.2864175e-05
-4.1284552e-05
-3.9547181e-05
-3.7662124e-05
-3.564733e-05
-3.3528903e-05
-3.1340445e-05
-2.9121176e-05
-2.6912618e-05
-2.4753966e-05
-2.2676774e-05
-2.0700044e-05
-1.8827005e-05
-1.7044566e-05
-1.5325801e-05
-1.3635239e-05
-1.1936336e-05
-1.0196119e-05
-8.3907293e-06
-6.5687942e-06
-4.6957274e-06
-3.2217469e-06
-7.4892776e-07
-9.5997369e-06
-9.5305394e-06
-9.4398e-06
-9.334777e-06
-9.2111812e-06
-9.0646501e-06
-8.891304e-06
-8.6869225e-06
-8.4467808e-06
-8.1657498e-06
-7.8384401e-06
-7.45941e-06
-7.0234842e-06
-6.526215e-06
-5.9645139e-06
-5.3374684e-06
-4.6473375e-06
-3.9006623e-06
-3.1093509e-06
-2.2914783e-06
-1.4714309e-06
-6.7898881e-07
5.2942163e-08
6.9194357e-07
1.2106529e-06
1.5915774e-06
1.8312759e-06
1.9430148e-06
1.9571361e-06
1.9187086e-06
1.8825554e-06
1.9059703e-06
2.0392596e-06
2.3260758e-06
2.8016261e-06
3.3615334e-06
4.0454043e-06
4.6514304e-06
5.8153484e-06
3.6656875e-05
3.6662567e-05
3.6669786e-05
3.6677659e-05
3.6686214e-05
3.6695353e-05
3.6704734e-05
3.6713751e-05
3.6721439e-05
3.6726319e-05
3.6726187e-05
3.6717848e-05
3.6696778e-05
3.665672e-05
3.6589222e-05
3.6483155e-05
3.6324286e-05
3.6095006e-05
3.5774352e-05
3.5338477e-05
3.4761724e-05
3.4018427e-05
3.3085546e-05
3.194615e-05
3.0593529e-05
2.9035379e-05
2.7297076e-05
2.5422949e-05
2.3474673e-05
2.1526596e-05
1.9658559e-05
1.7946466e-05
1.644971e-05
1.5226775e-05
1.4345405e-05
1.3566859e-05
1.299833e-05
1.2591547e-05
1.2517561e-05
8.40393e-05
8.3976132e-05
8.3892807e-05
8.3795538e-05
8.367978e-05
8.3540705e-05
8.3373562e-05
8.3172759e-05
8.293151e-05
8.2641655e-05
8.229343e-05
8.1875182e-05
8.1373068e-05
8.0770746e-05
8.0049088e-05
7.9185974e-05
7.8156243e-05
7.693192e-05
7.5482887e-05
7.3778207e-05
7.178831e-05
6.9488153e-05
6.6861299e-05
6.3904517e-05
6.0632225e-05
5.7079879e-05
5.3305379e-05
4.9387708e-05
4.5422441e-05
4.1514453e-05
3.7768749e-05
3.4278195e-05
3.1105819e-05
2.8345215e-05
2.6081131e-05
2.3851292e-05
2.2025112e-05
2.0549078e-05
1.9292602e-05
0.00013248788
0.00013235312
0.00013217565
0.00013196898
0.0001317238
0.00013143033
0.00013107915
0.00013065942
0.00013015814
0.00012956004
0.00012884723
0.00012799892
0.00012699117
0.0001257966
0.00012438442
0.00012272051
0.00012076803
0.00011848837
0.00011584286
0.00011279525
0.00010931503
0.00010538156
0.00010098884
9.6150316e-05
9.0903111e-05
8.5310651e-05
7.9462596e-05
7.3471334e-05
6.7464904e-05
6.1577396e-05
5.5938034e-05
5.0653537e-05
4.5782032e-05
4.1565345e-05
3.7691102e-05
3.4092464e-05
3.1130876e-05
2.8448546e-05
2.6037941e-05
0.00018073227
0.00018052416
0.00018025025
0.00017993158
0.00017955397
0.00017910258
0.00017856332
0.00017791998
0.00017715339
0.00017624111
0.00017515718
0.00017387177
0.00017235097
0.00017055666
0.0001684467
0.00016597545
0.00016309479
0.00015975581
0.00015591141
0.00015151977
0.0001465489
0.00014098198
0.00013482309
0.0001281026
0.00012088121
0.0001132514
0.00010533546
9.7279321e-05
8.9242672e-05
8.1386585e-05
7.3858741e-05
6.6765696e-05
6.011192e-05
5.4410575e-05
4.9121109e-05
4.4308794e-05
4.0068086e-05
3.6123717e-05
3.2607814e-05
0.00022799408
0.00022771297
0.0002273431
0.00022691296
0.00022640352
0.00022579495
0.00022506845
0.00022420252
0.00022317175
0.00022194661
0.00022049306
0.00021877224
0.00021674029
0.00021434834
0.00021154296
0.00020826705
0.00020446139
0.00020006718
0.00019502947
0.00018930183
0.00018285194
0.000175668
0.00016776522
0.00015919146
0.00015003092
0.00014040457
0.00013046622
0.00012039405
0.00011037784
0.00010060258
9.1224626e-05
8.2350378e-05
7.4212911e-05
6.6834514e-05
6.0051145e-05
5.3961291e-05
4.8451032e-05
4.3432356e-05
3.8876784e-05
0.00027320219
0.0002728501
0.00027238692
0.0002718484
0.00027121083
0.00027044951
0.00026954108
0.00026845893
0.00026717166
0.00026564287
0.00026383075
0.00026168779
0.00025916059
0.00025619004
0.00025271199
0.00024865845
0.00024395979
0.00023854787
0.00023236043
0.00022534673
0.00021747432
0.0002087364
0.0001991591
0.00018880743
0.00017778861
0.0001662513
0.00015437991
0.00014238381
0.00013048243
0.00011888761
0.00010778521
9.7339019e-05
8.7774617e-05
7.866282e-05
7.0304048e-05
6.3025519e-05
5.6376356e-05
5.0290722e-05
4.4741976e-05
0.00031541364
0.00031499451
0.00031444319
0.00031380232
0.00031304374
0.00031213814
0.00031105792
0.00030977159
0.00030824213
0.00030642665
0.00030427602
0.00030173458
0.00029873996
0.00029522343
0.00029111075
0.00028632381
0.00028078325
0.00027441235
0.00026714226
0.00025891861
0.00024970926
0.00023951261
0.00022836549
0.00021634932
0.00020359297
0.0001902709
0.00017659566
0.0001628049
0.00014914404
0.00013584678
0.00012311625
0.00011112026
0.00010001652
8.9675829e-05
8.0105029e-05
7.1504655e-05
6.3693586e-05
5.6583683e-05
5.0106606e-05
0.00035365329
0.00035317285
0.00035254086
0.00035180631
0.00035093699
0.00034989939
0.000348662
0.0003471889
0.00034543794
0.00034336033
0.00034090028
0.00033799471
0.00033457311
0.00033055806
0.0003258662
0.00032041028
0.00031410221
0.00030685762
0.00029860179
0.00028927719
0.00027885214
0.00026732991
0.00025475724
0.0002412306
0.00022689863
0.00021195917
0.00019665011
0.00018123425
0.00016597981
0.00015113917
0.00013692889
0.00012351831
0.0001110342
9.9464369e-05
8.879069e-05
7.908144e-05
7.023644e-05
6.219768e-05
5.4881116e-05
0.00038705377
0.00038651851
0.00038581255
0.00038499545
0.00038402894
0.0003828753
0.00038149967
0.00037986233
0.00037791658
0.00037560844
0.00037287629
0.00036965051
0.00036585349
0.00036140012
0.00035619909
0.00035015517
0.00034317268
0.00033516063
0.00032603933
0.00031574869
0.00030425767
0.0002915741
0.00027775358
0.00026290588
0.00024719696
0.000230845
0.00021410977
0.00019727568
0.00018063045
0.00016444235
0.00014893954
0.00013429633
0.00012062975
0.00010796294
9.6288905e-05
8.5620563e-05
7.5882216e-05
6.7034044e-05
5.8986252e-05
0.00041480217
0.00041421937
0.00041344638
0.00041256005
0.00041151265
0.00041026212
0.00040877097
0.00040699642
0.00040488798
0.00040238738
0.0003994281
0.00039593514
0.00039182495
0.0003870061
0.00038138068
0.00037484685
0.00036730268
0.00035865169
0.00034881008
0.00033771565
0.0003253379
0.00031168843
0.0002968303
0.00028088441
0.00026403114
0.00024650561
0.00022858568
0.00021057359
0.00019277299
0.0001754651
0.00015888742
0.00014321932
0.00012857617
0.00011499597
0.00010247682
9.100816e-05
8.0528424e-05
7.1008303e-05
6.2354168e-05
0.00043626527
0.00043564625
0.00043482175
0.00043388292
0.00043277406
0.00043144947
0.00042986941
0.00042798841
0.00042575292
0.00042310155
0.00041996439
0.00041626226
0.00041190702
0.00040680233
0.00040084521
0.00039392876
0.0003859463
0.00037679724
0.0003663948
0.00035467536
0.00034160904
0.00032721055
0.00031154877
0.00029475319
0.00027701528
0.00025858303
0.00023974813
0.00022082633
0.00020213343
0.00018396043
0.00016655186
0.00015009109
0.00013469429
0.00012040733
0.00010723042
9.5142144e-05
8.4089696e-05
7.4050993e-05
6.4929316e-05
0.00045080753
0.00045016412
0.00044930491
0.00044833153
0.00044718265
0.00044581013
0.00044417273
0.00044222269
0.00043990345
0.00043715145
0.00043389537
0.00043005354
0.00042553449
0.00042023851
0.00041405915
0.00040688601
0.00039860907
0.00038912484
0.00037834432
0.00036620273
0.00035267047
0.00033776429
0.00032155702
0.00030418407
0.00028584457
0.00026679546
0.0002473379
0.0002277969
0.00020849652
0.00018973438
0.00017175976
0.00015475878
0.00013884874
0.00012407954
0.0001104527
9.794211e-05
8.6499804e-05
7.6108397e-05
6.6668747e-05
0.000458329
0.00045791112
0.00045722173
0.00045637477
0.00045531228
0.00045396935
0.00045225136
0.00045004455
0.0004473486
0.00044430953
0.00044093875
0.00043704009
0.00043244368
0.0004270498
0.00042075634
0.00041345198
0.00040502469
0.00039536939
0.00038439603
0.00037203935
0.00035826998
0.00034310573
0.00032662148
0.00030895563
0.00029031114
0.00027094942
0.00025117638
0.00023132167
0.00021171349
0.00019265282
0.0001743913
0.0001571165
0.0001409464
0.00012593258
0.00011207726
9.935267e-05
8.7713034e-05
7.7143253e-05
6.7542586e-05
-4.8296906e-05
-3.9737473e-05
-3.5801302e-05
-3.0646259e-05
-2.7198198e-05
-2.3837771e-05
-2.1089078e-05
-1.8638036e-05
-1.6503042e-05
-1.4625581e-05
-1.294001e-05
-1.149818e-05
-1.0089718e-05
-9.0802047e-06
-7.7187669e-06
-4.8354026e-05
-3.9694626e-05
-3.5819508e-05
-3.0671025e-05
-2.7224506e-05
-2.3868562e-05
-2.1116483e-05
-1.8663256e-05
-1.6524067e-05
-1.4642402e-05
-1.2952291e-05
-1.1506397e-05
-1.0092763e-05
-9.0831271e-06
-7.7070353e-06
-4.8474439e-05
-3.9577095e-05
-3.5823719e-05
-3.0669247e-05
-2.722931e-05
-2.3879876e-05
-2.1125443e-05
-1.867163e-05
-1.6529396e-05
-1.4644694e-05
-1.2951155e-05
-1.150249e-05
-1.008366e-05
-9.078992e-06
-7.6772994e-06
-4.8648813e-05
-3.9369361e-05
-3.5802432e-05
-3.0630426e-05
-2.7204533e-05
-2.3864682e-05
-2.1110518e-05
-1.8658755e-05
-1.6515683e-05
-1.4630012e-05
-1.2934889e-05
-1.1485545e-05
-1.0061856e-05
-9.0681537e-06
-7.6292644e-06
-4.8870248e-05
-3.9068868e-05
-3.5751767e-05
-3.0553651e-05
-2.7149306e-05
-2.382277e-05
-2.1071784e-05
-1.8624825e-05
-1.6483191e-05
-1.4598614e-05
-1.2903676e-05
-1.1455686e-05
-1.0027376e-05
-9.050374e-06
-7.5628575e-06
-4.9128704e-05
-3.8676067e-05
-3.5666972e-05
-3.0437202e-05
-2.7061448e-05
-2.3752477e-05
-2.1007809e-05
-1.8568553e-05
-1.6430792e-05
-1.4549489e-05
-1.28566e-05
-1.141205e-05
-9.9795541e-06
-9.0246109e-06
-7.4780684e-06
-4.9408448e-05
-3.8193194e-05
-3.554178e-05
-3.0278369e-05
-2.6937722e-05
-2.3651212e-05
-2.0916339e-05
-1.8487937e-05
-1.6356755e-05
-1.4481126e-05
-1.2792368e-05
-1.1353465e-05
-9.9175903e-06
-8.9895629e-06
-7.3752214e-06
-4.9685475e-05
-3.7618301e-05
-3.5369121e-05
-3.0074273e-05
-2.6774603e-05
-2.3516239e-05
-2.0795017e-05
-1.8380907e-05
-1.6259311e-05
-1.4391997e-05
-1.270969e-05
-1.1278744e-05
-9.8407477e-06
-8.9437972e-06
-7.255039e-06
-4.9929575e-05
-3.6927517e-05
-3.5141077e-05
-2.9822373e-05
-2.6568318e-05
-2.3344664e-05
-2.0641396e-05
-1.8245328e-05
-1.6136638e-05
-1.428053e-05
-1.2607254e-05
-1.1186667e-05
-9.7483144e-06
-8.8857342e-06
-7.1186101e-06
-5.0133969e-05
-3.6150253e-05
-3.4848527e-05
-2.9521258e-05
-2.6314998e-05
-2.3133316e-05
-2.0452851e-05
-1.8078924e-05
-1.5986802e-05
-1.4145066e-05
-1.2483679e-05
-1.1075947e-05
-9.6395643e-06
-8.8136541e-06
-6.9673454e-06
-5.032207e-05
-3.5332121e-05
-3.444285e-05
-2.9169874e-05
-2.6011227e-05
-2.2878756e-05
-2.0226538e-05
-1.7879255e-05
-1.580774e-05
-1.3983843e-05
-1.2337509e-05
-1.0945231e-05
-9.5137404e-06
-8.7257284e-06
-6.8029187e-06
-5.0383287e-05
-3.4429664e-05
-3.3929582e-05
-2.8752082e-05
-2.5651969e-05
-2.2577279e-05
-1.99594e-05
-1.7643728e-05
-1.559727e-05
-1.3795011e-05
-1.2167219e-05
-1.0793111e-05
-9.3700491e-06
-8.6200655e-06
-6.6271901e-06
-5.0185311e-05
-3.3411718e-05
-3.33572e-05
-2.8265809e-05
-2.5232478e-05
-2.2225012e-05
-1.9648241e-05
-1.7369649e-05
-1.5353142e-05
-1.3576673e-05
-1.1971254e-05
-1.0618164e-05
-9.2076703e-06
-8.4947733e-06
-6.4421123e-06
-4.9733446e-05
-3.2333555e-05
-3.2694946e-05
-2.7711787e-05
-2.4748582e-05
-2.1817967e-05
-1.9289828e-05
-1.7054325e-05
-1.5073127e-05
-1.3326964e-05
-1.1748087e-05
-1.0419001e-05
-9.0257872e-06
-8.3480402e-06
-6.2496273e-06
-4.9003229e-05
-3.120879e-05
-3.1906483e-05
-2.7083103e-05
-2.4195482e-05
-2.1352133e-05
-1.8881041e-05
-1.6695218e-05
-1.4755157e-05
-1.3044172e-05
-1.1496323e-05
-1.0194359e-05
-8.823641e-06
-8.1782342e-06
-6.051559e-06
-4.7928235e-05
-3.0020867e-05
-3.097803e-05
-2.637316e-05
-2.3568517e-05
-2.0823802e-05
-1.841913e-05
-1.6290175e-05
-1.4397518e-05
-1.2726899e-05
-1.1214828e-05
-9.9432057e-06
-8.6006068e-06
-7.9840167e-06
-5.8495117e-06
-4.6443163e-05
-2.8776175e-05
-2.9899411e-05
-2.5576158e-05
-2.2863967e-05
-2.0229995e-05
-1.7902043e-05
-1.5837705e-05
-1.3999084e-05
-1.2374252e-05
-1.0902886e-05
-9.6648763e-06
-8.3562888e-06
-7.7644632e-06
-5.6447834e-06
-4.4481174e-05
-2.7481259e-05
-2.8661259e-05
-2.4686252e-05
-2.2079062e-05
-1.9568589e-05
-1.7328599e-05
-1.5337174e-05
-1.35595e-05
-1.1986008e-05
-1.056034e-05
-9.3591923e-06
-8.0906146e-06
-7.5191764e-06
-5.4383006e-06
-4.1975051e-05
-2.6133411e-05
-2.7253444e-05
-2.3695284e-05
-2.1211005e-05
-1.8837873e-05
-1.669832e-05
-1.4788781e-05
-1.3079228e-05
-1.1562686e-05
-1.0187664e-05
-9.026545e-06
-7.8039072e-06
-7.2483722e-06
-5.2305793e-06
-3.8899845e-05
-2.4744817e-05
-2.568009e-05
-2.2599462e-05
-2.0261211e-05
-1.8039177e-05
-1.6012955e-05
-1.4194455e-05
-1.2560071e-05
-1.1105856e-05
-9.7861623e-06
-8.6680242e-06
-7.496976e-06
-6.9529373e-06
-5.0217491e-06
-3.5307069e-05
-2.3420167e-05
-2.4021014e-05
-2.143409e-05
-1.9255576e-05
-1.7188822e-05
-1.5283407e-05
-1.3561928e-05
-1.2007619e-05
-1.0619626e-05
-9.3588491e-06
-8.2859419e-06
-7.171425e-06
-6.6345377e-06
-4.8117444e-06
-3.0895472e-05
-2.217022e-05
-2.2359036e-05
-2.023214e-05
-1.8218761e-05
-1.6303693e-05
-1.4522031e-05
-1.2900869e-05
-1.1429433e-05
-1.0109861e-05
-8.9101666e-06
-7.8838419e-06
-6.8296908e-06
-6.2957345e-06
-4.6003655e-06
-2.4080695e-05
-1.9872289e-05
-2.0087876e-05
-1.8604976e-05
-1.6924168e-05
-1.525691e-05
-1.3659959e-05
-1.2174957e-05
-1.0806734e-05
-9.5673259e-06
-8.4360414e-06
-7.4609155e-06
-6.4718312e-06
-5.9391575e-06
-4.3853416e-06
-1.3732664e-05
-1.4702123e-05
-1.6050188e-05
-1.5816203e-05
-1.4933909e-05
-1.3796484e-05
-1.2550369e-05
-1.1296219e-05
-1.0085384e-05
-8.9585526e-06
-7.916437e-06
-7.0057743e-06
-6.0915475e-06
-5.5648978e-06
-4.1600533e-06
-7.139174e-06
-5.7882069e-06
-5.1799615e-06
-4.2614089e-06
-3.5919584e-06
-2.9211539e-06
-2.3444048e-06
-1.834276e-06
-1.3761642e-06
-1.0199433e-06
-6.5286839e-07
-4.8994226e-07
-9.9611151e-08
-3.5484284e-07
6.1602621e-07
-7.1455859e-06
-5.7802253e-06
-5.1767408e-06
-4.2593671e-06
-3.5900555e-06
-2.9200334e-06
-2.3435365e-06
-1.83367e-06
-1.3757731e-06
-1.0196049e-06
-6.527402e-07
-4.896963e-07
-9.9720166e-08
-3.5601703e-07
6.0900908e-07
-7.157569e-06
-5.7629001e-06
-5.1699912e-06
-4.2547925e-06
-3.5859725e-06
-2.9175657e-06
-2.3416393e-06
-1.8323502e-06
-1.3748787e-06
-1.0188938e-06
-6.5240777e-07
-4.8917083e-07
-9.9944278e-08
-3.5822018e-07
5.9777871e-07
-7.1754379e-06
-5.7356249e-06
-5.1594496e-06
-4.2474575e-06
-3.5795616e-06
-2.9136358e-06
-2.338636e-06
-1.8302621e-06
-1.3734622e-06
-1.0177914e-06
-6.5187123e-07
-4.8838372e-07
-1.0025924e-07
-3.6112804e-07
5.8410253e-07
-7.198732e-06
-5.6981723e-06
-5.1447016e-06
-4.2371729e-06
-3.5706541e-06
-2.9081278e-06
-2.3344479e-06
-1.8273488e-06
-1.3714871e-06
-1.0162714e-06
-6.5112364e-07
-4.8731719e-07
-1.0067549e-07
-3.6438574e-07
5.6924205e-07
-7.2263834e-06
-5.6505652e-06
-5.1252647e-06
-4.223764e-06
-3.5590769e-06
-2.9009202e-06
-2.3289931e-06
-1.8235509e-06
-1.3689157e-06
-1.0143066e-06
-6.5015748e-07
-4.8595216e-07
-1.0120015e-07
-3.6765739e-07
5.5457942e-07
-7.2568019e-06
-5.5930766e-06
-5.1006042e-06
-4.207066e-06
-3.5446567e-06
-2.8918862e-06
-2.3221875e-06
-1.8188073e-06
-1.3657097e-06
-1.0118713e-06
-6.489637e-07
-4.8427068e-07
-1.0183851e-07
-3.7032278e-07
5.3936861e-07
-7.2878447e-06
-5.5262349e-06
-5.0701409e-06
-4.1869201e-06
-3.5272215e-06
-2.8808942e-06
-2.3139452e-06
-1.8130551e-06
-1.3618291e-06
-1.0089392e-06
-6.4753254e-07
-4.8225421e-07
-1.0259582e-07
-3.6998089e-07
5.2239593e-07
-7.3167857e-06
-5.450807e-06
-5.0332662e-06
-4.1631642e-06
-3.5066012e-06
-2.8678061e-06
-2.3041786e-06
-1.8062288e-06
-1.3572326e-06
-1.0054835e-06
-6.4585373e-07
-4.798866e-07
-1.0350592e-07
-3.6375362e-07
5.0537649e-07
-7.3403172e-06
-5.367759e-06
-4.9893638e-06
-4.1356206e-06
-3.4826286e-06
-2.852476e-06
-2.2927968e-06
-1.7982599e-06
-1.3518767e-06
-1.0014764e-06
-6.4391635e-07
-4.7716585e-07
-1.0462471e-07
-3.5322587e-07
4.9184706e-07
-7.354589e-06
-5.2781959e-06
-4.9378346e-06
-4.1040804e-06
-3.4551385e-06
-2.8347473e-06
-2.2797043e-06
-1.7890756e-06
-1.3457152e-06
-9.9688867e-07
-6.4170859e-07
-4.740956e-07
-1.0596982e-07
-3.4287469e-07
4.8167329e-07
-7.3552927e-06
-5.1832806e-06
-4.8781256e-06
-4.0682871e-06
-3.4239665e-06
-2.8144504e-06
-2.264799e-06
-1.778598e-06
-1.3386981e-06
-9.9168922e-07
-6.3921722e-07
-4.7067098e-07
-1.0753498e-07
-3.3359813e-07
4.7116663e-07
-7.3377983e-06
-5.0841351e-06
-4.8097592e-06
-4.0279197e-06
-3.3889455e-06
-2.7914e-06
-2.2479693e-06
-1.7667419e-06
-1.3307707e-06
-9.8584449e-07
-6.3642711e-07
-4.6688188e-07
-1.0928785e-07
-3.237545e-07
4.5842811e-07
-7.2973504e-06
-4.9817306e-06
-4.7323613e-06
-3.9825801e-06
-3.3499017e-06
-2.7653922e-06
-2.2290916e-06
-1.7534133e-06
-1.3218716e-06
-9.7931744e-07
-6.3332062e-07
-4.6271932e-07
-1.1106024e-07
-3.1276608e-07
4.4348652e-07
-7.2293182e-06
-4.8767753e-06
-4.6456843e-06
-3.9317852e-06
-3.3066486e-06
-2.7362026e-06
-2.2080264e-06
-1.7385073e-06
-1.3119313e-06
-9.7206644e-07
-6.2987765e-07
-4.581829e-07
-1.1270958e-07
-3.0073921e-07
4.2643496e-07
-7.1294922e-06
-4.7696147e-06
-4.5496226e-06
-3.8749679e-06
-3.2589808e-06
-2.7035862e-06
-2.1846158e-06
-1.7219053e-06
-1.3008702e-06
-9.6404406e-07
-6.2607635e-07
-4.5327515e-07
-1.1438452e-07
-2.8780236e-07
4.0724457e-07
-6.9944012e-06
-4.6601591e-06
-4.4442167e-06
-3.8114898e-06
-3.2066686e-06
-2.667278e-06
-2.1586807e-06
-1.7034734e-06
-1.2885965e-06
-9.5519554e-07
-6.2189014e-07
-4.4799225e-07
-1.1627615e-07
-2.7401482e-07
3.8586434e-07
-6.8216232e-06
-4.5478511e-06
-4.3296451e-06
-3.740665e-06
-3.1494536e-06
-2.6269964e-06
-2.1300196e-06
-1.6830605e-06
-1.2750043e-06
-9.4545735e-07
-6.1728569e-07
-4.4232708e-07
-1.1842129e-07
-2.5944088e-07
3.6226074e-07
-6.6100432e-06
-4.4316889e-06
-4.2062043e-06
-3.6617971e-06
-3.0870488e-06
-2.5824498e-06
-2.0984095e-06
-1.6604973e-06
-1.2599724e-06
-9.3475591e-07
-6.122211e-07
-4.3626944e-07
-1.2084449e-07
-2.4417489e-07
3.364248e-07
-6.3600005e-06
-4.3103136e-06
-4.0742768e-06
-3.5742245e-06
-3.0191454e-06
-2.5333463e-06
-2.0636096e-06
-1.6355975e-06
-1.2433639e-06
-9.2300683e-07
-6.0664451e-07
-4.2980523e-07
-1.2365447e-07
-2.2834619e-07
3.0837538e-07
-6.0732824e-06
-4.1821705e-06
-3.9342949e-06
-3.4773599e-06
-2.9454205e-06
-2.4794011e-06
-2.0253637e-06
-1.6081558e-06
-1.2250246e-06
-9.1011278e-07
-6.0049267e-07
-4.2291699e-07
-1.2706143e-07
-2.1217174e-07
2.7815092e-07
-5.7532565e-06
-4.0456502e-06
-3.7867242e-06
-3.3707083e-06
-2.8655257e-06
-2.4203306e-06
-1.9833893e-06
-1.5779335e-06
-1.2047705e-06
-8.9595615e-07
-5.9368327e-07
-4.1557673e-07
-1.3078083e-07
-1.9595346e-07
2.4581258e-07
-5.4061636e-06
-3.8987198e-06
-3.632145e-06
-3.2539677e-06
-2.7790937e-06
-2.3558837e-06
-1.9373982e-06
-1.5446666e-06
-1.1823837e-06
-8.804012e-07
-5.8609043e-07
-4.076842e-07
-1.3316839e-07
-1.793964e-07
2.116402e-07
-5.0410666e-06
-3.7381898e-06
-3.4713375e-06
-3.1275417e-06
-2.6860845e-06
-2.286145e-06
-1.8873639e-06
-1.5082777e-06
-1.1577534e-06
-8.6337845e-07
-5.7755229e-07
-3.9900517e-07
-1.3320229e-07
-1.6092479e-07
1.766514e-07
-9.8943825e-06
-4.7560658e-06
-1.1241668e-06
1.118104e-06
2.309449e-06
2.9846655e-06
3.3215439e-06
3.3851316e-06
3.5607027e-06
-1.0333881e-06
1.2126289e-06
2.7337602e-06
3.6600293e-06
4.0083392e-06
4.1173559e-06
4.0789066e-06
3.9195015e-06
4.0407575e-06
5.4282871e-06
6.2213122e-06
6.361051e-06
6.2010349e-06
5.7413091e-06
5.2615364e-06
4.8315673e-06
4.4394957e-06
4.5157495e-06
1.1510049e-05
1.1005886e-05
9.9257284e-06
8.7220664e-06
7.4546363e-06
6.3881582e-06
5.570405e-06
4.9527974e-06
4.9899749e-06
1.7514944e-05
1.5745814e-05
1.3459022e-05
1.1208867e-05
9.1318304e-06
7.4861794e-06
6.287695e-06
5.4579916e-06
5.4544054e-06
2.3361618e-05
2.0374188e-05
1.6908677e-05
1.3626375e-05
1.0752666e-05
8.5436214e-06
6.9772423e-06
5.9558374e-06
5.8929231e-06
2.8968661e-05
2.4817447e-05
2.0219944e-05
1.5939504e-05
1.2297041e-05
9.5487791e-06
7.6337933e-06
6.4378903e-06
6.2807836e-06
3.4268333e-05
2.9015924e-05
2.334536e-05
1.8116509e-05
1.3746055e-05
1.0490823e-05
8.2508987e-06
6.8838623e-06
6.6341244e-06
3.9193088e-05
3.2913237e-05
2.6241459e-05
2.0128447e-05
1.5082147e-05
1.1359024e-05
8.8169329e-06
7.2852981e-06
6.9705297e-06
4.367514e-05
3.6455286e-05
2.8868276e-05
2.1949078e-05
1.6289067e-05
1.2141857e-05
9.3176826e-06
7.6416025e-06
7.2852143e-06
4.764981e-05
3.9591895e-05
3.1189777e-05
2.355497e-05
1.7351925e-05
1.2828396e-05
9.7568654e-06
7.9605413e-06
7.5653738e-06
5.105825e-05
4.2278113e-05
3.3174268e-05
2.4925547e-05
1.8258105e-05
1.3413576e-05
1.0139848e-05
8.2374723e-06
7.7991646e-06
5.3849198e-05
4.4475188e-05
3.4794809e-05
2.6043358e-05
1.8996755e-05
1.3890883e-05
1.0454071e-05
8.4594971e-06
7.9863965e-06
5.5980228e-05
4.6151246e-05
3.6029439e-05
2.6894153e-05
1.9558746e-05
1.4254088e-05
1.0692329e-05
8.6255203e-06
8.1284891e-06
5.7418151e-05
4.7281224e-05
3.6860722e-05
2.7466353e-05
1.9936449e-05
1.4498011e-05
1.0851415e-05
8.7382242e-06
8.2238369e-06
5.8139583e-05
4.7847241e-05
3.7276001e-05
2.7751258e-05
2.0123812e-05
1.4618408e-05
1.0929088e-05
8.7942945e-06
8.2706419e-06
-1.5425752e-05
-1.7103503e-05
-1.6861796e-05
-1.571249e-05
-1.4386496e-05
-1.3074352e-05
-1.1800491e-05
-1.0586753e-05
-9.4436678e-06
-8.3893348e-06
-7.4219862e-06
-6.5688981e-06
-5.7345323e-06
-5.2097425e-06
-3.9637623e-06
-6.3515497e-06
-9.0794507e-06
-1.0161065e-05
-1.0409893e-05
-1.0341957e-05
-1.0020752e-05
-9.4805466e-06
-8.7973028e-06
-8.0483079e-06
-7.2944361e-06
-6.5658568e-06
-5.8876212e-06
-5.2264919e-06
-4.7305528e-06
-3.7726401e-06
-3.0115062e-06
-5.6604399e-06
-6.8553359e-06
-7.2091174e-06
-7.3434754e-06
-7.3273716e-06
-7.1257724e-06
-6.7673643e-06
-6.334095e-06
-5.869388e-06
-5.3926083e-06
-4.9225286e-06
-4.4591834e-06
-4.0388086e-06
-3.4313542e-06
-5.2806705e-07
-1.8869521e-06
-2.7166411e-06
-3.2414249e-06
-3.6296461e-06
-3.8888002e-06
-4.0324366e-06
-4.0557608e-06
-4.0064807e-06
-3.9129795e-06
-3.7532489e-06
-3.5525654e-06
-3.3246321e-06
-3.079969e-06
-2.797316e-06
1.1749109e-06
5.2989434e-07
-4.5118873e-08
-5.3999979e-07
-9.5230136e-07
-1.2828042e-06
-1.5363947e-06
-1.7277001e-06
-1.8587462e-06
-1.9332596e-06
-1.9612178e-06
-1.9555892e-06
-1.9283033e-06
-1.8853369e-06
-1.8280337e-06
2.2799736e-06
1.9872119e-06
1.6702314e-06
1.3635713e-06
1.0850364e-06
8.3226373e-07
6.0195925e-07
3.9358162e-07
2.0730134e-07
4.1773875e-08
-1.0441651e-07
-2.3207266e-07
-3.4147812e-07
-4.3498464e-07
-5.2327925e-07
2.8861735e-06
2.7506782e-06
2.587673e-06
2.4176978e-06
2.2516601e-06
2.0885822e-06
1.9274534e-06
1.7689759e-06
1.6140302e-06
1.4632413e-06
1.3171516e-06
1.1762659e-06
1.040973e-06
9.1170246e-07
7.837075e-07
3.1046025e-06
3.049502e-06
2.9708022e-06
2.8826506e-06
2.7935154e-06
2.7025073e-06
2.6083769e-06
2.5111738e-06
2.4111605e-06
2.3084336e-06
2.2030404e-06
2.0950631e-06
1.9846168e-06
1.8718726e-06
1.7552113e-06
3.3217314e-06
3.2855019e-06
3.2341503e-06
3.1760551e-06
3.1153681e-06
3.0513125e-06
2.9830484e-06
2.9104165e-06
2.8333682e-06
2.7517931e-06
2.6655854e-06
2.5746804e-06
2.4790493e-06
2.3788311e-06
2.2762429e-06
-4.6919716e-06
-3.5913109e-06
-3.3249768e-06
-3.0099982e-06
-2.6003642e-06
-2.2214718e-06
-1.84086e-06
-1.4743337e-06
-1.1347176e-06
-8.4746226e-07
-5.6944193e-07
-3.9054019e-07
-1.3310046e-07
-1.4130275e-07
1.4696069e-07
-4.2279101e-06
-3.4444252e-06
-3.148327e-06
-2.8662536e-06
-2.4964744e-06
-2.1412765e-06
-1.7825347e-06
-1.431311e-06
-1.1053618e-06
-8.2690162e-07
-5.5923995e-07
-3.7950537e-07
-1.3566422e-07
-1.1576026e-07
1.159623e-07
-3.5845974e-06
-3.1606141e-06
-2.8686121e-06
-2.6238983e-06
-2.3175386e-06
-2.0045776e-06
-1.6814795e-06
-1.3557458e-06
-1.0531907e-06
-7.9074957e-07
-5.412755e-07
-3.6157526e-07
-1.4057736e-07
-8.2122306e-08
7.3736228e-08
-2.7944267e-06
-2.6263607e-06
-2.4192684e-06
-2.231595e-06
-2.0159834e-06
-1.7781392e-06
-1.5070707e-06
-1.2194998e-06
-9.5572453e-07
-7.2346956e-07
-5.0454918e-07
-3.3095015e-07
-1.4103878e-07
-4.6282633e-08
1.8837135e-08
-1.7828665e-06
-1.7710704e-06
-1.731848e-06
-1.6619559e-06
-1.55963e-06
-1.4114426e-06
-1.1973277e-06
-9.6940076e-07
-7.7397858e-07
-5.9970324e-07
-4.3100886e-07
-2.7792368e-07
-1.2496118e-07
-8.4985645e-09
-3.6953794e-08
-5.7072017e-07
-6.8464935e-07
-7.6766326e-07
-8.0393921e-07
-8.0148102e-07
-7.4760347e-07
-6.7089287e-07
-6.0475057e-07
-5.2960425e-07
-4.3706468e-07
-3.2056402e-07
-1.8942728e-07
-6.9132878e-08
3.3697736e-08
-5.3533899e-08
6.8854386e-07
5.4666525e-07
4.1165009e-07
2.9612154e-07
1.9165044e-07
1.0192154e-07
3.0106802e-08
-1.7264318e-08
-4.1218316e-08
-3.5025778e-08
-1.9930797e-09
2.1887983e-08
2.5739481e-08
1.6300013e-08
-4.7306513e-08
1.6532541e-06
1.5252044e-06
1.393226e-06
1.2638887e-06
1.1323303e-06
9.9893171e-07
8.6742449e-07
7.4007729e-07
6.1645834e-07
4.987432e-07
3.8989987e-07
2.8762858e-07
1.9685606e-07
1.2052783e-07
4.5903709e-08
2.1736956e-06
2.0614804e-06
1.9529289e-06
1.8396257e-06
1.7148046e-06
1.5792896e-06
1.4352194e-06
1.2838788e-06
1.1265092e-06
9.6475204e-07
8.0043443e-07
6.3464832e-07
4.6687091e-07
2.9162303e-07
1.2048736e-07
-0.00031253562
-0.00031228589
-0.0003119511
-0.00031157205
-0.0003111236
-0.00031058622
-0.00030994301
-0.00030917422
-0.00030825608
-0.00030716048
-0.0003058545
-0.00030429974
-0.00030245172
-0.00030025924
-0.00029766398
-0.00029460028
-0.00029099537
-0.00028677015
-0.0002818408
-0.00027612162
-0.00026952905
-0.00026198748
-0.00025343643
-0.00024383911
-0.00023319146
-0.00022153043
-0.0002089401
-0.00019555382
-0.00018155124
-0.00016714994
-0.00015259044
-0.00013812621
-0.00012398059
-0.00011041058
-9.7459494e-05
-8.5630257e-05
-7.4014511e-05
-6.5039183e-05
-5.3597953e-05
-0.00031245833
-0.00031220826
-0.00031187315
-0.00031149361
-0.00031104454
-0.00031050641
-0.00030986227
-0.00030909234
-0.00030817279
-0.00030707545
-0.00030576732
-0.00030420993
-0.00030235869
-0.0003001623
-0.00029756235
-0.0002944931
-0.00029088173
-0.00028664912
-0.00028171157
-0.00027598352
-0.00026938172
-0.00026183093
-0.00025327118
-0.00024366621
-0.00023301254
-0.00022134766
-0.00020875608
-0.00019537144
-0.00018137347
-0.00016697961
-0.0001524301
-0.00013797792
-0.00012384593
-0.00011028959
-9.7354245e-05
-8.5538193e-05
-7.3932951e-05
-6.5000635e-05
-5.3455023e-05
-0.00031233977
-0.00031208838
-0.00031175165
-0.00031137002
-0.00031091845
-0.00031037735
-0.00030972968
-0.00030895555
-0.00030803102
-0.00030692779
-0.00030561273
-0.00030404721
-0.00030218649
-0.00029997914
-0.00029736662
-0.00029428312
-0.00029065583
-0.00028640572
-0.00028144933
-0.00027570148
-0.0002690795
-0.0002615089
-0.00025293064
-0.00024330956
-0.00023264328
-0.00022097036
-0.0002083762
-0.000194995
-0.00018100666
-0.00016662831
-0.00015209958
-0.00013767251
-0.00012356874
-0.00011004118
-9.7137667e-05
-8.5350891e-05
-7.3763809e-05
-6.4926714e-05
-5.3161058e-05
-0.0003121529
-0.00031189923
-0.00031155968
-0.00031117445
-0.00031071863
-0.00031017249
-0.00030951887
-0.00030873773
-0.00030780495
-0.00030669206
-0.00030536573
-0.00030378714
-0.00030191134
-0.00029968671
-0.00029705456
-0.00029394898
-0.00029029713
-0.00028602013
-0.00028103483
-0.00027525664
-0.00026860375
-0.00026100286
-0.00025239637
-0.0002427508
-0.00023206551
-0.00022038072
-0.00020778316
-0.00019440791
-0.00018043513
-0.00016608141
-0.00015158545
-0.00013719799
-0.00012313829
-0.00010965616
-9.6801596e-05
-8.506204e-05
-7.3500945e-05
-6.481414e-05
-5.2705076e-05
-0.00031187921
-0.00031162236
-0.00031127888
-0.00031088864
-0.00031042686
-0.00030987369
-0.00030921174
-0.00030842077
-0.00030747642
-0.00030634997
-0.0003050078
-0.00030341083
-0.00030151382
-0.0002992649
-0.00029660519
-0.00029346869
-0.00028978259
-0.00028546828
-0.00028044311
-0.00027462331
-0.0002679283
-0.00026028637
-0.00025164191
-0.00024196367
-0.00023125339
-0.00021955352
-0.00020695263
-0.00019358694
-0.00017963694
-0.00016531847
-0.00015086888
-0.00013653734
-0.00012253926
-0.00010912103
-9.6334226e-05
-8.4661195e-05
-7.3136292e-05
-6.4653735e-05
-5.2081297e-05
-0.00031148241
-0.00031122149
-0.00031087297
-0.0003104763
-0.00031000689
-0.00030944469
-0.00030877206
-0.00030796849
-0.00030700932
-0.0003058655
-0.00030450308
-0.0003028826
-0.00030095849
-0.00029867858
-0.00029598375
-0.00029280788
-0.00028907825
-0.00028471657
-0.00027964087
-0.0002737685
-0.00026702043
-0.00025932707
-0.00025063535
-0.00024091692
-0.00023017652
-0.00021845945
-0.00020585658
-0.0001925056
-0.00017858732
-0.00016431652
-0.00014992882
-0.0001356717
-0.00012175469
-0.00010842082
-9.5722496e-05
-8.4136525e-05
-7.2661188e-05
-6.4433673e-05
-5.1286933e-05
-0.00031091711
-0.00031065126
-0.00031029667
-0.00030989221
-0.00030941353
-0.0003088404
-0.00030815483
-0.00030733599
-0.00030635885
-0.00030519398
-0.00030380701
-0.00030215805
-0.00030020112
-0.00029788368
-0.00029514635
-0.0002919229
-0.00028814072
-0.00028372199
-0.0002785856
-0.00027265029
-0.00026583903
-0.00025808478
-0.00024933763
-0.00023957279
-0.00022879867
-0.00021706401
-0.00020446248
-0.00019113343
-0.00017725806
-0.00016304959
-0.00014874157
-0.00013457994
-0.00012076568
-0.00010753888
-9.4951874e-05
-8.3474706e-05
-7.206605e-05
-6.413946e-05
-5.0321003e-05
-0.00031012167
-0.00030985009
-0.0003094885
-0.00030907498
-0.00030858552
-0.00030799966
-0.00030729905
-0.00030646246
-0.00030546445
-0.00030427512
-0.00030285964
-0.00030117763
-0.00029918263
-0.00029682171
-0.00029403519
-0.00029075672
-0.0002869139
-0.00028242946
-0.00027722339
-0.0002712161
-0.00026433294
-0.00025651002
-0.00024770115
-0.00023788574
-0.00022707658
-0.00021532643
-0.00020273219
-0.00018943511
-0.00017561671
-0.00016148794
-0.00014728006
-0.00013323827
-0.00011955105
-0.00010645639
-9.4005872e-05
-8.2660495e-05
-7.133987e-05
-6.3753575e-05
-4.9183664e-05
-0.00030901789
-0.00030873991
-0.00030837051
-0.00030794682
-0.00030744526
-0.00030684511
-0.00030612761
-0.00030527109
-0.00030424966
-0.00030303291
-0.00030158547
-0.00029986643
-0.00029782883
-0.0002954193
-0.00029257784
-0.00028923805
-0.00028532779
-0.0002807705
-0.00027548745
-0.00026940109
-0.00026243958
-0.00025454263
-0.00024566844
-0.00023580129
-0.00022495893
-0.00021319876
-0.00020062127
-0.00018736979
-0.00017362607
-0.00015959767
-0.00014551387
-0.00013162106
-0.00011808713
-0.00010515204
-9.2865679e-05
-8.1676414e-05
-7.0469768e-05
-6.3255441e-05
-4.7876405e-05
-0.0003075077
-0.00030722278
-0.00030684499
-0.00030641022
-0.00030589549
-0.00030527979
-0.00030454393
-0.00030366576
-0.00030261889
-0.00030137237
-0.00029989027
-0.00029813111
-0.00029604741
-0.00029358533
-0.00029068462
-0.00028727886
-0.00028329625
-0.00027866111
-0.00027329627
-0.00026712652
-0.00026008325
-0.00025211033
-0.00024317091
-0.00023325477
-0.00022238527
-0.0002106249
-0.00019807811
-0.00018489038
-0.00017124359
-0.00015734055
-0.00014341032
-0.00012970098
-0.00011634474
-0.00010360102
-9.1509753e-05
-8.0502436e-05
-6.9440472e-05
-6.2621679e-05
-4.6406937e-05
-0.00030547071
-0.00030517851
-0.00030479199
-0.00030434557
-0.00030381695
-0.00030318488
-0.00030242969
-0.00030152875
-0.00030045513
-0.00029917736
-0.0002976589
-0.00029585772
-0.0002937258
-0.0002912089
-0.00028824652
-0.00028477232
-0.000280715
-0.00027599993
-0.00027055177
-0.00026429797
-0.00025717362
-0.00024912723
-0.00024012748
-0.00023017022
-0.00021928496
-0.00020753973
-0.00019504313
-0.00018194273
-0.00016842038
-0.00015467152
-0.0001409288
-0.00012743192
-0.00011428161
-0.00010177353
-8.9913316e-05
-7.9115579e-05
-6.8233477e-05
-6.1825519e-05
-4.4795558e-05
-0.00030276242
-0.00030246285
-0.0003020676
-0.00030160932
-0.00030106657
-0.00030041786
-0.00029964305
-0.00029871899
-0.00029761827
-0.00029630884
-0.00029475363
-0.00029291005
-0.00029072959
-0.00028815765
-0.00028513361
-0.00028159131
-0.00027746011
-0.0002726667
-0.0002671378
-0.00026080394
-0.0002536043
-0.00024549253
-0.00023644336
-0.00022645921
-0.00021557619
-0.00020386818
-0.00019144801
-0.00017846519
-0.00016510063
-0.00015153116
-0.00013798945
-0.00012469665
-0.00011186925
-9.9639853e-05
-8.8048005e-05
-7.7489416e-05
-6.6825889e-05
-6.0832224e-05
-4.302341e-05
-0.0002992112
-0.00029890431
-0.00029850032
-0.00029803047
-0.00029747394
-0.00029680902
-0.0002960151
-0.00029506858
-0.00029394155
-0.00029260146
-0.00029101074
-0.0002891263
-0.00028689925
-0.00028427475
-0.00028119216
-0.00027758568
-0.00027338557
-0.00026852005
-0.00026291826
-0.00025651416
-0.0002492514
-0.00024108927
-0.00023200895
-0.0002220199
-0.00021116516
-0.0001995247
-0.00018721578
-0.00017439055
-0.00016122997
-0.00014786533
-0.00013448034
-0.00012161797
-0.00010928978
-9.7186843e-05
-8.5882372e-05
-7.5593666e-05
-6.5190547e-05
-5.9603904e-05
-4.1071456e-05
-0.00029462032
-0.00029430627
-0.00029389296
-0.00029341236
-0.00029284322
-0.00029216338
-0.00029135188
-0.00029038473
-0.0002892336
-0.00028786551
-0.00028624246
-0.000284321
-0.00028205198
-0.00027938045
-0.00027624597
-0.00027258334
-0.00026832393
-0.00026339787
-0.00025773706
-0.00025127924
-0.00024397302
-0.00023578363
-0.00022669915
-0.00021673631
-0.00020594535
-0.00019441256
-0.00018226022
-0.00016964619
-0.00015676637
-0.00014374612
-0.00013071016
-0.00011813391
-0.00010611038
-9.4383695e-05
-8.3382117e-05
-7.3393502e-05
-6.3296121e-05
-5.8103103e-05
-3.8950409e-05
-0.00028875593
-0.00028843579
-0.00028801453
-0.00028752476
-0.00028694489
-0.00028625239
-0.00028542602
-0.00028444149
-0.00028327014
-0.00028187871
-0.00028022891
-0.00027827709
-0.00027597404
-0.00027326497
-0.00027008987
-0.00026638444
-0.00026208151
-0.00025711342
-0.00025141517
-0.00024492866
-0.00023760774
-0.00022942395
-0.00022037242
-0.00021047727
-0.00019979569
-0.00018841964
-0.00017647469
-0.00016411674
-0.00015152876
-0.00013887968
-0.0001263894
-0.00011408467
-0.00010222267
-9.1069826e-05
-8.0491066e-05
-7.0848697e-05
-6.1106316e-05
-5.6288296e-05
-3.6656038e-05
-0.00028136805
-0.00028104342
-0.0002806163
-0.00028011981
-0.00027953208
-0.00027883037
-0.00027799323
-0.0002769962
-0.00027581046
-0.00027440258
-0.0002727342
-0.00027076169
-0.00026843603
-0.00026570282
-0.00026250286
-0.00025877305
-0.00025444811
-0.00024946301
-0.00024375634
-0.0002372746
-0.00022997727
-0.00022184244
-0.00021287239
-0.00020309845
-0.00019258436
-0.00018142704
-0.00016975425
-0.00015771924
-0.00014549313
-0.00013324102
-0.00012111832
-0.00010931838
-9.8006193e-05
-8.7302987e-05
-7.7173641e-05
-6.7917376e-05
-5.8580045e-05
-5.4113705e-05
-3.4171892e-05
-0.00027215645
-0.00027182947
-0.00027139933
-0.0002708994
-0.00027030772
-0.00026960148
-0.00026875918
-0.00026775636
-0.00026656422
-0.00026514945
-0.00026347388
-0.00026149424
-0.00025916205
-0.00025642379
-0.00025322144
-0.00024949364
-0.00024517741
-0.00024021077
-0.00023453622
-0.00022810508
-0.00022088264
-0.00021285359
-0.0002040273
-0.00019444213
-0.0001841679
-0.00017330579
-0.00016198505
-0.00015035673
-0.00013858502
-0.00012683094
-0.00011524167
-0.00010399458
-9.3222741e-05
-8.3014737e-05
-7.3380274e-05
-6.4552655e-05
-5.5671189e-05
-5.1530269e-05
-3.1475177e-05
-0.0002608463
-0.0002605199
-0.00026009057
-0.00025959166
-0.00025900129
-0.00025829677
-0.00025745673
-0.00025645691
-0.00025526878
-0.00025385938
-0.00025219103
-0.00025022115
-0.00024790214
-0.0002451817
-0.00024200349
-0.00023830829
-0.00023403602
-0.00022912837
-0.00022353244
-0.00021720508
-0.00021011788
-0.00020226236
-0.00019365476
-0.00018433979
-0.00017439234
-0.00016391653
-0.00015304165
-0.00014191517
-0.00013069369
-0.00011953049
-0.0001085655
-9.7942394e-05
-8.7773009e-05
-7.8137919e-05
-6.9055153e-05
-6.0703453e-05
-5.2329374e-05
-4.8486158e-05
-2.8534854e-05
-0.00024703822
-0.00024671584
-0.00024629186
-0.00024579925
-0.0002452165
-0.00024452124
-0.00024369253
-0.00024270658
-0.00024153549
-0.00024014707
-0.00023850466
-0.0002365669
-0.00023428779
-0.000231617
-0.0002285006
-0.00022488235
-0.00022070565
-0.00021591628
-0.00021046603
-0.000204317
-0.00019744661
-0.00018985263
-0.00018155764
-0.00017261209
-0.00016309515
-0.00015311273
-0.00014279255
-0.0001322766
-0.00012171197
-0.0001112403
-0.0001009891
-9.1076556e-05
-8.159463e-05
-7.260998e-05
-6.4140097e-05
-5.6316361e-05
-4.8501942e-05
-4.4929049e-05
-2.5314127e-05
-0.00023054782
-0.00023023406
-0.00022982149
-0.00022934219
-0.00022877524
-0.00022809896
-0.00022729304
-0.00022633442
-0.00022519613
-0.00022384707
-0.00022225185
-0.00022037071
-0.00021815951
-0.00021557017
-0.00021255152
-0.00020905066
-0.00020501511
-0.00020039568
-0.00019515011
-0.00018924735
-0.00018267213
-0.00017542929
-0.00016754754
-0.00015908167
-0.00015011281
-0.00014074588
-0.00013110419
-0.0001213216
-0.00011153326
-0.00010186621
-9.2431867e-05
-8.3326301e-05
-7.4621559e-05
-6.6367241e-05
-5.8576305e-05
-5.1337794e-05
-4.4136819e-05
-4.0810278e-05
-2.1783042e-05
-0.00021071082
-0.00021041032
-0.00021001526
-0.00020955644
-0.00020901391
-0.00020836702
-0.00020759651
-0.00020668055
-0.00020559367
-0.00020430661
-0.00020278621
-0.00020099535
-0.00019889309
-0.00019643511
-0.00019357454
-0.00019026338
-0.00018645438
-0.00018210375
-0.0001771745
-0.00017164051
-0.000165491
-0.00015873498
-0.00015140494
-0.00014355864
-0.00013527843
-0.00012666756
-0.0001178438
-0.00010893113
-0.00010005072
-9.1312635e-05
-8.280961e-05
-7.4615978e-05
-6.678382e-05
-5.9345352e-05
-5.2305409e-05
-4.5715254e-05
-3.9182328e-05
-3.6071083e-05
-1.7881496e-05
-0.00018788981
-0.00018760936
-0.00018724071
-0.00018681254
-0.00018630624
-0.00018570257
-0.00018498352
-0.00018412877
-0.00018311452
-0.0001819135
-0.00018049479
-0.00017882382
-0.00017686251
-0.00017456981
-0.0001719026
-0.00016881718
-0.00016527149
-0.00016122804
-0.0001566574
-0.00015154222
-0.00014588101
-0.00013969139
-0.00013301211
-0.00012590345
-0.00011844567
-0.00011073518
-0.00010287846
-9.4984351e-05
-8.7155781e-05
-7.9482456e-05
-7.2035914e-05
-6.4868417e-05
-5.801215e-05
-5.1482307e-05
-4.5272931e-05
-3.9402251e-05
-3.3588052e-05
-3.0592851e-05
-1.3317983e-05
-0.00016037473
-0.00016011959
-0.00015978431
-0.00015939517
-0.00015893538
-0.00015838761
-0.00015773581
-0.00015696192
-0.00015604494
-0.0001549609
-0.00015368291
-0.0001521811
-0.00015042301
-0.00014837398
-0.00014599814
-0.00014325964
-0.00014012441
-0.00013656247
-0.00013255063
-0.00012807574
-0.00012313816
-0.0001177551
-0.0001119632
-0.00010581921
-9.9398239e-05
-9.2789095e-05
-8.6087275e-05
-7.938677e-05
-7.2772153e-05
-6.6312374e-05
-6.0057347e-05
-5.4037944e-05
-4.8267559e-05
-4.2745852e-05
-3.7456093e-05
-3.2392602e-05
-2.7356329e-05
-2.4296782e-05
-7.8260758e-06
-0.00013078196
-0.00013056037
-0.00013026936
-0.00012993148
-0.00012953216
-0.00012905635
-0.00012849005
-0.00012781749
-0.00012702034
-0.00012607765
-0.00012496587
-0.0001236589
-0.00012212831
-0.00012034393
-0.00011827473
-0.00011589023
-0.00011316244
-0.00011006839
-0.00010659313
-0.00010273279
-9.8497527e-05
-9.3913399e-05
-8.9023009e-05
-8.3884282e-05
-7.856735e-05
-7.3149589e-05
-6.7709249e-05
-6.2318509e-05
-5.703719e-05
-5.1908364e-05
-4.6956765e-05
-4.2190313e-05
-3.7603654e-05
-3.3182716e-05
-2.8904484e-05
-2.4760946e-05
-2.0626061e-05
-1.7648651e-05
-3.9598761e-06
-9.4288253e-05
-9.4110307e-05
-9.3876655e-05
-9.3605529e-05
-9.3285312e-05
-9.2904049e-05
-9.2450704e-05
-9.19129e-05
-9.1276319e-05
-9.0524722e-05
-8.9640001e-05
-8.8602297e-05
-8.7390291e-05
-8.5981727e-05
-8.4354237e-05
-8.2486524e-05
-8.0359938e-05
-7.7960436e-05
-7.528086e-05
-7.232333e-05
-6.910142e-05
-6.564165e-05
-6.1983688e-05
-5.8178779e-05
-5.4286166e-05
-5.0367744e-05
-4.6481709e-05
-4.267631e-05
-3.8984958e-05
-3.5423736e-05
-3.1991887e-05
-2.8675259e-05
-2.5451935e-05
-2.2297809e-05
-1.9191075e-05
-1.6148398e-05
-1.3116679e-05
-1.0897915e-05
-5.8261702e-06
-5.2477314e-05
-5.2349873e-05
-5.2182545e-05
-5.1988667e-05
-5.1760065e-05
-5.1488393e-05
-5.1166083e-05
-5.0784749e-05
-5.0334816e-05
-4.9805604e-05
-4.9185453e-05
-4.8461931e-05
-4.7622172e-05
-4.6653407e-05
-4.5543714e-05
-4.4282995e-05
-4.2864174e-05
-4.1284551e-05
-3.954718e-05
-3.7662123e-05
-3.5647329e-05
-3.3528901e-05
-3.1340443e-05
-2.9121175e-05
-2.6912616e-05
-2.4753964e-05
-2.2676772e-05
-2.0700042e-05
-1.8827004e-05
-1.7044565e-05
-1.5325801e-05
-1.3635239e-05
-1.1936336e-05
-1.0196118e-05
-8.3907283e-06
-6.5687927e-06
-4.6957256e-06
-3.2217449e-06
-7.4892575e-07
-9.5997354e-06
-9.5305379e-06
-9.4397986e-06
-9.3347756e-06
-9.2111798e-06
-9.0646487e-06
-8.8913026e-06
-8.686921e-06
-8.4467794e-06
-8.1657484e-06
-7.8384386e-06
-7.4594085e-06
-7.0234827e-06
-6.5262136e-06
-5.9645124e-06
-5.3374669e-06
-4.647336e-06
-3.9006607e-06
-3.1093493e-06
-2.2914767e-06
-1.4714292e-06
-6.7898703e-07
5.2943964e-08
6.9194536e-07
1.2106546e-06
1.591579e-06
1.8312773e-06
1.9430159e-06
1.957137e-06
1.9187092e-06
1.8825559e-06
1.9059708e-06
2.0392602e-06
2.3260767e-06
2.8016274e-06
3.3615351e-06
4.0454062e-06
4.6514324e-06
5.8153503e-06
3.6656877e-05
3.6662569e-05
3.6669788e-05
3.6677661e-05
3.6686216e-05
3.6695356e-05
3.6704736e-05
3.6713753e-05
3.6721442e-05
3.6726322e-05
3.672619e-05
3.671785e-05
3.669678e-05
3.6656722e-05
3.6589224e-05
3.6483157e-05
3.6324288e-05
3.6095008e-05
3.5774354e-05
3.5338479e-05
3.4761726e-05
3.4018429e-05
3.3085548e-05
3.1946152e-05
3.0593531e-05
2.903538e-05
2.7297077e-05
2.542295e-05
2.3474674e-05
2.1526596e-05
1.965856e-05
1.7946466e-05
1.644971e-05
1.5226776e-05
1.4345406e-05
1.3566861e-05
1.2998332e-05
1.2591549e-05
1.2517563e-05
8.4039303e-05
8.3976135e-05
8.389281e-05
8.3795541e-05
8.3679783e-05
8.3540708e-05
8.3373565e-05
8.3172762e-05
8.2931513e-05
8.2641658e-05
8.2293433e-05
8.1875185e-05
8.1373071e-05
8.0770749e-05
8.0049091e-05
7.9185977e-05
7.8156246e-05
7.6931923e-05
7.5482889e-05
7.377821e-05
7.1788313e-05
6.9488156e-05
6.6861302e-05
6.3904519e-05
6.0632226e-05
5.7079881e-05
5.330538e-05
4.9387708e-05
4.5422441e-05
4.1514453e-05
3.7768749e-05
3.4278195e-05
3.110582e-05
2.8345216e-05
2.6081132e-05
2.3851294e-05
2.2025114e-05
2.054908e-05
1.9292604e-05
0.00013248789
0.00013235312
0.00013217565
0.00013196898
0.0001317238
0.00013143033
0.00013107916
0.00013065942
0.00013015814
0.00012956004
0.00012884723
0.00012799893
0.00012699117
0.0001257966
0.00012438442
0.00012272052
0.00012076804
0.00011848838
0.00011584287
0.00011279526
0.00010931503
0.00010538156
0.00010098884
9.6150318e-05
9.0903113e-05
8.5310652e-05
7.9462596e-05
7.3471334e-05
6.7464905e-05
6.1577396e-05
5.5938034e-05
5.0653538e-05
4.5782033e-05
4.1565346e-05
3.7691103e-05
3.4092466e-05
3.1130878e-05
2.8448548e-05
2.6037943e-05
0.00018073227
0.00018052416
0.00018025026
0.00017993159
0.00017955397
0.00017910258
0.00017856332
0.00017791999
0.00017715339
0.00017624111
0.00017515718
0.00017387177
0.00017235097
0.00017055666
0.00016844671
0.00016597546
0.00016309479
0.00015975581
0.00015591141
0.00015151977
0.00014654891
0.00014098199
0.00013482309
0.0001281026
0.00012088121
0.0001132514
0.00010533546
9.7279321e-05
8.9242672e-05
8.1386585e-05
7.3858741e-05
6.6765696e-05
6.0111921e-05
5.4410577e-05
4.9121111e-05
4.4308796e-05
4.0068088e-05
3.6123719e-05
3.2607815e-05
0.00022799408
0.00022771297
0.0002273431
0.00022691296
0.00022640353
0.00022579496
0.00022506846
0.00022420252
0.00022317176
0.00022194662
0.00022049307
0.00021877225
0.00021674029
0.00021434834
0.00021154297
0.00020826705
0.0002044614
0.00020006719
0.00019502948
0.00018930183
0.00018285194
0.00017566801
0.00016776523
0.00015919146
0.00015003092
0.00014040457
0.00013046622
0.00012039405
0.00011037784
0.00010060258
9.1224626e-05
8.2350378e-05
7.4212912e-05
6.6834515e-05
6.0051147e-05
5.3961293e-05
4.8451033e-05
4.3432357e-05
3.8876784e-05
0.0002732022
0.00027285011
0.00027238692
0.00027184841
0.00027121084
0.00027044951
0.00026954109
0.00026845893
0.00026717167
0.00026564288
0.00026383076
0.0002616878
0.00025916059
0.00025619005
0.00025271199
0.00024865846
0.0002439598
0.00023854787
0.00023236043
0.00022534674
0.00021747433
0.00020873641
0.0001991591
0.00018880743
0.00017778861
0.0001662513
0.00015437991
0.00014238381
0.00013048243
0.00011888761
0.00010778521
9.7339019e-05
8.7774618e-05
7.8662822e-05
7.0304051e-05
6.3025521e-05
5.6376358e-05
5.0290723e-05
4.4741977e-05
0.00031541365
0.00031499452
0.00031444319
0.00031380232
0.00031304374
0.00031213815
0.00031105792
0.00030977159
0.00030824213
0.00030642665
0.00030427603
0.00030173458
0.00029873996
0.00029522344
0.00029111076
0.00028632382
0.00028078325
0.00027441235
0.00026714226
0.00025891861
0.00024970926
0.00023951261
0.00022836549
0.00021634932
0.00020359297
0.0001902709
0.00017659566
0.0001628049
0.00014914404
0.00013584677
0.00012311625
0.00011112026
0.00010001652
8.9675832e-05
8.0105031e-05
7.1504658e-05
6.3693587e-05
5.6583683e-05
5.0106606e-05
0.0003536533
0.00035317285
0.00035254087
0.00035180631
0.00035093699
0.0003498994
0.000348662
0.00034718891
0.00034543795
0.00034336033
0.00034090029
0.00033799471
0.00033457312
0.00033055806
0.00032586621
0.00032041028
0.00031410222
0.00030685762
0.00029860179
0.0002892772
0.00027885214
0.00026732992
0.00025475725
0.0002412306
0.00022689863
0.00021195917
0.00019665011
0.00018123425
0.00016597981
0.00015113916
0.00013692889
0.00012351831
0.0001110342
9.9464372e-05
8.8790693e-05
7.9081442e-05
7.023644e-05
6.219768e-05
5.4881116e-05
0.00038705378
0.00038651852
0.00038581255
0.00038499546
0.00038402894
0.00038287531
0.00038149968
0.00037986233
0.00037791658
0.00037560844
0.00037287629
0.00036965052
0.00036585349
0.00036140012
0.0003561991
0.00035015517
0.00034317268
0.00033516063
0.00032603933
0.00031574869
0.00030425768
0.0002915741
0.00027775358
0.00026290588
0.00024719696
0.000230845
0.00021410977
0.00019727568
0.00018063045
0.00016444235
0.00014893954
0.00013429634
0.00012062975
0.00010796295
9.6288908e-05
8.5620565e-05
7.5882216e-05
6.7034043e-05
5.8986251e-05
0.00041480217
0.00041421938
0.00041344639
0.00041256006
0.00041151265
0.00041026212
0.00040877098
0.00040699642
0.00040488799
0.00040238738
0.00039942811
0.00039593515
0.00039182495
0.0003870061
0.00038138069
0.00037484686
0.00036730269
0.00035865169
0.00034881008
0.00033771565
0.0003253379
0.00031168844
0.0002968303
0.00028088441
0.00026403114
0.0002465056
0.00022858568
0.00021057358
0.00019277299
0.0001754651
0.00015888742
0.00014321932
0.00012857617
0.00011499597
0.00010247682
9.100816e-05
8.0528423e-05
7.1008302e-05
6.2354167e-05
0.00043626527
0.00043564625
0.00043482176
0.00043388293
0.00043277406
0.00043144947
0.00042986941
0.00042798841
0.00042575292
0.00042310156
0.00041996439
0.00041626226
0.00041190702
0.00040680233
0.00040084522
0.00039392876
0.0003859463
0.00037679724
0.00036639481
0.00035467536
0.00034160904
0.00032721055
0.00031154877
0.00029475319
0.00027701527
0.00025858302
0.00023974812
0.00022082632
0.00020213342
0.00018396043
0.00016655186
0.00015009109
0.00013469429
0.00012040733
0.00010723042
9.5142143e-05
8.4089694e-05
7.4050991e-05
6.4929316e-05
0.00045080753
0.00045016413
0.00044930491
0.00044833154
0.00044718265
0.00044581014
0.00044417274
0.0004422227
0.00043990346
0.00043715146
0.00043389538
0.00043005354
0.0004255345
0.00042023852
0.00041405916
0.00040688602
0.00039860908
0.00038912485
0.00037834433
0.00036620273
0.00035267048
0.00033776429
0.00032155702
0.00030418407
0.00028584457
0.00026679546
0.0002473379
0.0002277969
0.00020849651
0.00018973438
0.00017175976
0.00015475879
0.00013884874
0.00012407954
0.0001104527
9.7942108e-05
8.6499802e-05
7.6108396e-05
6.6668748e-05
0.000458329
0.00045791112
0.00045722173
0.00045637477
0.00045531228
0.00045396935
0.00045225136
0.00045004455
0.0004473486
0.00044430953
0.00044093875
0.00043704009
0.00043244368
0.0004270498
0.00042075634
0.00041345198
0.00040502469
0.00039536939
0.00038439603
0.00037203935
0.00035826998
0.00034310573
0.00032662147
0.00030895562
0.00029031113
0.00027094941
0.00025117638
0.00023132168
0.0002117135
0.00019265283
0.00017439132
0.00015711651
0.0001409464
0.00012593258
0.00011207725
9.9352666e-05
8.7713035e-05
7.7143257e-05
6.7542587e-05
-4.8296899e-05
-3.9737464e-05
-3.5801293e-05
-3.0646249e-05
-2.7198188e-05
-2.383776e-05
-2.1089066e-05
-1.8638024e-05
-1.6503029e-05
-1.462557e-05
-1.2940001e-05
-1.1498175e-05
-1.0089716e-05
-9.0802071e-06
-7.7187722e-06
-4.8354035e-05
-3.9694635e-05
-3.5819519e-05
-3.0671036e-05
-2.7224517e-05
-2.3868575e-05
-2.1116497e-05
-1.8663271e-05
-1.6524084e-05
-1.4642418e-05
-1.2952307e-05
-1.1506411e-05
-1.0092774e-05
-9.0831329e-06
-7.7070369e-06
-4.8474441e-05
-3.9577096e-05
-3.5823721e-05
-3.0669249e-05
-2.7229312e-05
-2.3879879e-05
-2.1125446e-05
-1.8671634e-05
-1.6529401e-05
-1.46447e-05
-1.2951162e-05
-1.1502498e-05
-1.0083668e-05
-9.0789992e-06
-7.6773054e-06
-4.8648812e-05
-3.9369361e-05
-3.5802431e-05
-3.0630426e-05
-2.7204532e-05
-2.3864682e-05
-2.1110518e-05
-1.8658756e-05
-1.6515685e-05
-1.4630014e-05
-1.2934894e-05
-1.148555e-05
-1.0061864e-05
-9.0681611e-06
-7.6292718e-06
-4.8870247e-05
-3.9068867e-05
-3.5751766e-05
-3.0553651e-05
-2.7149306e-05
-2.382277e-05
-2.1071783e-05
-1.8624826e-05
-1.6483192e-05
-1.4598617e-05
-1.290368e-05
-1.1455691e-05
-1.0027383e-05
-9.050381e-06
-7.5628646e-06
-4.9128703e-05
-3.8676066e-05
-3.5666971e-05
-3.0437202e-05
-2.7061447e-05
-2.3752476e-05
-2.1007808e-05
-1.8568553e-05
-1.6430793e-05
-1.4549491e-05
-1.2856603e-05
-1.1412055e-05
-9.9795604e-06
-9.0246173e-06
-7.4780751e-06
-4.9408447e-05
-3.8193193e-05
-3.5541779e-05
-3.0278368e-05
-2.6937721e-05
-2.3651212e-05
-2.0916338e-05
-1.8487936e-05
-1.6356755e-05
-1.4481128e-05
-1.2792371e-05
-1.1353469e-05
-9.9175959e-06
-8.9895687e-06
-7.3752278e-06
-4.9685473e-05
-3.76183e-05
-3.5369119e-05
-3.0074272e-05
-2.6774602e-05
-2.3516238e-05
-2.0795016e-05
-1.8380906e-05
-1.6259311e-05
-1.4391997e-05
-1.2709693e-05
-1.1278748e-05
-9.8407527e-06
-8.9438025e-06
-7.255045e-06
-4.9929574e-05
-3.6927516e-05
-3.5141075e-05
-2.9822372e-05
-2.6568317e-05
-2.3344662e-05
-2.0641395e-05
-1.8245327e-05
-1.6136638e-05
-1.428053e-05
-1.2607256e-05
-1.118667e-05
-9.7483187e-06
-8.8857389e-06
-7.1186158e-06
-5.0133967e-05
-3.6150252e-05
-3.4848526e-05
-2.9521257e-05
-2.6314997e-05
-2.3133315e-05
-2.045285e-05
-1.8078922e-05
-1.5986802e-05
-1.4145066e-05
-1.248368e-05
-1.107595e-05
-9.6395681e-06
-8.8136584e-06
-6.9673507e-06
-5.0322068e-05
-3.533212e-05
-3.4442849e-05
-2.9169873e-05
-2.6011226e-05
-2.2878755e-05
-2.0226537e-05
-1.7879253e-05
-1.5807739e-05
-1.3983843e-05
-1.233751e-05
-1.0945233e-05
-9.5137437e-06
-8.7257323e-06
-6.8029237e-06
-5.0383285e-05
-3.4429663e-05
-3.3929581e-05
-2.8752081e-05
-2.5651968e-05
-2.2577278e-05
-1.9959399e-05
-1.7643727e-05
-1.5597269e-05
-1.379501e-05
-1.216722e-05
-1.0793113e-05
-9.370052e-06
-8.620069e-06
-6.6271947e-06
-5.0185309e-05
-3.3411717e-05
-3.3357199e-05
-2.8265808e-05
-2.5232477e-05
-2.2225011e-05
-1.964824e-05
-1.7369648e-05
-1.5353141e-05
-1.3576672e-05
-1.1971254e-05
-1.0618165e-05
-9.2076727e-06
-8.4947765e-06
-6.4421165e-06
-4.9733443e-05
-3.2333554e-05
-3.2694945e-05
-2.7711786e-05
-2.4748581e-05
-2.1817965e-05
-1.9289827e-05
-1.7054324e-05
-1.5073125e-05
-1.3326963e-05
-1.1748087e-05
-1.0419002e-05
-9.0257892e-06
-8.348043e-06
-6.2496311e-06
-4.9003227e-05
-3.1208788e-05
-3.1906481e-05
-2.7083102e-05
-2.4195481e-05
-2.1352132e-05
-1.888104e-05
-1.6695217e-05
-1.4755155e-05
-1.3044171e-05
-1.1496322e-05
-1.0194359e-05
-8.8236426e-06
-8.1782367e-06
-6.0515625e-06
-4.7928232e-05
-3.0020865e-05
-3.0978029e-05
-2.6373159e-05
-2.3568516e-05
-2.0823801e-05
-1.8419129e-05
-1.6290173e-05
-1.4397516e-05
-1.2726897e-05
-1.1214827e-05
-9.9432058e-06
-8.6006081e-06
-7.984019e-06
-5.8495149e-06
-4.644316e-05
-2.8776174e-05
-2.9899409e-05
-2.5576156e-05
-2.2863966e-05
-2.0229994e-05
-1.7902041e-05
-1.5837703e-05
-1.3999082e-05
-1.237425e-05
-1.0902885e-05
-9.6648761e-06
-8.3562898e-06
-7.7644652e-06
-5.6447862e-06
-4.4481172e-05
-2.7481257e-05
-2.8661258e-05
-2.4686251e-05
-2.2079061e-05
-1.9568587e-05
-1.7328597e-05
-1.5337172e-05
-1.3559499e-05
-1.1986007e-05
-1.0560339e-05
-9.3591921e-06
-8.0906154e-06
-7.5191782e-06
-5.4383031e-06
-4.1975049e-05
-2.6133409e-05
-2.7253442e-05
-2.3695283e-05
-2.1211004e-05
-1.8837872e-05
-1.6698319e-05
-1.4788779e-05
-1.3079226e-05
-1.1562684e-05
-1.0187663e-05
-9.0265447e-06
-7.8039078e-06
-7.2483738e-06
-5.2305816e-06
-3.8899843e-05
-2.4744815e-05
-2.5680089e-05
-2.2599461e-05
-2.026121e-05
-1.8039176e-05
-1.6012953e-05
-1.4194453e-05
-1.256007e-05
-1.1105855e-05
-9.7861612e-06
-8.6680238e-06
-7.4969766e-06
-6.9529388e-06
-5.0217511e-06
-3.5307067e-05
-2.3420166e-05
-2.4021012e-05
-2.1434089e-05
-1.9255575e-05
-1.7188821e-05
-1.5283406e-05
-1.3561927e-05
-1.2007617e-05
-1.0619624e-05
-9.358848e-06
-8.2859416e-06
-7.1714255e-06
-6.6345391e-06
-4.8117462e-06
-3.0895469e-05
-2.2170218e-05
-2.2359035e-05
-2.0232139e-05
-1.821876e-05
-1.6303692e-05
-1.452203e-05
-1.2900867e-05
-1.1429432e-05
-1.010986e-05
-8.9101657e-06
-7.8838416e-06
-6.8296912e-06
-6.2957357e-06
-4.6003672e-06
-2.4080693e-05
-1.9872287e-05
-2.0087874e-05
-1.8604975e-05
-1.6924167e-05
-1.5256909e-05
-1.3659958e-05
-1.2174955e-05
-1.0806733e-05
-9.5673247e-06
-8.4360406e-06
-7.4609152e-06
-6.4718316e-06
-5.9391585e-06
-4.385343e-06
-1.3732662e-05
-1.4702121e-05
-1.6050187e-05
-1.5816202e-05
-1.4933907e-05
-1.3796483e-05
-1.2550368e-05
-1.1296218e-05
-1.0085383e-05
-8.9585516e-06
-7.9164364e-06
-7.0057741e-06
-6.0915479e-06
-5.5648986e-06
-4.1600545e-06
-7.1391832e-06
-5.7882172e-06
-5.1799715e-06
-4.2614167e-06
-3.5919639e-06
-2.9211575e-06
-2.3444051e-06
-1.8342832e-06
-1.3761614e-06
-1.0199599e-06
-6.5286006e-07
-4.899408e-07
-9.9623351e-08
-3.5487567e-07
6.1603712e-07
-7.1455807e-06
-5.7802155e-06
-5.1767257e-06
-4.2593528e-06
-3.5900425e-06
-2.9200256e-06
-2.3435277e-06
-1.833676e-06
-1.3757489e-06
-1.0196317e-06
-6.5270334e-07
-4.8969155e-07
-9.9749396e-08
-3.5606252e-07
6.0901729e-07
-7.1575722e-06
-5.7628995e-06
-5.1699866e-06
-4.254786e-06
-3.5859645e-06
-2.9175605e-06
-2.3416318e-06
-1.8323597e-06
-1.3748581e-06
-1.0189279e-06
-6.5236817e-07
-4.8917718e-07
-9.9968117e-08
-3.5826527e-07
5.9779237e-07
-7.1754436e-06
-5.7356277e-06
-5.1594484e-06
-4.2474538e-06
-3.5795554e-06
-2.9136312e-06
-2.3386289e-06
-1.8302719e-06
-1.3734441e-06
-1.0178252e-06
-6.5183444e-07
-4.8839202e-07
-1.0027993e-07
-3.6117126e-07
5.8411815e-07
-7.1987373e-06
-5.6981752e-06
-5.1447004e-06
-4.2371694e-06
-3.5706478e-06
-2.9081229e-06
-2.3344408e-06
-1.8273574e-06
-1.3714704e-06
-1.0163019e-06
-6.5109081e-07
-4.873242e-07
-1.0069406e-07
-3.6442542e-07
5.6925694e-07
-7.2263884e-06
-5.6505683e-06
-5.1252635e-06
-4.2237608e-06
-3.5590707e-06
-2.900915e-06
-2.3289861e-06
-1.8235582e-06
-1.3689004e-06
-1.0143338e-06
-6.5012846e-07
-4.8595794e-07
-1.012167e-07
-3.6769309e-07
5.5459277e-07
-7.2568066e-06
-5.5930799e-06
-5.1006033e-06
-4.2070633e-06
-3.5446509e-06
-2.8918809e-06
-2.3221805e-06
-1.8188135e-06
-1.3656957e-06
-1.0118955e-06
-6.4893814e-07
-4.8427559e-07
-1.0185314e-07
-3.7035457e-07
5.3938033e-07
-7.2878492e-06
-5.5262383e-06
-5.0701402e-06
-4.1869178e-06
-3.5272161e-06
-2.8808888e-06
-2.3139385e-06
-1.8130603e-06
-1.3618163e-06
-1.0089607e-06
-6.4751011e-07
-4.8225837e-07
-1.0260875e-07
-3.7000902e-07
5.2240611e-07
-7.31679e-06
-5.4508105e-06
-5.0332659e-06
-4.1631623e-06
-3.5065963e-06
-2.8678007e-06
-2.3041721e-06
-1.8062331e-06
-1.3572209e-06
-1.0055025e-06
-6.4583413e-07
-4.7989006e-07
-1.0351736e-07
-3.6377844e-07
5.0538526e-07
-7.3403213e-06
-5.3677625e-06
-4.9893638e-06
-4.135619e-06
-3.4826241e-06
-2.8524706e-06
-2.2927906e-06
-1.7982633e-06
-1.351866e-06
-1.0014931e-06
-6.4389932e-07
-4.7716865e-07
-1.0463483e-07
-3.5324777e-07
4.9185456e-07
-7.354593e-06
-5.2781994e-06
-4.9378348e-06
-4.1040792e-06
-3.4551345e-06
-2.8347419e-06
-2.2796984e-06
-1.7890783e-06
-1.3457054e-06
-9.9690319e-07
-6.4169388e-07
-4.7409779e-07
-1.0597874e-07
-3.4289407e-07
4.8167966e-07
-7.3552965e-06
-5.1832839e-06
-4.8781261e-06
-4.0682861e-06
-3.4239629e-06
-2.8144452e-06
-2.2647934e-06
-1.7786e-06
-1.3386892e-06
-9.9170177e-07
-6.392046e-07
-4.7067261e-07
-1.0754284e-07
-3.3361519e-07
4.71172e-07
-7.337802e-06
-5.0841383e-06
-4.8097599e-06
-4.027919e-06
-3.3889424e-06
-2.791395e-06
-2.247964e-06
-1.7667434e-06
-1.3307626e-06
-9.8585525e-07
-6.3641635e-07
-4.6688301e-07
-1.0929482e-07
-3.2376941e-07
4.5843259e-07
-7.2973539e-06
-4.9817336e-06
-4.7323622e-06
-3.9825796e-06
-3.349899e-06
-2.7653873e-06
-2.2290866e-06
-1.7534144e-06
-1.3218642e-06
-9.7932656e-07
-6.3331151e-07
-4.6271999e-07
-1.1106645e-07
-3.1277903e-07
4.4349023e-07
-7.2293216e-06
-4.8767781e-06
-4.6456853e-06
-3.9317849e-06
-3.3066463e-06
-2.736198e-06
-2.2080217e-06
-1.7385079e-06
-1.3119246e-06
-9.7207409e-07
-6.2987002e-07
-4.5818316e-07
-1.1271508e-07
-3.007504e-07
4.2643799e-07
-7.1294954e-06
-4.7696174e-06
-4.5496237e-06
-3.8749678e-06
-3.2589789e-06
-2.7035819e-06
-2.1846115e-06
-1.7219056e-06
-1.3008641e-06
-9.6405039e-07
-6.2607e-07
-4.5327506e-07
-1.143893e-07
-2.8781197e-07
4.0724702e-07
-6.9944043e-06
-4.6601615e-06
-4.4442178e-06
-3.8114898e-06
-3.2066671e-06
-2.667274e-06
-2.1586768e-06
-1.7034734e-06
-1.2885909e-06
-9.5520069e-07
-6.2188491e-07
-4.4799185e-07
-1.1628027e-07
-2.7402302e-07
3.858663e-07
-6.821626e-06
-4.5478533e-06
-4.3296462e-06
-3.7406652e-06
-3.1494523e-06
-2.6269928e-06
-2.130016e-06
-1.6830603e-06
-1.2749993e-06
-9.4546146e-07
-6.1728143e-07
-4.4232643e-07
-1.184248e-07
-2.5944783e-07
3.6226228e-07
-6.6100458e-06
-4.431691e-06
-4.2062054e-06
-3.6617974e-06
-3.0870478e-06
-2.5824465e-06
-2.0984062e-06
-1.660497e-06
-1.2599679e-06
-9.3475911e-07
-6.1221766e-07
-4.3626859e-07
-1.2084746e-07
-2.4418072e-07
3.36426e-07
-6.3600029e-06
-4.3103155e-06
-4.0742779e-06
-3.5742248e-06
-3.0191446e-06
-2.5333433e-06
-2.0636067e-06
-1.6355971e-06
-1.2433599e-06
-9.2300923e-07
-6.0664177e-07
-4.2980425e-07
-1.2365693e-07
-2.2835102e-07
3.0837631e-07
-6.0732845e-06
-4.1821723e-06
-3.9342959e-06
-3.4773603e-06
-2.9454198e-06
-2.4793985e-06
-2.0253612e-06
-1.6081552e-06
-1.2250211e-06
-9.1011451e-07
-6.0049051e-07
-4.2291592e-07
-1.2706343e-07
-2.1217568e-07
2.7815163e-07
-5.7532584e-06
-4.0456517e-06
-3.7867251e-06
-3.3707087e-06
-2.8655251e-06
-2.4203283e-06
-1.9833871e-06
-1.5779329e-06
-1.2047675e-06
-8.9595728e-07
-5.9368159e-07
-4.1557562e-07
-1.307824e-07
-1.9595661e-07
2.4581312e-07
-5.4061653e-06
-3.8987211e-06
-3.6321457e-06
-3.253968e-06
-2.7790933e-06
-2.3558817e-06
-1.9373964e-06
-1.5446659e-06
-1.1823812e-06
-8.8040185e-07
-5.8608914e-07
-4.076831e-07
-1.3316958e-07
-1.7939885e-07
2.1164062e-07
-5.041068e-06
-3.7381909e-06
-3.4713381e-06
-3.127542e-06
-2.6860841e-06
-2.2861433e-06
-1.8873624e-06
-1.5082769e-06
-1.1577514e-06
-8.6337867e-07
-5.7755132e-07
-3.990041e-07
-1.3320309e-07
-1.6092661e-07
1.7665174e-07
-9.8943805e-06
-4.7560641e-06
-1.1241654e-06
1.118105e-06
2.3094496e-06
2.9846659e-06
3.321544e-06
3.3851318e-06
3.5607029e-06
-1.0333861e-06
1.2126306e-06
2.7337616e-06
3.6600303e-06
4.0083399e-06
4.1173562e-06
4.0789068e-06
3.9195016e-06
4.0407576e-06
5.4282889e-06
6.2213137e-06
6.3610523e-06
6.2010358e-06
5.7413097e-06
5.2615367e-06
4.8315674e-06
4.4394958e-06
4.5157496e-06
1.1510051e-05
1.1005887e-05
9.9257296e-06
8.7220673e-06
7.4546369e-06
6.3881584e-06
5.5704051e-06
4.9527974e-06
4.989975e-06
1.7514946e-05
1.5745815e-05
1.3459023e-05
1.1208868e-05
9.1318309e-06
7.4861796e-06
6.2876952e-06
5.4579917e-06
5.4544055e-06
2.3361619e-05
2.0374189e-05
1.6908678e-05
1.3626376e-05
1.0752667e-05
8.5436216e-06
6.9772424e-06
5.9558374e-06
5.8929232e-06
2.8968662e-05
2.4817448e-05
2.0219945e-05
1.5939505e-05
1.2297041e-05
9.5487792e-06
7.6337934e-06
6.4378904e-06
6.2807838e-06
3.4268334e-05
2.9015925e-05
2.3345361e-05
1.811651e-05
1.3746056e-05
1.0490823e-05
8.2508988e-06
6.8838624e-06
6.6341245e-06
3.9193089e-05
3.2913238e-05
2.624146e-05
2.0128447e-05
1.5082147e-05
1.1359025e-05
8.8169329e-06
7.2852982e-06
6.9705298e-06
4.367514e-05
3.6455287e-05
2.8868276e-05
2.1949078e-05
1.6289067e-05
1.2141857e-05
9.3176826e-06
7.6416026e-06
7.2852144e-06
4.7649811e-05
3.9591896e-05
3.1189778e-05
2.3554971e-05
1.7351925e-05
1.2828396e-05
9.7568654e-06
7.9605414e-06
7.5653739e-06
5.105825e-05
4.2278113e-05
3.3174268e-05
2.4925548e-05
1.8258105e-05
1.3413576e-05
1.0139848e-05
8.2374724e-06
7.7991646e-06
5.3849198e-05
4.4475188e-05
3.479481e-05
2.6043358e-05
1.8996755e-05
1.3890883e-05
1.0454071e-05
8.4594971e-06
7.9863965e-06
5.5980229e-05
4.6151247e-05
3.6029439e-05
2.6894153e-05
1.9558746e-05
1.4254088e-05
1.0692329e-05
8.6255204e-06
8.1284891e-06
5.7418152e-05
4.7281224e-05
3.6860721e-05
2.7466353e-05
1.9936449e-05
1.4498012e-05
1.0851415e-05
8.7382242e-06
8.223837e-06
5.8139582e-05
4.7847239e-05
3.7276e-05
2.7751258e-05
2.0123812e-05
1.4618408e-05
1.0929088e-05
8.7942946e-06
8.2706421e-06
-1.542575e-05
-1.7103501e-05
-1.6861794e-05
-1.5712489e-05
-1.4386495e-05
-1.3074351e-05
-1.180049e-05
-1.0586752e-05
-9.4436668e-06
-8.3893339e-06
-7.4219856e-06
-6.5688979e-06
-5.7345326e-06
-5.2097432e-06
-3.9637632e-06
-6.351548e-06
-9.0794492e-06
-1.0161064e-05
-1.0409892e-05
-1.0341956e-05
-1.0020751e-05
-9.4805456e-06
-8.7973019e-06
-8.0483071e-06
-7.2944354e-06
-6.5658564e-06
-5.8876211e-06
-5.2264921e-06
-4.7305533e-06
-3.7726408e-06
-3.0115047e-06
-5.6604385e-06
-6.8553346e-06
-7.2091163e-06
-7.3434743e-06
-7.3273707e-06
-7.1257715e-06
-6.7673635e-06
-6.3340943e-06
-5.8693875e-06
-5.392608e-06
-4.9225285e-06
-4.4591835e-06
-4.0388089e-06
-3.4313546e-06
-5.2806592e-07
-1.8869511e-06
-2.7166402e-06
-3.241424e-06
-3.6296453e-06
-3.8887995e-06
-4.032436e-06
-4.0557602e-06
-4.0064802e-06
-3.9129791e-06
-3.7532486e-06
-3.5525653e-06
-3.3246321e-06
-3.0799691e-06
-2.7973162e-06
1.1749116e-06
5.2989498e-07
-4.5118262e-08
-5.3999919e-07
-9.523008e-07
-1.2828036e-06
-1.5363942e-06
-1.7276997e-06
-1.8587459e-06
-1.9332592e-06
-1.9612175e-06
-1.955589e-06
-1.9283032e-06
-1.8853368e-06
-1.8280337e-06
2.2799741e-06
1.9872122e-06
1.6702317e-06
1.3635716e-06
1.0850368e-06
8.3226405e-07
6.0195956e-07
3.9358192e-07
2.0730162e-07
4.1774137e-08
-1.0441627e-07
-2.3207243e-07
-3.4147791e-07
-4.3498444e-07
-5.2327904e-07
2.8861736e-06
2.7506785e-06
2.5876733e-06
2.4176981e-06
2.2516604e-06
2.0885825e-06
1.9274536e-06
1.7689762e-06
1.6140305e-06
1.4632416e-06
1.3171518e-06
1.1762662e-06
1.0409732e-06
9.1170271e-07
7.8370776e-07
3.1046027e-06
3.0495021e-06
2.9708023e-06
2.8826507e-06
2.7935156e-06
2.7025075e-06
2.6083771e-06
2.511174e-06
2.4111607e-06
2.3084337e-06
2.2030406e-06
2.0950633e-06
1.984617e-06
1.8718728e-06
1.7552115e-06
3.3217315e-06
3.285502e-06
3.2341504e-06
3.1760552e-06
3.1153681e-06
3.0513126e-06
2.9830485e-06
2.9104166e-06
2.8333683e-06
2.7517932e-06
2.6655855e-06
2.5746805e-06
2.4790495e-06
2.3788312e-06
2.2762431e-06
-4.6919727e-06
-3.5913118e-06
-3.3249772e-06
-3.0099983e-06
-2.6003638e-06
-2.2214704e-06
-1.840859e-06
-1.4743328e-06
-1.1347161e-06
-8.4746212e-07
-5.6944124e-07
-3.9053919e-07
-1.3310087e-07
-1.4130394e-07
1.4696096e-07
-4.2279109e-06
-3.4444258e-06
-3.1483273e-06
-2.8662536e-06
-2.4964741e-06
-2.1412755e-06
-1.7825339e-06
-1.43131e-06
-1.1053609e-06
-8.269012e-07
-5.592394e-07
-3.7950449e-07
-1.356643e-07
-1.1576089e-07
1.1596254e-07
-3.5845979e-06
-3.1606144e-06
-2.8686122e-06
-2.6238982e-06
-2.3175383e-06
-2.0045768e-06
-1.681479e-06
-1.3557448e-06
-1.05319e-06
-7.9074911e-07
-5.4127496e-07
-3.6157455e-07
-1.405772e-07
-8.2122562e-08
7.3736437e-08
-2.7944269e-06
-2.6263608e-06
-2.4192683e-06
-2.2315948e-06
-2.015983e-06
-1.7781386e-06
-1.5070703e-06
-1.219499e-06
-9.5572386e-07
-7.2346917e-07
-5.0454861e-07
-3.309496e-07
-1.4103849e-07
-4.628266e-08
1.883732e-08
-1.7828664e-06
-1.7710702e-06
-1.7318478e-06
-1.6619556e-06
-1.5596296e-06
-1.4114421e-06
-1.1973272e-06
-9.6940021e-07
-7.7397798e-07
-5.9970291e-07
-4.3100834e-07
-2.7792324e-07
-1.2496086e-07
-8.4984551e-09
-3.695364e-08
-5.7071994e-07
-6.8464909e-07
-7.6766296e-07
-8.0393887e-07
-8.0148064e-07
-7.4760305e-07
-6.7089249e-07
-6.0475016e-07
-5.2960379e-07
-4.3706436e-07
-3.2056362e-07
-1.8942693e-07
-6.9132597e-08
3.3697896e-08
-5.3533785e-08
6.8854412e-07
5.4666553e-07
4.1165038e-07
2.9612184e-07
1.9165074e-07
1.0192185e-07
3.0107105e-08
-1.7264012e-08
-4.1217994e-08
-3.5025498e-08
-1.9928041e-09
2.1888225e-08
2.5739674e-08
1.6300149e-08
-4.7306438e-08
1.6532543e-06
1.5252047e-06
1.3932262e-06
1.2638889e-06
1.1323306e-06
9.9893194e-07
8.674247e-07
7.400775e-07
6.1645854e-07
4.9874338e-07
3.8990004e-07
2.8762873e-07
1.9685618e-07
1.2052791e-07
4.5903752e-08
2.1736958e-06
2.0614805e-06
1.952929e-06
1.8396258e-06
1.7148047e-06
1.5792897e-06
1.4352195e-06
1.283879e-06
1.1265093e-06
9.6475217e-07
8.0043455e-07
6.3464841e-07
4.6687099e-07
2.9162308e-07
1.2048739e-07
)
;

boundaryField
{
    inlet
    {
        type            zeroGradient;
    }
    outlet
    {
        type            fixedValue;
        value           uniform 0;
    }
    cylinder
    {
        type            zeroGradient;
    }
    frontAndBack
    {
        type            empty;
    }
}


// ************************************************************************* //
